

Water liq:
     x(mm)       Elastic      ExcitRot     ExcitVibr ExcitElectr DisNeutr    Ioniz    Attach     Auger
     1e-05   7.53502e+07   1.62268e+07   2.38026e+06     24518     99735    205566     17471      1715
     3e-05   8.82523e+07   1.87743e+07    2.7913e+06     27487    109357    220542     20268      1683
     5e-05   9.08444e+07   1.92809e+07    2.8724e+06     27961    112701    226933     20551      1708
     7e-05   9.30271e+07   1.97689e+07   2.94332e+06     28799    114956    232919     21060      1785
     9e-05   9.57441e+07   2.03067e+07   3.02813e+06     29832    118649    238809     21552      1836
   0.00011   9.82159e+07   2.08267e+07   3.10502e+06     30649    121999    245413     22078      1922
   0.00013   1.01169e+08   2.14662e+07    3.2005e+06     31231    125269    251891     22810      1962
   0.00015   1.04568e+08    2.2192e+07   3.30205e+06     32231    129991    260985     23728      2004
   0.00017   1.06862e+08    2.2676e+07     3.382e+06     33248    132523    266634     24305      2042
   0.00019   1.11009e+08   2.36071e+07   3.51402e+06     34163    138359    277028     25263      2158
   0.00021   1.14783e+08   2.43404e+07   3.62785e+06     35615    143194    287145     25993      2157
   0.00023   1.19338e+08   2.53425e+07   3.77445e+06     36888    148460    297784     27217      2209
   0.00025   1.23374e+08   2.61794e+07   3.90895e+06     38024    153379    308245     28170      2294
   0.00027   1.27963e+08   2.71643e+07   4.04783e+06     39831    160283    319410     28823      2403
   0.00029    1.3365e+08   2.84173e+07   4.23102e+06     41704    168096    333588     30354      2496
   0.00031    1.4023e+08   2.97883e+07   4.43398e+06     43513    175442    349134     31714      2730
   0.00033   1.45751e+08   3.09615e+07    4.6144e+06     45641    184463    363330     33040      2796
   0.00035   1.51516e+08   3.21471e+07   4.79077e+06     47440    192209    378151     34411      2796
   0.00037   1.58724e+08   3.36984e+07   5.01745e+06     49814    200637    395829     36057      3019
   0.00039   1.64345e+08   3.48693e+07   5.19466e+06     51543    208423    409844     37001      2989
   0.00041   1.71176e+08   3.63281e+07    5.4151e+06     54277    219515    426525     39214      3194
   0.00043   1.78421e+08   3.79141e+07   5.64562e+06     56751    227793    444996     40652      3305
   0.00045   1.83917e+08   3.90193e+07   5.81585e+06     58049    236331    458515     41770      3335
   0.00047   1.91384e+08   4.06188e+07    6.0526e+06     60331    246916    476242     43102      3554
   0.00049   1.95586e+08   4.15362e+07   6.18336e+06     61843    252716    487130     44228      3486
   0.00051   1.99786e+08   4.24546e+07   6.32034e+06     63484    258068    496758     45178      3601
   0.00053   2.03886e+08   4.32657e+07   6.44539e+06     64721    264078    506875     45964      3583
   0.00055   2.06137e+08   4.37979e+07   6.52523e+06     66041    267460    513665     46827      3635
   0.00057   2.07662e+08   4.40696e+07    6.5675e+06     66156    269308    516112     46673      3634
   0.00059   2.06907e+08   4.40034e+07   6.55016e+06     66333    268973    514687     47232      3585
   0.00061    2.0563e+08   4.36795e+07   6.50172e+06     66081    269612    512355     47071      3641
   0.00063   2.02258e+08   4.29929e+07   6.40278e+06     65353    263589    503070     46315      3393
   0.00065   1.98133e+08   4.21207e+07   6.26932e+06     63521    257381    492318     44869      3301
   0.00067   1.93195e+08   4.11029e+07   6.11248e+06     62448    251013    479530     43992      3235
   0.00069   1.87836e+08   3.98956e+07   5.93744e+06     60912    244895    466155     43091      3196
   0.00071   1.78649e+08   3.79345e+07    5.6532e+06     57782    232476    442778     40505      2841
   0.00073   1.69791e+08   3.60351e+07   5.37067e+06     55011    221338    421188     38110      2758
   0.00075   1.60378e+08   3.40825e+07   5.07526e+06     52314    208550    397343     36337      2506
   0.00077    1.4934e+08   3.17278e+07   4.72148e+06     48673    194476    370295     33654      2383
   0.00079   1.38521e+08   2.94146e+07   4.38137e+06     45420    180369    343472     31405      2202
   0.00081   1.28378e+08   2.72802e+07   4.06018e+06     41982    167160    317433     28964      2027
   0.00083   1.15418e+08   2.44947e+07   3.65042e+06     37882    150461    285712     26102      1764
   0.00085    1.0397e+08   2.20577e+07   3.28679e+06     34334    135973    256963     23788      1574
   0.00087   9.37944e+07   1.99441e+07   2.96478e+06     30923    122839    232663     21612      1432
   0.00089   8.32395e+07    1.7663e+07   2.62858e+06     27373    108108    205135     18833      1246
   0.00091   7.17048e+07   1.52533e+07    2.2672e+06     24177     93521    177106     16306      1013
   0.00093   6.17663e+07   1.31218e+07   1.95224e+06     20360     80449    152065     14026       884
   0.00095   5.32091e+07   1.13128e+07   1.68459e+06     17753     68879    131261     12168       803
   0.00097   4.51215e+07   9.55674e+06   1.42367e+06     14980     58916    111265     10197       628
   0.00099   3.65551e+07   7.77563e+06   1.15607e+06     12325     48307     90862      8499       479
   0.00101   3.05093e+07   6.49597e+06        965463     10072     39406     75287      6967       384
   0.00103   2.54108e+07   5.42113e+06        806716      8451     33146     62779      5835       339
   0.00105   2.00135e+07   4.24451e+06        632363      6639     25853     49149      4505       241
   0.00107   1.57907e+07   3.35333e+06        499926      5297     20644     38876      3550       198
   0.00109   1.26647e+07   2.68937e+06        400526      4245     16483     31359      2779       169
   0.00111   9.69643e+06   2.05473e+06        306186      3246     12455     23759      2182       126
   0.00113   7.66514e+06   1.63908e+06        243255      2666      9768     18931      1772        87
   0.00115   5.64183e+06   1.19791e+06        178157      1893      7208     13756      1219        64
   0.00117   4.11848e+06        872696        130494      1395      5274      9978       924        52
   0.00119   3.20024e+06        676997        101409      1073      4080      7791       670        42
   0.00121   2.47617e+06        529800         78747       894      3252      6119       606        25
   0.00123   1.61072e+06        345870         50751       482      2017      3923       381        19
   0.00125    1.0367e+06        221127         32593       331      1393      2515       237        16
   0.00127        776642        167287         24617       269      1043      1906       189        13
   0.00129        558477        119046         17995       180       719      1381       138         3
   0.00131        330230         70693         10515       129       424       820        72         3
   0.00133        212363         44070          6795        69       303       520        44         3
   0.00135        130602         27569          4054        45       179       308        40         2
   0.00137         78397         16474          2420        25       120       201        16         0
   0.00139         57243         12210          1879        25       100       146         8         0
   0.00141         35020          7659          1117        18        45        98         6         0
   0.00143         13053          2327           382         4        26        30         1         0
   0.00145          9352          1988           287         2        11        20         3         0
   0.00147           350           105            16         1         6         4         1         0
   0.00149          2304           467            72         2         1         4         0         0
   0.00151         13164          2792           414         1        10        32         3         0
   0.00153          8429          1614           251         2         4        12         1         0
   0.00155          4427          1180           144         5         6        16         1         0
   0.00157             0             0             0         0         0         0         0         0
   0.00159             0             0             0         0         0         0         0         0
   0.00161             0             0             0         0         0         0         0         0
   0.00163             0             0             0         0         0         0         0         0
   0.00165             0             0             0         0         0         0         0         0
   0.00167             0             0             0         0         0         0         0         0
   0.00169             0             0             0         0         0         0         0         0
   0.00171             0             0             0         0         0         0         0         0
   0.00173             0             0             0         0         0         0         0         0
   0.00175             0             0             0         0         0         0         0         0
   0.00177             0             0             0         0         0         0         0         0
   0.00179             0             0             0         0         0         0         0         0
   0.00181             0             0             0         0         0         0         0         0
   0.00183             0             0             0         0         0         0         0         0
   0.00185             0             0             0         0         0         0         0         0
   0.00187             0             0             0         0         0         0         0         0
   0.00189             0             0             0         0         0         0         0         0
   0.00191             0             0             0         0         0         0         0         0
   0.00193             0             0             0         0         0         0         0         0
   0.00195             0             0             0         0         0         0         0         0
   0.00197             0             0             0         0         0         0         0         0
   0.00199             0             0             0         0         0         0         0         0
   0.00201             0             0             0         0         0         0         0         0


Water gas:
     x(mm)       Elastic      ExcitRot     ExcitVibr ExcitElectr DisNeutr    Ioniz    Attach     Auger
       0.1   5.11773e+07   1.10768e+07   1.61611e+06     17092     69912    145140     11985      1262
       0.3   6.32746e+07   1.34594e+07   2.00164e+06     19592     78336    158467     14462      1179
       0.5   6.43062e+07    1.3684e+07   2.03185e+06     19962     79847    160264     14685      1270
       0.7   6.56786e+07   1.39371e+07   2.07817e+06     20278     81328    164242     14845      1191
       0.9   6.66271e+07   1.41644e+07   2.10871e+06     20603     82585    166758     15159      1286
       1.1   6.84201e+07   1.45334e+07   2.16493e+06     21192     84408    171234     15482      1328
       1.3   6.93312e+07   1.46856e+07   2.19128e+06     21656     86011    172791     15535      1302
       1.5   7.08745e+07   1.50227e+07   2.23959e+06     22113     88001    176941     15952      1394
       1.7   7.24755e+07    1.5379e+07   2.29127e+06     22328     89864    180530     16473      1409
       1.9   7.38494e+07   1.56629e+07   2.33592e+06     22735     91613    184420     16480      1420
       2.1   7.57542e+07   1.60877e+07   2.39265e+06     23506     93890    188716     17292      1459
       2.3   7.68849e+07   1.63058e+07   2.43325e+06     23802     95469    192077     17284      1510
       2.5   7.86562e+07   1.67144e+07   2.49006e+06     24354     97719    196345     18047      1493
       2.7   8.10764e+07   1.72456e+07   2.56515e+06     25014    101354    202460     18399      1563
       2.9   8.28898e+07    1.7581e+07   2.62085e+06     25676    103389    207193     18799      1516
       3.1   8.50217e+07   1.80272e+07   2.68555e+06     26579    105653    212362     19405      1640
       3.3   8.75444e+07   1.85889e+07   2.77234e+06     26850    108802    217977     19956      1642
       3.5   8.96435e+07   1.90332e+07   2.84109e+06     27618    111576    224191     20420      1626
       3.7   9.15295e+07   1.94393e+07   2.89533e+06     28534    114934    228677     20782      1725
       3.9   9.56553e+07   2.03274e+07     3.026e+06     29838    120043    238612     21318      1803
       4.1    9.7563e+07   2.07281e+07   3.08959e+06     30367    122308    243423     22363      1847
       4.3   1.01641e+08   2.15859e+07   3.21202e+06     31449    127056    252546     22938      1950
       4.5   1.04014e+08   2.21069e+07   3.29544e+06     32503    131634    260458     23683      2003
       4.7   1.07985e+08   2.29326e+07    3.4159e+06     33994    137388    269037     24534      2049
       4.9   1.10071e+08   2.33377e+07   3.47859e+06     34394    138843    274404     24915      2023
       5.1   1.14396e+08   2.42815e+07   3.61608e+06     35969    144801    284945     25939      2194
       5.3   1.16963e+08   2.48247e+07   3.69651e+06     36651    148340    292056     26399      2127
       5.5   1.21166e+08    2.5726e+07   3.83373e+06     38096    153851    302027     27461      2235
       5.7   1.23855e+08   2.62762e+07   3.91755e+06     39192    159103    308729     28327      2303
       5.9   1.28158e+08   2.72236e+07   4.05603e+06     40785    163517    319395     29160      2429
       6.1   1.30988e+08   2.78282e+07    4.1411e+06     41286    167473    326720     29832      2317
       6.3   1.34355e+08   2.85057e+07   4.24788e+06     42600    173068    334921     30574      2465
       6.5   1.38126e+08    2.9287e+07   4.36857e+06     43443    178234    343123     30909      2561
       6.7     1.411e+08    3.0002e+07   4.46314e+06     44715    181978    351828     32020      2570
       6.9   1.41647e+08   3.00352e+07   4.47633e+06     44910    182996    351573     31877      2525
       7.1   1.45383e+08   3.09257e+07   4.60121e+06     46157    188106    362264     33062      2616
       7.3   1.47023e+08   3.11903e+07   4.64642e+06     46675    190678    366039     33141      2669
       7.5   1.48428e+08   3.15363e+07   4.69815e+06     47550    192582    369888     33652      2589
       7.7   1.49678e+08   3.17881e+07    4.7355e+06     47675    193730    372171     33963      2554
       7.9    1.4995e+08   3.18168e+07   4.74349e+06     47750    194506    372653     33611      2644
       8.1   1.50036e+08   3.19073e+07   4.74754e+06     48044    195244    373187     34133      2597
       8.3    1.4831e+08   3.15166e+07   4.69335e+06     47556    193101    368816     33962      2558
       8.5   1.48756e+08    3.1609e+07   4.70361e+06     47953    195542    371318     34054      2697
       8.7   1.46552e+08   3.11576e+07   4.63978e+06     47303    190923    364272     33702      2447
       8.9   1.44529e+08   3.07067e+07   4.57461e+06     46614    187395    358721     32465      2441
       9.1   1.41345e+08   3.00681e+07   4.47072e+06     45222    183549    350983     32243      2316
       9.3   1.39327e+08   2.96382e+07   4.40878e+06     45074    181390    346228     31775      2318
       9.5    1.3683e+08    2.9062e+07   4.32675e+06     44478    178556    339175     31107      2300
       9.7   1.32302e+08    2.8124e+07   4.18587e+06     42923    172328    328996     30321      2186
       9.9    1.2705e+08   2.69424e+07   4.01602e+06     40970    165174    314506     28660      2044
      10.1   1.22735e+08   2.60507e+07   3.88262e+06     39727    159971    304307     27694      1991
      10.3   1.18492e+08   2.51761e+07   3.74862e+06     38708    154132    293277     26665      1861
      10.5   1.11978e+08   2.37839e+07   3.54432e+06     36548    145901    277865     25460      1803
      10.7   1.06635e+08   2.26639e+07   3.37091e+06     34714    138674    264407     24040      1670
      10.9    1.0071e+08   2.13883e+07   3.18474e+06     32984    131271    249612     22926      1599
      11.1   9.60409e+07    2.0411e+07   3.03725e+06     31280    124732    237280     21694      1510
      11.3   8.99739e+07   1.91166e+07    2.8468e+06     29621    117551    223363     20269      1420
      11.5   8.28059e+07   1.75708e+07    2.6193e+06     27187    107783    204638     18678      1267
      11.7   7.68515e+07   1.63035e+07    2.4298e+06     25459    100598    190016     17592      1183
      11.9   7.15134e+07   1.51752e+07    2.2614e+06     23491     93260    177275     16335      1114
      12.1   6.60256e+07    1.4045e+07    2.0857e+06     21694     86621    163603     15204       968
      12.3   6.07508e+07   1.28944e+07   1.91903e+06     20161     78819    149907     13748       928
      12.5   5.43792e+07   1.15594e+07   1.71919e+06     18062     70633    133861     12342       773
      12.7     4.882e+07   1.03746e+07   1.54315e+06     16294     64006    120708     11032       665
      12.9   4.40603e+07   9.35885e+06   1.39165e+06     14552     57419    108422     10111       643
      13.1   3.91266e+07   8.32254e+06   1.23966e+06     13111     50773     96499      8992       583
      13.3   3.54501e+07   7.51043e+06   1.11906e+06     11783     45905     87284      7936       534
      13.5   3.09522e+07   6.57292e+06        977312     10244     40359     76529      7071       409
      13.7   2.62805e+07   5.57929e+06        831035      8845     34721     65202      6071       354
      13.9    2.3227e+07   4.95531e+06        734854      7652     30375     57705      5464       289
      14.1   2.03636e+07   4.34117e+06        645977      6947     26382     50325      4544       263
      14.3     1.772e+07   3.77303e+06        561793      5798     23066     43558      4130       237
      14.5   1.47997e+07   3.13901e+06        467366      4950     19149     36497      3267       174
      14.7   1.23916e+07   2.63232e+06        392440      4113     16087     30420      2810       152
      14.9   1.06918e+07   2.26952e+06        338012      3627     14039     26343      2394       141
      15.1   8.98057e+06   1.90596e+06        284244      2980     11574     22043      1989       119
      15.3   7.39345e+06   1.56498e+06        233276      2430      9601     18159      1627        91
      15.5   6.28802e+06   1.34143e+06        199098      2144      7959     15567      1454        81
      15.7   5.15087e+06   1.09948e+06        163333      1810      6559     12676      1174        56
      15.9   4.18733e+06        888845        132355      1389      5368     10206       903        46
      16.1   3.17056e+06        670442        100508      1065      3974      7768       703        50
      16.3   2.73674e+06        580514         86384       929      3535      6558       591        29
      16.5   2.23376e+06        474400         71050       757      2901      5475       482        29
      16.7   1.91128e+06        410606         60802       729      2501      4728       476        19
      16.9   1.43562e+06        305186         45328       441      1826      3560       355        16
      17.1        983061        211470         30963       283      1273      2346       216        13
      17.3        726311        155602         22878       228       968      1768       159        11
      17.5        615931        132165         19504       219       798      1496       148         7
      17.7        502144        106862         16037       159       708      1228       129         8
      17.9        366041         78921         11794       127       460       927        92         2
      18.1        247184         52613          7837        96       307       609        50         2
      18.3        173688         36884          5598        63       249       438        40         2
      18.5        137038         27954          4339        42       193       336        37         2
      18.7         89122         19057          2763        30       125       212        23         2
      18.9         64724         13766          1959        22        99       160        13         0
      19.1         54144         11526          1805        25        83       135         8         0
      19.3         28899          6182           928         8        53        79         4         0
      19.5         28693          6045           879        18        34        76         6         0
      19.7          8886          1649           289         1        16        19         1         0
      19.9          9525          1826           281         4        18        18         0         0
      20.1          6309          1369           188         1         7        17         3         0
      20.3           131            51             6         1         4         2         1         0
      20.5           516           123            18         1         2         4         0         0
      20.7          4791           815           149         1         2         7         0         0
      20.9          8675          2028           281         1         6        20         3         0
      21.1          6127          1206           177         1         6        16         1         0
      21.3          8400          1935           264         6         7        19         1         0
      21.5            36             0             2         0         0         0         0         0
      21.7             0             0             0         0         0         0         0         0
      21.9             0             0             0         0         0         0         0         0
      22.1             0             0             0         0         0         0         0         0


Pyrimidine liq:
     x(mm)       Elastic      ExcitRot     ExcitVibr ExcitElectr DisNeutr    Ioniz    Attach     Auger
     1e-05   1.56213e+07   3.29317e+07        754062     85198     48675    202939      1487         1
     3e-05   1.73292e+07   3.67633e+07        840034     90850     49423    209591      1624         1
     5e-05   1.74365e+07   3.69472e+07        842414     91035     49861    210367      1609         4
     7e-05    1.7666e+07   3.75089e+07        855077     92605     51143    214475      1622         1
     9e-05   1.78021e+07   3.77509e+07        861543     93604     51828    215668      1718         1
   0.00011     1.806e+07   3.83556e+07        874634     94495     52688    218745      1670         2
   0.00013   1.83543e+07   3.89069e+07        888858     96588     53251    222383      1737         3
   0.00015   1.86175e+07   3.95136e+07        901761     97201     53653    225106      1749         1
   0.00017   1.90253e+07    4.0376e+07        921219     99956     54803    230432      1805         6
   0.00019   1.91228e+07   4.06037e+07        925852    101452     55446    232340      1782         4
   0.00021   1.96654e+07   4.17505e+07        951822    103248     57109    238699      1832         1
   0.00023   1.99404e+07   4.23249e+07        965895    104866     57324    241625      1787         3
   0.00025   2.03592e+07   4.31773e+07        984621    106939     59030    246820      1985         4
   0.00027   2.07037e+07   4.39371e+07   1.00266e+06    109222     59726    250728      1975         3
   0.00029   2.12903e+07   4.51841e+07   1.03373e+06    111907     61472    258355      1968         2
   0.00031   2.15166e+07   4.56668e+07   1.04226e+06    112634     62575    260207      2056         3
   0.00033   2.20924e+07   4.68235e+07   1.06908e+06    116035     64254    267900      2123         8
   0.00035   2.26464e+07   4.79913e+07   1.09872e+06    118624     65301    273308      2144         2
   0.00037   2.28873e+07   4.86059e+07   1.10736e+06    120757     66603    277768      2203         6
   0.00039    2.3405e+07   4.95821e+07   1.13252e+06    122437     68881    283552      2230         8
   0.00041   2.38259e+07   5.05477e+07   1.15336e+06    125865     69973    289320      2219         7
   0.00043   2.46589e+07   5.23079e+07   1.19425e+06    129002     72297    297242      2284         0
   0.00045   2.52688e+07   5.36282e+07   1.22476e+06    133492     74202    306463      2383         5
   0.00047   2.59402e+07   5.50002e+07   1.25754e+06    136005     76128    313735      2462         1
   0.00049   2.65722e+07   5.63465e+07   1.28886e+06    139785     78588    321102      2518         6
   0.00051   2.73982e+07   5.81131e+07   1.32502e+06    144413     80850    332047      2669         2
   0.00053   2.82556e+07   5.99086e+07   1.36927e+06    148935     83870    341805      2746         5
   0.00055   2.90113e+07   6.15527e+07   1.40596e+06    152203     85686    350445      2788         6
   0.00057   2.97496e+07   6.31147e+07   1.43791e+06    156599     88523    360382      2915         4
   0.00059   3.05965e+07    6.4921e+07   1.48321e+06    161532     90574    370813      2861         3
   0.00061   3.13135e+07   6.64437e+07   1.51753e+06    164778     92853    378230      2840         9
   0.00063   3.25328e+07   6.90306e+07   1.56949e+06    172942     97015    394935      3113         2
   0.00065   3.34435e+07   7.09324e+07   1.62135e+06    177147     99525    404710      3148         1
   0.00067   3.44152e+07   7.30119e+07    1.6658e+06    181457    102222    416521      3219         7
   0.00069   3.55238e+07   7.53567e+07   1.72082e+06    187530    106139    429717      3302         4
   0.00071   3.68961e+07   7.82273e+07   1.78602e+06    194414    108841    445887      3525         3
   0.00073   3.79481e+07   8.04913e+07   1.83626e+06    200460    113406    458708      3671         6
   0.00075    3.9161e+07   8.30923e+07   1.89793e+06    207102    116673    474390      3672         8
   0.00077   4.00642e+07   8.49425e+07   1.94086e+06    211808    119188    483446      3681         6
   0.00079   4.12131e+07   8.74694e+07   1.99318e+06    218050    122658    498514      3843         6
   0.00081   4.22418e+07   8.96855e+07   2.04626e+06    223544    126395    510385      4047         9
   0.00083   4.34291e+07   9.21856e+07   2.10121e+06    230722    130052    525137      4001        10
   0.00085   4.45087e+07   9.43886e+07   2.15534e+06    235050    133615    537242      4200         7
   0.00087   4.53332e+07   9.61785e+07   2.19463e+06    239543    136305    546423      4159         3
   0.00089   4.63193e+07   9.81914e+07   2.24203e+06    245589    138992    558613      4500         6
   0.00091   4.68352e+07   9.93338e+07   2.26841e+06    248126    141727    564233      4442         8
   0.00093   4.74584e+07   1.00524e+08   2.29885e+06    253170    142307    571205      4448         9
   0.00095   4.79068e+07   1.01728e+08    2.3212e+06    255892    145893    578746      4527         9
   0.00097   4.79449e+07   1.01664e+08   2.31889e+06    255551    146070    577912      4512        12
   0.00099   4.81442e+07   1.02094e+08   2.33345e+06    256708    146837    580201      4548         9
   0.00101   4.76111e+07   1.01003e+08    2.3035e+06    254428    144568    574087      4575         8
   0.00103   4.68557e+07   9.93526e+07   2.26899e+06    251197    142646    562866      4563         4
   0.00105   4.49681e+07   9.53874e+07   2.17486e+06    241505    137437    541035      4163         8
   0.00107   4.32792e+07    9.1748e+07   2.09316e+06    231208    132627    520618      3956        11
   0.00109   4.14214e+07   8.78189e+07   2.00359e+06    222572    126401    497442      3764         5
   0.00111   3.88433e+07   8.24139e+07   1.87972e+06    209275    119489    466151      3659         4
   0.00113    3.5943e+07   7.61933e+07   1.73876e+06    193219    110404    431375      3419         3
   0.00115   3.26123e+07    6.9151e+07   1.57879e+06    175730    100786    390998      3048         3
   0.00117   2.96068e+07   6.28661e+07   1.43385e+06    159863     91015    355773      2837         3
   0.00119   2.62182e+07   5.56082e+07   1.26971e+06    141243     81035    313504      2466         2
   0.00121   2.29995e+07   4.88113e+07   1.11405e+06    124032     70769    275644      2245         4
   0.00123   1.96152e+07   4.15741e+07        951022    105565     60122    234280      1895         4
   0.00125   1.63551e+07    3.4705e+07        790426     88363     50362    195396      1510         1
   0.00127   1.37116e+07   2.90621e+07        663947     74052     42317    163672      1329         2
   0.00129   1.11207e+07   2.35896e+07        538028     60232     34375    132606      1066         2
   0.00131   9.05925e+06   1.91763e+07        437600     48805     27455    107793       850         2
   0.00133   7.04835e+06   1.49413e+07        340392     38212     21873     83687       632         1
   0.00135    5.4991e+06   1.16687e+07        265238     30029     16968     65548       522         2
   0.00137   4.14541e+06   8.81228e+06        201026     22289     12491     49343       408         0
   0.00139   3.11048e+06   6.56711e+06        149919     16829      9553     36908       314         0
   0.00141   2.21716e+06   4.69646e+06        107598     11844      6795     26318       204         0
   0.00143   1.64622e+06   3.48734e+06         79526      9108      4987     19713       160         0
   0.00145    1.1564e+06   2.46781e+06         55915      6279      3504     13775       109         0
   0.00147        783643   1.67083e+06         37876      4229      2371      9349        85         0
   0.00149        532712   1.13875e+06         25826      2915      1609      6374        38         0
   0.00151        374141        796416         18293      1995      1145      4441        31         0
   0.00153        259878        547410         12734      1426       790      3036        23         0
   0.00155        152074        321232          7338       796       488      1774        19         0
   0.00157        108597        230810          5345       622       354      1275         9         0
   0.00159         58989        123405          2857       310       159       685         4         0
   0.00161         34446         73018          1714       193        91       399         5         0
   0.00163         24916         52966          1225       115        69       284         1         0
   0.00165          5868         12548           303        41        20        79         0         0
   0.00167          8311         18290           374        52        29       102         0         0
   0.00169          7732         16700           340        48        25        92         0         0
   0.00171          2155          5089            99        14         8        36         2         0
   0.00173             0             0             0         0         0         0         0         0
   0.00175             0             0             0         0         0         0         0         0
   0.00177             0             0             0         0         0         0         0         0
   0.00179             0             0             0         0         0         0         0         0
   0.00181             0             0             0         0         0         0         0         0
   0.00183             0             0             0         0         0         0         0         0
   0.00185             0             0             0         0         0         0         0         0
   0.00187             0             0             0         0         0         0         0         0
   0.00189             0             0             0         0         0         0         0         0
   0.00191             0             0             0         0         0         0         0         0
   0.00193             0             0             0         0         0         0         0         0
   0.00195             0             0             0         0         0         0         0         0
   0.00197             0             0             0         0         0         0         0         0
   0.00199             0             0             0         0         0         0         0         0
   0.00201             0             0             0         0         0         0         0         0


Pyrimidine gas:
     x(mm)       Elastic      ExcitRot     ExcitVibr ExcitElectr DisNeutr    Ioniz    Attach     Auger
       0.1   1.09637e+07    2.3034e+07        527165     60812     35292    146503      1021         1
       0.3   1.25079e+07   2.65458e+07        607340     65517     35728    151396      1210         0
       0.5   1.26293e+07   2.67997e+07        611351     66301     36101    152678      1172         3
       0.7   1.26826e+07    2.6858e+07        612799     66217     36220    153214      1180         2
       0.9   1.27994e+07   2.71845e+07        620206     66721     36969    155041      1144         0
       1.1   1.28976e+07   2.73428e+07        623751     67943     37606    156441      1221         1
       1.3   1.29839e+07   2.75538e+07        628276     68258     37744    157159      1274         1
       1.5   1.31322e+07   2.79034e+07        636759     68669     38223    158988      1210         1
       1.7    1.3274e+07   2.81277e+07        643361     69620     38473    160698      1242         3
       1.9   1.33773e+07   2.83799e+07        647056     70067     38988    162241      1256         2
       2.1   1.35958e+07   2.88568e+07        658219     71212     39036    164383      1284         0
       2.3   1.38035e+07   2.92943e+07        667747     72606     39828    167241      1271         4
       2.5   1.38641e+07   2.94134e+07        671615     73408     40008    168129      1320         3
       2.7   1.40147e+07   2.97622e+07        679212     73859     40800    170428      1335         3
       2.9   1.42952e+07   3.03523e+07        691458     75314     41519    173632      1321         1
       3.1   1.45009e+07   3.07742e+07        701753     76004     41356    175449      1320         1
       3.3   1.45238e+07   3.08493e+07        703665     76415     42295    176403      1356         2
       3.5   1.49634e+07   3.17271e+07        723316     78610     43208    181008      1445         5
       3.7   1.50145e+07   3.18469e+07        727055     79175     43471    181847      1440         2
       3.9   1.54003e+07   3.26616e+07        747752     80887     44172    186479      1418         2
       4.1   1.55064e+07    3.2947e+07        752027     81648     44970    188182      1448         0
       4.3   1.56808e+07    3.3275e+07        759852     82011     45714    189735      1508         3
       4.5   1.59819e+07   3.38982e+07        773220     83812     46373    193696      1503         5
       4.7    1.6316e+07   3.45424e+07        790311     85703     47219    197162      1574         4
       4.9   1.65851e+07   3.51445e+07        804943     87072     47935    200748      1602         1
       5.1   1.66136e+07   3.52977e+07        803606     87592     48461    201527      1591         6
       5.3   1.69751e+07   3.59805e+07        821923     88685     49537    205427      1633         5
       5.5   1.70966e+07    3.6251e+07        826789     90328     50543    207474      1598         4
       5.7   1.74625e+07   3.70629e+07        845624     92121     51263    211895      1627         6
       5.9   1.79238e+07   3.80263e+07        866981     93581     52641    216495      1681         0
       6.1   1.82066e+07   3.86055e+07        883735     95952     53449    220113      1680         2
       6.3   1.85377e+07   3.93373e+07        898944     97813     54339    224665      1756         3
       6.5   1.89488e+07   4.01747e+07        917616     99148     55609    229150      1796         1
       6.7   1.92296e+07    4.0781e+07        932820    100920     56853    232296      1843         3
       6.9    1.9685e+07   4.17547e+07        953547    104015     58504    238425      1883         4
       7.1   2.00749e+07   4.25636e+07        969987    105686     59065    243177      1977         1
       7.3   2.05924e+07   4.36772e+07        998444    108853     60947    248975      1981         2
       7.5   2.09226e+07   4.44096e+07   1.01449e+06    109386     62130    252804      2022         7
       7.7   2.14484e+07   4.54516e+07   1.03784e+06    112727     63021    259623      2036         5
       7.9    2.1721e+07   4.60976e+07   1.05033e+06    114458     65002    263451      2137         2
       8.1   2.22399e+07   4.71964e+07   1.07864e+06    117407     65510    269290      2111         1
       8.3   2.26087e+07   4.79647e+07   1.09466e+06    118925     67307    273508      2047         8
       8.5   2.30828e+07   4.89693e+07   1.11747e+06    122333     68424    279086      2143         3
       8.7   2.37056e+07   5.03131e+07   1.14345e+06    125831     70860    287646      2250         1
       8.9   2.41786e+07   5.12733e+07   1.17293e+06    128313     71972    292517      2276         1
       9.1   2.47001e+07   5.24232e+07   1.19634e+06    130084     73085    298628      2337         2
       9.3   2.53552e+07   5.37537e+07   1.22611e+06    133798     75636    306826      2354         5
       9.5   2.57897e+07   5.47326e+07   1.24944e+06    136435     77247    312458      2411         4
       9.7   2.66444e+07   5.64752e+07   1.29011e+06    140353     78771    322014      2532         1
       9.9   2.71594e+07   5.75995e+07   1.31423e+06    143346     80623    328546      2593         5
      10.1   2.77881e+07   5.89666e+07   1.34532e+06    146789     82847    336022      2707         7
      10.3   2.84489e+07   6.03349e+07   1.37827e+06    150326     85003    344715      2668         4
      10.5   2.88943e+07   6.12934e+07   1.40025e+06    152711     85545    349023      2653         6
      10.7   2.94618e+07   6.24967e+07   1.42698e+06    155485     88064    355932      2789         0
      10.9   3.00759e+07   6.38137e+07   1.45409e+06    159427     89366    363269      2731         6
      11.1   3.06131e+07   6.49669e+07   1.48138e+06    162071     91348    370207      2973         9
      11.3   3.12472e+07    6.6403e+07   1.51456e+06    165772     93910    377959      2907         5
      11.5   3.17791e+07   6.73773e+07   1.53786e+06    168128     94838    383355      2974         5
      11.7   3.23606e+07   6.86564e+07   1.56674e+06    171260     97211    390550      2998         6
      11.9    3.2833e+07   6.96337e+07   1.58939e+06    173406     99049    395789      3067         3
      12.1   3.33186e+07   7.06788e+07   1.61298e+06    176229     99818    401684      3112         4
      12.3   3.38104e+07   7.16944e+07   1.63606e+06    179472    101569    408110      3255         3
      12.5   3.39885e+07   7.20796e+07   1.64631e+06    180215    103047    409417      3248         6
      12.7   3.44508e+07   7.29544e+07   1.66951e+06    183060    103364    414916      3270         5
      12.9   3.45894e+07   7.33544e+07   1.67452e+06    184652    104264    417018      3192         9
      13.1   3.48609e+07   7.40434e+07   1.68951e+06    186305    106310    420818      3303         6
      13.3   3.49931e+07   7.42059e+07   1.69233e+06    186641    106525    421821      3266         7
      13.5   3.47992e+07   7.38197e+07   1.68592e+06    185672    106267    419548      3319         9
      13.7   3.49741e+07   7.41483e+07   1.69495e+06    186109    106373    421362      3378         6
      13.9     3.462e+07   7.34197e+07   1.67391e+06    185356    105088    417258      3296         6
      14.1   3.42466e+07   7.26201e+07   1.65964e+06    183120    104413    411780      3304         2
      14.3   3.34419e+07   7.09306e+07   1.61774e+06    180139    101751    401639      3228         6
      14.5    3.2434e+07   6.87941e+07   1.56728e+06    173793     99188    390905      2941         6
      14.7   3.15995e+07   6.70345e+07   1.53014e+06    168741     96832    379547      2909        10
      14.9   3.05583e+07   6.48157e+07   1.47718e+06    163841     93309    366972      2737         1
      15.1   2.94232e+07   6.23483e+07   1.42235e+06    158727     90211    354352      2748         4
      15.3   2.80256e+07   5.94362e+07   1.35738e+06    150519     86211    335726      2626         4
      15.5   2.65449e+07   5.62986e+07   1.28327e+06    142672     81670    318437      2507         3
      15.7   2.46632e+07   5.22577e+07   1.19398e+06    132644     76154    295350      2332         1
      15.9   2.30261e+07   4.88631e+07   1.11586e+06    124205     70772    276451      2155         3
      16.1   2.14682e+07   4.55637e+07   1.03903e+06    116194     65943    258145      2077         0
      16.3   1.97124e+07   4.18313e+07        955176    106455     60907    235954      1864         3
      16.5     1.792e+07    3.7998e+07        866234     96281     55295    214363      1711         3
      16.7   1.61858e+07   3.43644e+07        784501     87380     49927    194081      1587         2
      16.9   1.44472e+07   3.06167e+07        700956     77853     44275    172379      1386         4
      17.1   1.25873e+07   2.67333e+07        610354     67807     38878    150970      1198         0
      17.3   1.11227e+07   2.35655e+07        536872     60215     34227    132915      1028         1
      17.5   9.75738e+06   2.06775e+07        472469     52522     29953    116169       936         2
      17.7   8.35629e+06   1.77103e+07        404085     45140     25831     99343       805         2
      17.9    7.2048e+06   1.52835e+07        348349     39004     21830     85924       691         1
      18.1   6.09359e+06   1.28856e+07        294570     32882     18690     72326       561         2
      18.3   5.10708e+06   1.08325e+07        246045     27740     15890     60678       454         0
      18.5   4.25272e+06    9.0237e+06        205544     23126     13145     50805       428         2
      18.7   3.49661e+06   7.42843e+06        169255     19062     10759     41628       294         0
      18.9   2.83265e+06   6.02539e+06        136984     15176      8490     33897       294         0
      19.1   2.30374e+06   4.86768e+06        111103     12397      7020     27229       233         0
      19.3   1.81104e+06   3.82174e+06         87299      9829      5572     21566       165         0
      19.5   1.42858e+06   3.03227e+06         69613      7643      4351     16953       148         0
      19.7   1.15505e+06   2.44253e+06         55704      6391      3500     13804       106         0
      19.9        867938   1.85184e+06         41991      4725      2644     10273        77         0
      20.1        707698   1.50587e+06         34270      3858      2125      8494        84         0
      20.3        492409   1.05704e+06         23939      2590      1481      5909        45         0
      20.5        382946        814949         18336      2111      1176      4567        28         0
      20.7        294448        628713         14476      1586       893      3483        24         0
      20.9        236268        495441         11435      1284       709      2771        19         0
      21.1        164032        349639          8096       891       519      1939        15         0
      21.3        117690        249372          5721       607       364      1365        14         0
      21.5         90778        191588          4399       494       297      1060        12         0
      21.7         58070        123107          2913       348       180       680         3         0
      21.9         40075         83714          1939       204       106       460         2         0
      22.1         84696        181230          4107       469       246      1016         8         0


