
# 1e-6*g/cm3
#L(um) SPMeV*cm2/g

0.01       5.9584 
0.02       7.17702
0.05       7.43605
0.1        5.78707
0.2        7.68064
0.5        6.78565
1          6.91093
2          6.9281 
3          6.7274 
4          6.76183
5          6.91491
6          6.93416
7          6.70975
8          6.86718
9          6.67079
10         6.69119
15         6.7965 
20         6.73277
30         6.73918
50         6.69901
60         6.71163
70         6.68302
80         6.64611
90         6.62605
100        6.63528
200        6.824  
500        7.39402
1000       8.17874



