
00001   1.94477  1.94477
00002   0.757864 0.757864
00003   0.531166 0.531166
00004   0.638129 0.638129
00005   0.822206 0.822206
00007   1.76862  1.76862
00010   1.55067  1.55067   1.16408  1.16408
00015   22.5972  23.188	   14.1673  14.8209
00020   68.8964  76.0306   33.9832  37.8482
00030   156.118  186.385   59.8248  77.826	
00040   194.732  254.433   79.8955  117.767
00050   206.226  295.352   97.0053  155.796
00070   198.928  321.815   114.557  202.813
00100   168.804  311.979   121.829  234.748
00150   132.552  268.365   114.829  240.33	
00200   114.342  237.289   104.302  230.394
00300   90.6887  192.057   86.0428  203.646
00400   75.1494  160.891   73.01    179.972
00500   67.0966  141.321   63.3252  161.024
00700   59.0089  144.075   50.6698  133.768
01000   47.8711  112.335   40.0063  108.559
01500   33.9079  80.7114   30.0144  86.4318
02000   27.7157  64.998	   24.8998  70.3079
03000   19.9993  46.8403   18.6947  53.6538
04000   14.8618  36.2248   15.0766  43.3687
05000   12.278   29.6814   12.6503  37.4966
07000   9.42976  21.9944   9.99419  29.1634
10000   6.99643  16.7291   7.26457  23.2509
