                    0.05           10967
                    0.15           11420
                    0.25           11526
                    0.35           11421
                    0.45           11257
                    0.55           10967
                    0.65           10853
                    0.75           10376
                    0.85            9820
                    0.95            9202
                    1.05            9369
                    1.15            9936
                    1.25           10172
                    1.35           10206
                    1.45            9901
                    1.55            9847
                    1.65            9018
                    1.75            8329
                    1.85            7800
                    1.95            7161
                    2.05            7133
                    2.15            7426
                    2.25            7620
                    2.35            7640
                    2.45            7589
                    2.55            7134
                    2.65            6571
                    2.75            6113
                    2.85            5736
                    2.95            5154
                    3.05            5155
                    3.15            5453
                    3.25            5420
                    3.35            5458
                    3.45            5331
                    3.55            5021
                    3.65            4888
                    3.75            4371
                    3.85            4176
                    3.95            3720
                    4.05            3641
                    4.15            3814
                    4.25            3845
                    4.35            4035
                    4.45            3839
                    4.55            3691
                    4.65            3521
                    4.75            3244
                    4.85            3010
                    4.95            2788
                    5.05            2561
                    5.15            2772
                    5.25            2942
                    5.35            2779
                    5.45            2890
                    5.55            2676
                    5.65            2559
                    5.75            2392
                    5.85            2187
                    5.95            2052
                    6.05            2035
                    6.15            2263
                    6.25            2289
                    6.35            2303
                    6.45            2151
                    6.55            2141
                    6.65            1891
                    6.75            1661
                    6.85            1462
                    6.95            1340
                    7.05            1310
                    7.15            1361
                    7.25            1357
                    7.35            1351
                    7.45            1382
                    7.55            1282
                    7.65            1241
                    7.75            1117
                    7.85            1044
                    7.95             955
                    8.05             928
                    8.15            1005
                    8.25             966
                    8.35            1045
                    8.45             989
                    8.55             980
                    8.65             947
                    8.75             894
                    8.85             799
                    8.95             796
                    9.05             814
                    9.15             843
                    9.25             810
                    9.35             832
                    9.45             786
                    9.55             870
                    9.65             757
                    9.75             688
                    9.85             666
                    9.95             660
                   10.05             683
                   10.15             697
                   10.25             713
                   10.35             658
                   10.45             745
                   10.55             663
                   10.65             646
                   10.75             618
                   10.85             544
                   10.95             521
                   11.05             474
                   11.15             538
                   11.25             549
                   11.35             592
                   11.45             574
                   11.55             506
                   11.65             537
                   11.75             466
                   11.85             453
                   11.95             375
                   12.05             402
                   12.15             422
                   12.25             433
                   12.35             426
                   12.45             454
                   12.55             397
                   12.65             346
                   12.75             373
                   12.85             301
                   12.95             285
                   13.05             261
                   13.15             300
                   13.25             270
                   13.35             329
                   13.45             280
                   13.55             278
                   13.65             283
                   13.75             261
                   13.85             233
                   13.95             238
                   14.05             206
                   14.15             189
                   14.25             236
                   14.35             210
                   14.45             211
                   14.55             204
                   14.65             182
                   14.75             189
                   14.85             188
                   14.95             151
                   15.05             162
                   15.15             161
                   15.25             159
                   15.35             174
                   15.45             142
                   15.55             133
                   15.65             162
                   15.75             156
                   15.85             134
                   15.95             126
                   16.05             124
                   16.15             123
                   16.25             141
                   16.35             152
                   16.45             132
                   16.55             126
                   16.65             128
                   16.75             138
                   16.85             144
                   16.95             107
                   17.05             123
                   17.15             133
                   17.25             156
                   17.35             139
                   17.45             121
                   17.55             113
                   17.65             126
                   17.75             134
                   17.85             131
                   17.95             120
                   18.05             125
                   18.15             133
                   18.25             128
                   18.35             122
                   18.45             138
                   18.55             138
                   18.65             113
                   18.75             127
                   18.85             107
                   18.95             104
                   19.05             112
                   19.15             120
                   19.25             114
                   19.35             112
                   19.45             100
                   19.55             107
                   19.65              97
                   19.75             100
                   19.85              76
                   19.95              98
                   20.05              89
                   20.15              77
                   20.25              81
                   20.35              95
                   20.45              93
                   20.55              98
                   20.65              87
                   20.75              74
                   20.85              74
                   20.95              81
                   21.05              84
                   21.15              85
                   21.25              78
                   21.35              78
                   21.45              80
                   21.55              77
                   21.65              64
                   21.75              72
                   21.85              60
                   21.95              65
                   22.05              59
                   22.15              52
                   22.25              58
                   22.35              62
                   22.45              68
                   22.55              64
                   22.65              62
                   22.75              59
                   22.85              55
                   22.95              48
                   23.05              47
                   23.15              68
                   23.25              57
                   23.35              67
                   23.45              38
                   23.55              64
                   23.65              50
                   23.75              66
                   23.85              53
                   23.95              47
                   24.05              40
                   24.15              44
                   24.25              35
                   24.35              44
                   24.45              44
                   24.55              41
                   24.65              31
                   24.75              41
                   24.85              33
                   24.95              32
                   25.05              36
                   25.15              34
                   25.25              34
                   25.35              41
                   25.45              34
                   25.55              36
                   25.65              34
                   25.75              34
                   25.85              21
                   25.95              28
                   26.05              34
                   26.15              24
                   26.25              29
                   26.35              27
                   26.45              31
                   26.55              39
                   26.65              29
                   26.75              38
                   26.85              26
                   26.95              18
                   27.05              25
                   27.15              30
                   27.25              21
                   27.35              17
                   27.45              20
                   27.55              21
                   27.65              28
                   27.75              25
                   27.85              25
                   27.95              24
                   28.05              17
                   28.15              19
                   28.25              19
                   28.35              25
                   28.45              26
                   28.55              19
                   28.65              18
                   28.75              16
                   28.85              16
                   28.95              15
                   29.05              14
                   29.15              16
                   29.25              15
                   29.35              18
                   29.45              25
                   29.55              21
                   29.65              19
                   29.75              16
                   29.85              20
                   29.95              18
                   30.05              24
                   30.15              15
                   30.25              17
                   30.35              21
                   30.45              22
                   30.55              18
                   30.65              22
                   30.75              25
                   30.85              17
                   30.95              18
                   31.05              19
                   31.15              12
                   31.25              27
                   31.35              19
                   31.45              17
                   31.55              16
                   31.65              22
                   31.75              19
                   31.85              13
                   31.95              15
                   32.05              12
                   32.15              17
                   32.25              25
                   32.35              12
                   32.45              18
                   32.55              12
                   32.65              12
                   32.75              23
                   32.85              23
                   32.95              12
                   33.05              14
                   33.15              23
                   33.25               8
                   33.35              15
                   33.45              19
                   33.55              20
                   33.65              15
                   33.75              15
                   33.85              20
                   33.95               5
                   34.05              14
                   34.15              15
                   34.25              11
                   34.35              12
                   34.45              19
                   34.55              20
                   34.65               8
                   34.75              11
                   34.85              24
                   34.95              23
                   35.05              15
                   35.15              22
                   35.25               9
                   35.35              23
                   35.45              11
                   35.55              16
                   35.65               9
                   35.75              10
                   35.85              16
                   35.95              10
                   36.05              16
                   36.15              12
                   36.25              14
                   36.35              13
                   36.45              18
                   36.55              19
                   36.65              11
                   36.75              11
                   36.85              10
                   36.95               9
                   37.05               9
                   37.15              10
                   37.25               8
                   37.35               4
                   37.45              16
                   37.55              12
                   37.65              10
                   37.75              11
                   37.85               7
                   37.95              10
                   38.05               8
                   38.15              14
                   38.25               6
                   38.35              15
                   38.45              14
                   38.55              11
                   38.65               6
                   38.75              11
                   38.85              11
                   38.95               4
                   39.05               7
                   39.15               9
                   39.25              10
                   39.35              10
                   39.45              13
                   39.55              13
                   39.65               6
                   39.75               6
                   39.85               8
                   39.95               6
                   40.05              14
                   40.15               9
                   40.25              15
                   40.35              11
                   40.45               8
                   40.55               6
                   40.65              10
                   40.75              18
                   40.85              10
                   40.95               8
                   41.05               5
                   41.15               8
                   41.25               7
                   41.35               8
                   41.45               7
                   41.55               6
                   41.65               5
                   41.75               7
                   41.85               3
                   41.95              11
                   42.05               1
                   42.15              10
                   42.25               7
                   42.35               9
                   42.45               9
                   42.55               7
                   42.65              19
                   42.75               5
                   42.85               6
                   42.95              13
                   43.05               6
                   43.15               9
                   43.25               7
                   43.35               9
                   43.45              11
                   43.55               7
                   43.65               7
                   43.75               8
                   43.85               6
                   43.95              11
                   44.05               7
                   44.15               9
                   44.25               5
                   44.35               6
                   44.45               7
                   44.55              11
                   44.65               2
                   44.75               3
                   44.85               9
                   44.95              10
                   45.05               2
                   45.15              11
                   45.25               7
                   45.35               3
                   45.45               3
                   45.55               5
                   45.65               8
                   45.75               8
                   45.85              10
                   45.95               3
                   46.05               3
                   46.15               7
                   46.25               5
                   46.35               3
                   46.45               3
                   46.55               2
                   46.65               5
                   46.75               9
                   46.85               6
                   46.95               5
                   47.05               1
                   47.15               3
                   47.25               7
                   47.35               4
                   47.45               5
                   47.55               1
                   47.65               2
                   47.75               1
                   47.85               4
                   47.95               4
                   48.05               6
                   48.15               8
                   48.25               4
                   48.35               7
                   48.45               4
                   48.55               4
                   48.65               2
                   48.75               5
                   48.85               5
                   48.95               5
                   49.05               4
                   49.15               3
                   49.25               4
                   49.35               2
                   49.45               2
                   49.55               3
                   49.65               4
                   49.75               3
                   49.85               3
                   49.95               7
                   50.05               2
                   50.15               2
                   50.25               3
                   50.35               5
                   50.45               2
                   50.55               7
                   50.65               7
                   50.75               6
                   50.85               3
                   50.95               3
                   51.05               4
                   51.15               2
                   51.25               6
                   51.35               0
                   51.45               6
                   51.55               2
                   51.65               1
                   51.75               3
                   51.85               1
                   51.95               3
                   52.05               2
                   52.15               4
                   52.25               4
                   52.35               2
                   52.45               2
                   52.55               4
                   52.65               0
                   52.75               4
                   52.85               3
                   52.95               2
                   53.05               1
                   53.15               5
                   53.25               3
                   53.35               5
                   53.45               3
                   53.55               1
                   53.65               6
                   53.75               1
                   53.85               4
                   53.95               0
                   54.05               3
                   54.15               3
                   54.25               1
                   54.35               5
                   54.45               2
                   54.55               7
                   54.65               3
                   54.75               2
                   54.85               0
                   54.95               0
                   55.05               3
                   55.15               2
                   55.25               1
                   55.35               3
                   55.45               2
                   55.55               1
                   55.65               2
                   55.75               5
                   55.85               1
                   55.95               1
                   56.05               2
                   56.15               2
                   56.25               3
                   56.35               0
                   56.45               2
                   56.55               5
                   56.65               7
                   56.75               7
                   56.85               8
                   56.95               2
                   57.05               0
                   57.15               1
                   57.25               3
                   57.35               4
                   57.45               3
                   57.55               5
                   57.65               3
                   57.75               3
                   57.85               2
                   57.95               2
                   58.05               3
                   58.15               2
                   58.25               0
                   58.35               3
                   58.45               1
                   58.55               1
                   58.65               2
                   58.75               1
                   58.85               3
                   58.95               1
                   59.05               2
                   59.15               1
                   59.25               4
                   59.35               2
                   59.45               4
                   59.55               3
                   59.65               3
                   59.75               2
                   59.85               1
                   59.95               2
                   60.05               1
                   60.15               1
                   60.25               1
                   60.35               2
                   60.45               5
                   60.55               1
                   60.65               5
                   60.75               2
                   60.85               2
                   60.95               4
                   61.05               1
                   61.15               5
                   61.25               4
                   61.35               3
                   61.45               0
                   61.55               2
                   61.65               0
                   61.75               2
                   61.85               0
                   61.95               5
                   62.05               3
                   62.15               2
                   62.25               3
                   62.35               2
                   62.45               0
                   62.55               0
                   62.65               0
                   62.75               3
                   62.85               2
                   62.95               2
                   63.05               1
                   63.15               1
                   63.25               3
                   63.35               3
                   63.45               1
                   63.55               1
                   63.65               1
                   63.75               2
                   63.85               1
                   63.95               1
                   64.05               0
                   64.15               0
                   64.25               2
                   64.35               1
                   64.45               2
                   64.55               3
                   64.65               3
                   64.75               0
                   64.85               1
                   64.95               0
                   65.05               5
                   65.15               2
                   65.25               2
                   65.35               2
                   65.45               2
                   65.55               0
                   65.65               0
                   65.75               1
                   65.85               4
                   65.95               0
                   66.05               1
                   66.15               0
                   66.25               0
                   66.35               0
                   66.45               1
                   66.55               3
                   66.65               1
                   66.75               0
                   66.85               0
                   66.95               1
                   67.05               2
                   67.15               3
                   67.25               2
                   67.35               2
                   67.45               1
                   67.55               3
                   67.65               1
                   67.75               1
                   67.85               2
                   67.95               0
                   68.05               1
                   68.15               1
                   68.25               3
                   68.35               1
                   68.45               2
                   68.55               1
                   68.65               1
                   68.75               1
                   68.85               0
                   68.95               0
                   69.05               3
                   69.15               4
                   69.25               1
                   69.35               2
                   69.45               2
                   69.55               0
                   69.65               2
                   69.75               1
                   69.85               2
                   69.95               2
                   70.05               0
                   70.15               3
                   70.25               2
                   70.35               3
                   70.45               0
                   70.55               1
                   70.65               1
                   70.75               0
                   70.85               5
                   70.95               2
                   71.05               6
                   71.15               0
                   71.25               1
                   71.35               1
                   71.45               0
                   71.55               2
                   71.65               1
                   71.75               0
                   71.85               0
                   71.95               0
                   72.05               2
                   72.15               3
                   72.25               3
                   72.35               0
                   72.45               0
                   72.55               2
                   72.65               0
                   72.75               2
                   72.85               1
                   72.95               1
                   73.05               1
                   73.15               1
                   73.25               2
                   73.35               0
                   73.45               1
                   73.55               1
                   73.65               1
                   73.75               2
                   73.85               1
                   73.95               1
                   74.05               1
                   74.15               1
                   74.25               1
                   74.35               1
                   74.45               1
                   74.55               2
                   74.65               0
                   74.75               0
                   74.85               3
                   74.95               1
                   75.05               4
                   75.15               0
                   75.25               0
                   75.35               2
                   75.45               0
                   75.55               2
                   75.65               1
                   75.75               1
                   75.85               0
                   75.95               1
                   76.05               1
                   76.15               1
                   76.25               0
                   76.35               3
                   76.45               3
                   76.55               3
                   76.65               3
                   76.75               2
                   76.85               0
                   76.95               0
                   77.05               0
                   77.15               1
                   77.25               0
                   77.35               1
                   77.45               0
                   77.55               2
                   77.65               0
                   77.75               0
                   77.85               1
                   77.95               1
                   78.05               1
                   78.15               0
                   78.25               0
                   78.35               2
                   78.45               0
                   78.55               1
                   78.65               0
                   78.75               1
                   78.85               1
                   78.95               0
                   79.05               0
                   79.15               3
                   79.25               0
                   79.35               2
                   79.45               0
                   79.55               1
                   79.65               2
                   79.75               0
                   79.85               0
                   79.95               2
                   80.05               0
                   80.15               0
                   80.25               2
                   80.35               1
                   80.45               1
                   80.55               0
                   80.65               1
                   80.75               1
                   80.85               0
                   80.95               1
                   81.05               1
                   81.15               1
                   81.25               1
                   81.35               1
                   81.45               3
                   81.55               0
                   81.65               0
                   81.75               1
                   81.85               1
                   81.95               1
                   82.05               0
                   82.15               1
                   82.25               1
                   82.35               0
                   82.45               1
                   82.55               1
                   82.65               0
                   82.75               0
                   82.85               3
                   82.95               1
                   83.05               0
                   83.15               1
                   83.25               1
                   83.35               0
                   83.45               0
                   83.55               1
                   83.65               2
                   83.75               1
                   83.85               0
                   83.95               2
                   84.05               0
                   84.15               0
                   84.25               1
                   84.35               0
                   84.45               1
                   84.55               0
                   84.65               0
                   84.75               0
                   84.85               0
                   84.95               1
                   85.05               0
                   85.15               1
                   85.25               0
                   85.35               0
                   85.45               0
                   85.55               0
                   85.65               1
                   85.75               0
                   85.85               1
                   85.95               0
                   86.05               1
                   86.15               1
                   86.25               0
                   86.35               1
                   86.45               1
                   86.55               2
                   86.65               2
                   86.75               0
                   86.85               1
                   86.95               1
                   87.05               0
                   87.15               1
                   87.25               0
                   87.35               1
                   87.45               0
                   87.55               0
                   87.65               1
                   87.75               0
                   87.85               0
                   87.95               0
                   88.05               0
                   88.15               3
                   88.25               0
                   88.35               1
                   88.45               1
                   88.55               0
                   88.65               0
                   88.75               1
                   88.85               1
                   88.95               0
                   89.05               0
                   89.15               0
                   89.25               0
                   89.35               2
                   89.45               0
                   89.55               0
                   89.65               2
                   89.75               1
                   89.85               0
                   89.95               0
                   90.05               0
                   90.15               0
                   90.25               0
                   90.35               0
                   90.45               0
                   90.55               0
                   90.65               0
                   90.75               0
                   90.85               0
                   90.95               1
                   91.05               0
                   91.15               0
                   91.25               0
                   91.35               1
                   91.45               0
                   91.55               0
                   91.65               0
                   91.75               1
                   91.85               0
                   91.95               0
                   92.05               0
                   92.15               0
                   92.25               0
                   92.35               1
                   92.45               0
                   92.55               3
                   92.65               2
                   92.75               0
                   92.85               0
                   92.95               0
                   93.05               0
                   93.15               0
                   93.25               0
                   93.35               0
                   93.45               1
                   93.55               1
                   93.65               1
                   93.75               1
                   93.85               0
                   93.95               0
                   94.05               0
                   94.15               0
                   94.25               1
                   94.35               1
                   94.45               1
                   94.55               0
                   94.65               0
                   94.75               0
                   94.85               0
                   94.95               1
                   95.05               0
                   95.15               0
                   95.25               0
                   95.35               0
                   95.45               1
                   95.55               0
                   95.65               1
                   95.75               0
                   95.85               1
                   95.95               0
                   96.05               0
                   96.15               2
                   96.25               1
                   96.35               1
                   96.45               1
                   96.55               0
                   96.65               0
                   96.75               1
                   96.85               0
                   96.95               0
                   97.05               0
                   97.15               0
                   97.25               0
                   97.35               0
                   97.45               0
                   97.55               1
                   97.65               1
                   97.75               0
                   97.85               1
                   97.95               0
                   98.05               0
                   98.15               1
                   98.25               0
                   98.35               1
                   98.45               0
                   98.55               1
                   98.65               0
                   98.75               0
                   98.85               0
                   98.95               1
                   99.05               0
                   99.15               2
                   99.25               0
                   99.35               1
                   99.45               0
                   99.55               0
                   99.65               0
                   99.75               1
                   99.85               0
                   99.95               0
                  100.05               1
                  100.15               0
                  100.25               1
                  100.35               3
                  100.45               1
                  100.55               0
                  100.65               0
                  100.75               0
                  100.85               0
                  100.95               1
                  101.05               0
                  101.15               0
                  101.25               0
                  101.35               0
                  101.45               0
                  101.55               0
                  101.65               1
                  101.75               0
                  101.85               1
                  101.95               1
                  102.05               0
                  102.15               0
                  102.25               0
                  102.35               1
                  102.45               0
                  102.55               1
                  102.65               2
                  102.75               0
                  102.85               0
                  102.95               0
                  103.05               0
                  103.15               0
                  103.25               3
                  103.35               1
                  103.45               1
                  103.55               0
                  103.65               2
                  103.75               0
                  103.85               0
                  103.95               0
                  104.05               0
                  104.15               0
                  104.25               0
                  104.35               0
                  104.45               1
                  104.55               0
                  104.65               1
                  104.75               0
                  104.85               0
                  104.95               2
                  105.05               0
                  105.15               1
                  105.25               0
                  105.35               0
                  105.45               1
                  105.55               1
                  105.65               0
                  105.75               1
                  105.85               1
                  105.95               1
                  106.05               1
                  106.15               0
                  106.25               1
                  106.35               0
                  106.45               1
                  106.55               0
                  106.65               1
                  106.75               0
                  106.85               0
                  106.95               0
                  107.05               0
                  107.15               1
                  107.25               0
                  107.35               1
                  107.45               1
                  107.55               0
                  107.65               0
                  107.75               0
                  107.85               0
                  107.95               0
                  108.05               0
                  108.15               1
                  108.25               1
                  108.35               0
                  108.45               0
                  108.55               1
                  108.65               0
                  108.75               1
                  108.85               0
                  108.95               1
                  109.05               1
                  109.15               0
                  109.25               0
                  109.35               0
                  109.45               0
                  109.55               1
                  109.65               0
                  109.75               0
                  109.85               0
                  109.95               0
                  110.05               0
                  110.15               0
                  110.25               0
                  110.35               0
                  110.45               0
                  110.55               2
                  110.65               0
                  110.75               0
                  110.85               0
                  110.95               0
                  111.05               0
                  111.15               0
                  111.25               1
                  111.35               1
                  111.45               0
                  111.55               0
                  111.65               2
                  111.75               1
                  111.85               0
                  111.95               0
                  112.05               0
                  112.15               0
                  112.25               0
                  112.35               0
                  112.45               1
                  112.55               0
                  112.65               1
                  112.75               1
                  112.85               0
                  112.95               1
                  113.05               1
                  113.15               0
                  113.25               1
                  113.35               0
                  113.45               0
                  113.55               1
                  113.65               0
                  113.75               0
                  113.85               1
                  113.95               0
                  114.05               0
                  114.15               0
                  114.25               0
                  114.35               2
                  114.45               0
                  114.55               1
                  114.65               0
                  114.75               0
                  114.85               1
                  114.95               0
                  115.05               0
                  115.15               0
                  115.25               0
                  115.35               0
                  115.45               1
                  115.55               1
                  115.65               0
                  115.75               0
                  115.85               0
                  115.95               1
                  116.05               0
                  116.15               0
                  116.25               0
                  116.35               0
                  116.45               0
                  116.55               0
                  116.65               0
                  116.75               0
                  116.85               0
                  116.95               0
                  117.05               0
                  117.15               0
                  117.25               1
                  117.35               0
                  117.45               0
                  117.55               0
                  117.65               0
                  117.75               0
                  117.85               0
                  117.95               0
                  118.05               0
                  118.15               0
                  118.25               0
                  118.35               0
                  118.45               0
                  118.55               0
                  118.65               0
                  118.75               0
                  118.85               0
                  118.95               0
                  119.05               0
                  119.15               0
                  119.25               1
                  119.35               0
                  119.45               0
                  119.55               0
                  119.65               0
                  119.75               0
                  119.85               0
                  119.95               1
                  120.05               1
                  120.15               0
                  120.25               0
                  120.35               0
                  120.45               0
                  120.55               0
                  120.65               1
                  120.75               0
                  120.85               0
                  120.95               0
                  121.05               1
                  121.15               0
                  121.25               0
                  121.35               0
                  121.45               0
                  121.55               2
                  121.65               1
                  121.75               1
                  121.85               0
                  121.95               0
                  122.05               0
                  122.15               0
                  122.25               0
                  122.35               1
                  122.45               0
                  122.55               0
                  122.65               0
                  122.75               0
                  122.85               0
                  122.95               0
                  123.05               0
                  123.15               0
                  123.25               0
                  123.35               0
                  123.45               0
                  123.55               1
                  123.65               0
                  123.75               2
                  123.85               2
                  123.95               1
                  124.05               0
                  124.15               0
                  124.25               0
                  124.35               0
                  124.45               0
                  124.55               0
                  124.65               0
                  124.75               0
                  124.85               0
                  124.95               1
                  125.05               0
                  125.15               0
                  125.25               0
                  125.35               0
                  125.45               1
                  125.55               2
                  125.65               0
                  125.75               0
                  125.85               0
                  125.95               1
                  126.05               0
                  126.15               1
                  126.25               0
                  126.35               1
                  126.45               0
                  126.55               0
                  126.65               2
                  126.75               0
                  126.85               0
                  126.95               0
                  127.05               0
                  127.15               0
                  127.25               1
                  127.35               0
                  127.45               0
                  127.55               1
                  127.65               0
                  127.75               0
                  127.85               0
                  127.95               0
                  128.05               0
                  128.15               2
                  128.25               0
                  128.35               0
                  128.45               1
                  128.55               1
                  128.65               0
                  128.75               1
                  128.85               0
                  128.95               1
                  129.05               0
                  129.15               0
                  129.25               0
                  129.35               0
                  129.45               0
                  129.55               1
                  129.65               0
                  129.75               0
                  129.85               0
                  129.95               0
                  130.05               0
                  130.15               0
                  130.25               0
                  130.35               0
                  130.45               0
                  130.55               0
                  130.65               0
                  130.75               0
                  130.85               1
                  130.95               0
                  131.05               0
                  131.15               0
                  131.25               1
                  131.35               0
                  131.45               0
                  131.55               1
                  131.65               1
                  131.75               0
                  131.85               0
                  131.95               0
                  132.05               0
                  132.15               0
                  132.25               0
                  132.35               0
                  132.45               0
                  132.55               0
                  132.65               1
                  132.75               0
                  132.85               0
                  132.95               0
                  133.05               0
                  133.15               0
                  133.25               0
                  133.35               0
                  133.45               1
                  133.55               0
                  133.65               1
                  133.75               1
                  133.85               1
                  133.95               0
                  134.05               1
                  134.15               1
                  134.25               2
                  134.35               0
                  134.45               0
                  134.55               0
                  134.65               0
                  134.75               0
                  134.85               1
                  134.95               0
                  135.05               0
                  135.15               0
                  135.25               0
                  135.35               0
                  135.45               0
                  135.55               0
                  135.65               0
                  135.75               1
                  135.85               0
                  135.95               0
                  136.05               1
                  136.15               0
                  136.25               0
                  136.35               0
                  136.45               0
                  136.55               0
                  136.65               0
                  136.75               0
                  136.85               0
                  136.95               1
                  137.05               0
                  137.15               0
                  137.25               0
                  137.35               0
                  137.45               1
                  137.55               0
                  137.65               0
                  137.75               1
                  137.85               0
                  137.95               0
                  138.05               0
                  138.15               0
                  138.25               2
                  138.35               0
                  138.45               1
                  138.55               0
                  138.65               0
                  138.75               0
                  138.85               0
                  138.95               0
                  139.05               0
                  139.15               0
                  139.25               0
                  139.35               1
                  139.45               0
                  139.55               0
                  139.65               0
                  139.75               0
                  139.85               0
                  139.95               0
                  140.05               2
                  140.15               0
                  140.25               1
                  140.35               0
                  140.45               0
                  140.55               0
                  140.65               1
                  140.75               0
                  140.85               4
                  140.95               0
                  141.05               0
                  141.15               0
                  141.25               1
                  141.35               0
                  141.45               0
                  141.55               0
                  141.65               1
                  141.75               0
                  141.85               0
                  141.95               0
                  142.05               1
                  142.15               0
                  142.25               0
                  142.35               0
                  142.45               0
                  142.55               0
                  142.65               0
                  142.75               0
                  142.85               0
                  142.95               0
                  143.05               0
                  143.15               0
                  143.25               1
                  143.35               1
                  143.45               0
                  143.55               0
                  143.65               0
                  143.75               0
                  143.85               0
                  143.95               0
                  144.05               0
                  144.15               0
                  144.25               0
                  144.35               0
                  144.45               0
                  144.55               1
                  144.65               0
                  144.75               0
                  144.85               0
                  144.95               0
                  145.05               1
                  145.15               0
                  145.25               0
                  145.35               0
                  145.45               1
                  145.55               1
                  145.65               0
                  145.75               1
                  145.85               0
                  145.95               1
                  146.05               0
                  146.15               0
                  146.25               0
                  146.35               1
                  146.45               0
                  146.55               0
                  146.65               0
                  146.75               0
                  146.85               0
                  146.95               0
                  147.05               0
                  147.15               0
                  147.25               1
                  147.35               0
                  147.45               0
                  147.55               0
                  147.65               0
                  147.75               0
                  147.85               0
                  147.95               0
                  148.05               1
                  148.15               0
                  148.25               0
                  148.35               0
                  148.45               0
                  148.55               0
                  148.65               0
                  148.75               0
                  148.85               0
                  148.95               1
                  149.05               1
                  149.15               0
                  149.25               0
                  149.35               1
                  149.45               0
                  149.55               0
                  149.65               0
                  149.75               1
                  149.85               0
                  149.95               1
                  150.05               1
                  150.15               0
                  150.25               0
                  150.35               0
                  150.45               0
                  150.55               0
                  150.65               0
                  150.75               0
                  150.85               0
                  150.95               0
                  151.05               0
                  151.15               1
                  151.25               0
                  151.35               0
                  151.45               1
                  151.55               3
                  151.65               0
                  151.75               1
                  151.85               0
                  151.95               1
                  152.05               0
                  152.15               0
                  152.25               0
                  152.35               0
                  152.45               1
                  152.55               0
                  152.65               0
                  152.75               0
                  152.85               0
                  152.95               0
                  153.05               0
                  153.15               0
                  153.25               0
                  153.35               0
                  153.45               0
                  153.55               0
                  153.65               0
                  153.75               1
                  153.85               0
                  153.95               0
                  154.05               0
                  154.15               0
                  154.25               1
                  154.35               0
                  154.45               0
                  154.55               0
                  154.65               0
                  154.75               1
                  154.85               0
                  154.95               0
                  155.05               0
                  155.15               0
                  155.25               0
                  155.35               1
                  155.45               0
                  155.55               0
                  155.65               0
                  155.75               0
                  155.85               1
                  155.95               0
                  156.05               0
                  156.15               0
                  156.25               0
                  156.35               0
                  156.45               0
                  156.55               1
                  156.65               0
                  156.75               0
                  156.85               1
                  156.95               0
                  157.05               0
                  157.15               1
                  157.25               0
                  157.35               2
                  157.45               0
                  157.55               0
                  157.65               0
                  157.75               0
                  157.85               0
                  157.95               0
                  158.05               1
                  158.15               2
                  158.25               0
                  158.35               0
                  158.45               0
                  158.55               1
                  158.65               2
                  158.75               0
                  158.85               0
                  158.95               0
                  159.05               0
                  159.15               0
                  159.25               0
                  159.35               0
                  159.45               0
                  159.55               1
                  159.65               1
                  159.75               0
                  159.85               0
                  159.95               0
                  160.05               0
                  160.15               0
                  160.25               0
                  160.35               1
                  160.45               0
                  160.55               0
                  160.65               1
                  160.75               0
                  160.85               0
                  160.95               0
                  161.05               1
                  161.15               0
                  161.25               0
                  161.35               0
                  161.45               1
                  161.55               0
                  161.65               0
                  161.75               1
                  161.85               0
                  161.95               0
                  162.05               1
                  162.15               0
                  162.25               0
                  162.35               3
                  162.45               1
                  162.55               0
                  162.65               0
                  162.75               1
                  162.85               0
                  162.95               1
                  163.05               0
                  163.15               1
                  163.25               0
                  163.35               0
                  163.45               1
                  163.55               0
                  163.65               0
                  163.75               0
                  163.85               0
                  163.95               0
                  164.05               0
                  164.15               0
                  164.25               0
                  164.35               0
                  164.45               1
                  164.55               1
                  164.65               0
                  164.75               0
                  164.85               0
                  164.95               2
                  165.05               0
                  165.15               1
                  165.25               0
                  165.35               1
                  165.45               0
                  165.55               1
                  165.65               0
                  165.75               0
                  165.85               0
                  165.95               0
                  166.05               0
                  166.15               0
                  166.25               0
                  166.35               0
                  166.45               0
                  166.55               1
                  166.65               0
                  166.75               0
                  166.85               0
                  166.95               0
                  167.05               0
                  167.15               0
                  167.25               2
                  167.35               1
                  167.45               0
                  167.55               1
                  167.65               0
                  167.75               0
                  167.85               0
                  167.95               0
                  168.05               0
                  168.15               0
                  168.25               0
                  168.35               0
                  168.45               0
                  168.55               0
                  168.65               0
                  168.75               0
                  168.85               1
                  168.95               0
                  169.05               0
                  169.15               0
                  169.25               0
                  169.35               1
                  169.45               0
                  169.55               0
                  169.65               0
                  169.75               1
                  169.85               0
                  169.95               0
                  170.05               2
                  170.15               0
                  170.25               0
                  170.35               2
                  170.45               0
                  170.55               0
                  170.65               0
                  170.75               0
                  170.85               0
                  170.95               0
                  171.05               0
                  171.15               1
                  171.25               0
                  171.35               1
                  171.45               0
                  171.55               0
                  171.65               1
                  171.75               0
                  171.85               0
                  171.95               0
                  172.05               0
                  172.15               0
                  172.25               1
                  172.35               0
                  172.45               0
                  172.55               1
                  172.65               0
                  172.75               0
                  172.85               0
                  172.95               0
                  173.05               0
                  173.15               0
                  173.25               0
                  173.35               0
                  173.45               0
                  173.55               1
                  173.65               1
                  173.75               0
                  173.85               0
                  173.95               1
                  174.05               0
                  174.15               0
                  174.25               0
                  174.35               0
                  174.45               1
                  174.55               0
                  174.65               1
                  174.75               0
                  174.85               0
                  174.95               0
                  175.05               0
                  175.15               0
                  175.25               0
                  175.35               0
                  175.45               0
                  175.55               0
                  175.65               0
                  175.75               1
                  175.85               0
                  175.95               1
                  176.05               0
                  176.15               0
                  176.25               0
                  176.35               1
                  176.45               0
                  176.55               0
                  176.65               0
                  176.75               1
                  176.85               0
                  176.95               0
                  177.05               0
                  177.15               0
                  177.25               0
                  177.35               1
                  177.45               0
                  177.55               1
                  177.65               0
                  177.75               0
                  177.85               0
                  177.95               0
                  178.05               0
                  178.15               0
                  178.25               1
                  178.35               0
                  178.45               0
                  178.55               0
                  178.65               0
                  178.75               0
                  178.85               0
                  178.95               0
                  179.05               1
                  179.15               1
                  179.25               0
                  179.35               2
                  179.45               0
                  179.55               0
                  179.65               0
                  179.75               1
                  179.85               0
                  179.95               0
