#tab1F << 700   tabG << 700     
0 0		0 0		
1 0.193246	0.01 0.0517476	
2 0.342572	0.02 0.103495	
3 0.445051	0.03 0.155243	
4 0.519324	0.04 0.20699	
5 0.576907	0.05 0.258738	
6 0.625023	0.06 0.310485	
7 0.667674	0.07 0.362233	
8 0.706909	0.08 0.413981	
9 0.743313	0.09 0.465728	
10 0.777082	0.1 0.517476	
11 0.807924	0.11 0.569223	
12 0.835739	0.12 0.620971	
13 0.860529	0.13 0.672718	
14 0.882294	0.14 0.724466	
15 0.900545	0.15 0.776214	
16 0.915575	0.16 0.827961	
17 0.92797	0.17 0.879709	
18 0.938218	0.18 0.931456	
19 0.946709	0.19 0.983204	
20 0.953805	0.2 1.04523	
21 0.959778	0.21 1.1122	
22 0.964833	0.22 1.17917	
23 0.969137	0.23 1.24613	
24 0.972827	0.24 1.3131	
25 0.975989	0.25 1.38007	
26 0.978712	0.26 1.44704	
27 0.981064	0.27 1.514	
28 0.983094	0.28 1.58097	
29 0.984851	0.29 1.64794	
30 0.986354	0.3 1.71491	
31 0.987642	0.31 1.78187	
32 0.988745	0.32 1.84884	
33 0.989698	0.33 1.91581	
34 0.990525	0.34 1.98278	
35 0.99125	0.35 2.07248	
36 0.99189	0.36 2.17006	
37 0.992457	0.37 2.26764	
38 0.992962	0.38 2.36523	
39 0.993416	0.39 2.46281	
40 0.993825	0.4 2.56039	
41 0.994195	0.41 2.65797	
42 0.994532	0.42 2.75555	
43 0.994838	0.43 2.85313	
44 0.995118	0.44 2.95071	
45 0.995373	0.45 3.06663	
46 0.995605	0.46 3.20127	
47 0.995818	0.47 3.33591	
48 0.996014	0.48 3.47055	
49 0.996197	0.49 3.60519	
50 0.996368	0.5 3.73983	
51 0.996528	0.51 3.87447	
52 0.996679	0.52 4.01175	
53 0.996822	0.53 4.18541	
54 0.996958	0.54 4.35907	
55 0.997087	0.55 4.53273	
56 0.99721	0.56 4.70639	
57 0.997326	0.57 4.88005	
58 0.997436	0.58 5.06428	
59 0.997541	0.59 5.27211	
60 0.997639	0.6 5.47994	
61 0.997732	0.61 5.68777	
62 0.99782	0.62 5.8956	
63 0.997904	0.63 6.11669	
64 0.997983	0.64 6.35115	
65 0.998058	0.65 6.58561	
66 0.998129	0.66 6.82007	
67 0.998197	0.67 7.05928	
68 0.998262	0.68 7.31416	
69 0.998323	0.69 7.56904	
70 0.99838	0.7 7.82391	
71 0.998436	0.71 8.08491	
72 0.998488	0.72 8.35961	
73 0.998538	0.73 8.6343	
74 0.998586	0.74 8.90899	
75 0.998632	0.75 9.19802	
76 0.998677	0.76 9.49414	
77 0.998719	0.77 9.79027	
78 0.99876	0.78 10.0946	
79 0.998799	0.79 10.4188	
80 0.998836	0.8 10.7431	
81 0.998872	0.81 11.0746	
82 0.998907	0.82 11.4342	
83 0.99894	0.83 11.7937	
84 0.998972	0.84 12.1719	
85 0.999002	0.85 12.5753	
86 0.999032	0.86 12.9786	
87 0.99906	0.87 13.4351	
88 0.999087	0.88 13.8946	
89 0.999112	0.89 14.4222	
90 0.999137	0.9 14.9701	
91 0.999161	0.91 15.6291	
92 0.999184	0.92 16.357	
93 0.999206	0.93 17.1981	
94 0.999228	0.94 18.2099	
95 0.999248	0.95 19.4638	
96 0.999268	0.96 21.044	
97 0.999288	0.97 23.2338	
98 0.999306	0.98 26.5476	
99 0.999324	0.99 33.3654	
100 0.999342	1    181		
101 0.999359
102 0.999376
103 0.999391
104 0.999407
105 0.999422
106 0.999436
107 0.99945
108 0.999464
109 0.999477
110 0.99949
111 0.999502
112 0.999514
113 0.999526
114 0.999538
115 0.999549
116 0.99956
117 0.999571
118 0.999581
119 0.999592
120 0.999602
121 0.999612
122 0.999621
123 0.999631
124 0.99964
125 0.999649
126 0.999658
127 0.999667
128 0.999676
129 0.999684
130 0.999693
131 0.999701
132 0.999709
133 0.999717
134 0.999725
135 0.999733
136 0.99974
137 0.999748
138 0.999755
139 0.999762
140 0.999769
141 0.999776
142 0.999783
143 0.99979
144 0.999797
145 0.999803
146 0.99981
147 0.999816
148 0.999823
149 0.999829
150 0.999835
151 0.999841
152 0.999847
153 0.999853
154 0.999859
155 0.999864
156 0.99987
157 0.999876
158 0.999881
159 0.999887
160 0.999892
161 0.999898
162 0.999903
163 0.999909
164 0.999914
165 0.999919
166 0.999924
167 0.999929
168 0.999935
169 0.99994
170 0.999945
171 0.99995
172 0.999955
173 0.99996
174 0.999965
175 0.99997
176 0.999975
177 0.99998
178 0.999985
179 0.99999
180 0.999995
0 1
