#fn: hijob.root_AngElastic
                   -0.05               0
                    0.05          117049
                    0.15            9117
                    0.25            9133
                    0.35            9185
                    0.45            9107
                    0.55            9166
                    0.65            9292
                    0.75            9037
                    0.85            9229
                    0.95            9159
                    1.05            6801
                    1.15            6789
                    1.25            6741
                    1.35            6643
                    1.45            6904
                    1.55            6862
                    1.65            6777
                    1.75            6776
                    1.85            6817
                    1.95            6797
                    2.05            4923
                    2.15            4955
                    2.25            4835
                    2.35            4854
                    2.45            4895
                    2.55            4846
                    2.65            4863
                    2.75            4936
                    2.85            5034
                    2.95            4929
                    3.05            3530
                    3.15            3508
                    3.25            3491
                    3.35            3538
                    3.45            3506
                    3.55            3484
                    3.65            3642
                    3.75            3581
                    3.85            3574
                    3.95            3583
                    4.05            2468
                    4.15            2606
                    4.25            2649
                    4.35            2547
                    4.45            2578
                    4.55            2604
                    4.65            2616
                    4.75            2564
                    4.85            2594
                    4.95            2586
                    5.05            1935
                    5.15            2012
                    5.25            1980
                    5.35            1922
                    5.45            2005
                    5.55            1943
                    5.65            1945
                    5.75            1954
                    5.85            1939
                    5.95            1982
                    6.05            1286
                    6.15            1276
                    6.25            1185
                    6.35            1181
                    6.45            1278
                    6.55            1239
                    6.65            1233
                    6.75            1219
                    6.85            1231
                    6.95            1203
                    7.05             928
                    7.15             995
                    7.25             925
                    7.35             976
                    7.45             958
                    7.55             928
                    7.65             965
                    7.75             946
                    7.85             914
                    7.95             894
                    8.05             789
                    8.15             779
                    8.25             823
                    8.35             732
                    8.45             786
                    8.55             753
                    8.65             825
                    8.75             710
                    8.85             726
                    8.95             808
                    9.05             657
                    9.15             638
                    9.25             681
                    9.35             612
                    9.45             642
                    9.55             680
                    9.65             656
                    9.75             677
                    9.85             623
                    9.95             625
                   10.05             474
                   10.15             493
                   10.25             491
                   10.35             546
                   10.45             520
                   10.55             521
                   10.65             494
                   10.75             545
                   10.85             509
                   10.95             523
                   11.05             392
                   11.15             377
                   11.25             395
                   11.35             362
                   11.45             394
                   11.55             403
                   11.65             387
                   11.75             379
                   11.85             406
                   11.95             374
                   12.05             246
                   12.15             263
                   12.25             254
                   12.35             278
                   12.45             251
                   12.55             250
                   12.65             277
                   12.75             294
                   12.85             276
                   12.95             288
                   13.05             199
                   13.15             192
                   13.25             219
                   13.35             192
                   13.45             186
                   13.55             184
                   13.65             195
                   13.75             202
                   13.85             215
                   13.95             194
                   14.05             152
                   14.15             154
                   14.25             153
                   14.35             163
                   14.45             158
                   14.55             135
                   14.65             156
                   14.75             153
                   14.85             163
                   14.95             139
                   15.05             132
                   15.15             119
                   15.25             137
                   15.35             149
                   15.45             134
                   15.55             127
                   15.65             123
                   15.75             145
                   15.85             156
                   15.95             106
                   16.05             121
                   16.15             143
                   16.25             157
                   16.35             136
                   16.45             128
                   16.55             110
                   16.65             134
                   16.75             126
                   16.85             109
                   16.95             125
                   17.05             131
                   17.15             125
                   17.25             121
                   17.35             111
                   17.45             121
                   17.55             135
                   17.65             109
                   17.75             137
                   17.85             124
                   17.95             129
                   18.05             101
                   18.15             106
                   18.25             108
                   18.35             110
                   18.45              86
                   18.55              99
                   18.65             105
                   18.75             119
                   18.85              82
                   18.95             115
                   19.05              84
                   19.15              83
                   19.25              82
                   19.35              73
                   19.45              82
                   19.55              88
                   19.65              86
                   19.75              83
                   19.85              90
                   19.95              84
                   20.05              82
                   20.15              78
                   20.25              75
                   20.35              74
                   20.45              81
                   20.55              80
                   20.65              60
                   20.75              83
                   20.85              59
                   20.95              79
                   21.05              62
                   21.15              59
                   21.25              62
                   21.35              60
                   21.45              64
                   21.55              64
                   21.65              65
                   21.75              58
                   21.85              55
                   21.95              52
                   22.05              50
                   22.15              69
                   22.25              56
                   22.35              68
                   22.45              45
                   22.55              45
                   22.65              59
                   22.75              65
                   22.85              58
                   22.95              55
                   23.05              41
                   23.15              40
                   23.25              32
                   23.35              41
                   23.45              38
                   23.55              40
                   23.65              29
                   23.75              38
                   23.85              43
                   23.95              45
                   24.05              35
                   24.15              31
                   24.25              34
                   24.35              34
                   24.45              42
                   24.55              33
                   24.65              36
                   24.75              33
                   24.85              30
                   24.95              29
                   25.05              36
                   25.15              23
                   25.25              29
                   25.35              27
                   25.45              32
                   25.55              32
                   25.65              26
                   25.75              41
                   25.85              26
                   25.95              17
                   26.05              25
                   26.15              25
                   26.25              18
                   26.35              16
                   26.45              20
                   26.55              21
                   26.65              32
                   26.75              20
                   26.85              25
                   26.95              22
                   27.05              17
                   27.15              20
                   27.25              11
                   27.35              18
                   27.45              33
                   27.55              22
                   27.65              17
                   27.75              17
                   27.85              18
                   27.95              21
                   28.05              11
                   28.15              21
                   28.25              16
                   28.35              20
                   28.45              22
                   28.55              22
                   28.65              24
                   28.75              16
                   28.85              13
                   28.95              12
                   29.05              27
                   29.15              13
                   29.25              17
                   29.35              21
                   29.45              22
                   29.55              16
                   29.65              18
                   29.75              20
                   29.85              14
                   29.95              22
                   30.05              17
                   30.15              13
                   30.25              25
                   30.35              17
                   30.45              16
                   30.55              15
                   30.65              19
                   30.75              18
                   30.85              13
                   30.95              19
                   31.05              16
                   31.15              13
                   31.25              22
                   31.35              16
                   31.45              14
                   31.55              17
                   31.65              12
                   31.75              17
                   31.85              24
                   31.95              12
                   32.05              21
                   32.15              26
                   32.25              10
                   32.35              14
                   32.45              18
                   32.55              12
                   32.65              16
                   32.75              16
                   32.85              15
                   32.95               7
                   33.05              13
                   33.15              13
                   33.25              15
                   33.35               7
                   33.45              21
                   33.55              18
                   33.65              10
                   33.75              16
                   33.85              24
                   33.95              27
                   34.05              15
                   34.15              22
                   34.25               9
                   34.35              22
                   34.45              15
                   34.55              14
                   34.65              11
                   34.75               7
                   34.85              16
                   34.95              16
                   35.05              14
                   35.15              13
                   35.25              13
                   35.35              12
                   35.45              20
                   35.55              16
                   35.65               9
                   35.75               9
                   35.85               7
                   35.95              10
                   36.05               9
                   36.15              11
                   36.25              11
                   36.35               5
                   36.45              16
                   36.55               9
                   36.65              13
                   36.75              10
                   36.85               4
                   36.95              12
                   37.05               8
                   37.15              11
                   37.25               6
                   37.35              11
                   37.45              10
                   37.55              11
                   37.65               6
                   37.75               9
                   37.85              12
                   37.95               6
                   38.05               5
                   38.15               6
                   38.25              12
                   38.35               8
                   38.45              12
                   38.55              17
                   38.65               6
                   38.75               7
                   38.85              13
                   38.95               5
                   39.05              12
                   39.15               6
                   39.25              13
                   39.35              12
                   39.45               9
                   39.55               6
                   39.65              10
                   39.75              19
                   39.85               9
                   39.95               8
                   40.05               3
                   40.15               6
                   40.25               7
                   40.35               7
                   40.45               9
                   40.55               4
                   40.65               6
                   40.75               5
                   40.85               5
                   40.95              14
                   41.05               2
                   41.15               7
                   41.25               5
                   41.35               8
                   41.45               8
                   41.55               6
                   41.65              16
                   41.75               5
                   41.85               7
                   41.95              10
                   42.05               6
                   42.15               8
                   42.25               5
                   42.35               9
                   42.45              10
                   42.55               7
                   42.65               8
                   42.75              11
                   42.85               5
                   42.95              12
                   43.05               5
                   43.15               7
                   43.25               7
                   43.35               6
                   43.45               4
                   43.55              12
                   43.65               3
                   43.75               8
                   43.85              12
                   43.95              10
                   44.05               2
                   44.15               8
                   44.25               9
                   44.35               4
                   44.45               3
                   44.55               4
                   44.65              10
                   44.75               6
                   44.85               9
                   44.95               4
                   45.05               3
                   45.15               5
                   45.25               5
                   45.35               3
                   45.45               4
                   45.55               1
                   45.65               3
                   45.75              11
                   45.85               9
                   45.95               4
                   46.05               2
                   46.15               2
                   46.25               9
                   46.35               2
                   46.45               5
                   46.55               2
                   46.65               2
                   46.75               2
                   46.85               5
                   46.95               6
                   47.05               5
                   47.15               7
                   47.25               3
                   47.35               7
                   47.45               6
                   47.55               3
                   47.65               3
                   47.75               6
                   47.85               5
                   47.95               3
                   48.05               4
                   48.15               3
                   48.25               3
                   48.35               3
                   48.45               2
                   48.55               2
                   48.65               3
                   48.75               5
                   48.85               4
                   48.95               4
                   49.05               3
                   49.15               2
                   49.25               5
                   49.35               6
                   49.45               3
                   49.55               1
                   49.65               8
                   49.75               5
                   49.85               2
                   49.95               5
                   50.05               5
                   50.15               2
                   50.25               7
                   50.35               1
                   50.45               4
                   50.55               3
                   50.65               0
                   50.75               3
                   50.85               3
                   50.95               5
                   51.05               3
                   51.15               3
                   51.25               5
                   51.35               2
                   51.45               2
                   51.55               4
                   51.65               2
                   51.75               4
                   51.85               4
                   51.95               3
                   52.05               2
                   52.15               7
                   52.25               2
                   52.35               3
                   52.45               4
                   52.55               2
                   52.65               6
                   52.75               3
                   52.85               5
                   52.95               1
                   53.05               5
                   53.15               4
                   53.25               2
                   53.35               6
                   53.45               2
                   53.55               8
                   53.65               2
                   53.75               4
                   53.85               1
                   53.95               1
                   54.05               3
                   54.15               1
                   54.25               1
                   54.35               1
                   54.45               4
                   54.55               0
                   54.65               2
                   54.75               4
                   54.85               0
                   54.95               1
                   55.05               1
                   55.15               1
                   55.25               5
                   55.35               0
                   55.45               2
                   55.55               4
                   55.65               6
                   55.75               4
                   55.85               5
                   55.95               4
                   56.05               0
                   56.15               1
                   56.25               3
                   56.35               4
                   56.45               4
                   56.55               2
                   56.65               3
                   56.75               3
                   56.85               1
                   56.95               2
                   57.05               4
                   57.15               1
                   57.25               1
                   57.35               3
                   57.45               2
                   57.55               1
                   57.65               2
                   57.75               1
                   57.85               3
                   57.95               1
                   58.05               2
                   58.15               1
                   58.25               3
                   58.35               1
                   58.45               3
                   58.55               2
                   58.65               3
                   58.75               3
                   58.85               1
                   58.95               3
                   59.05               1
                   59.15               2
                   59.25               1
                   59.35               2
                   59.45               1
                   59.55               3
                   59.65               7
                   59.75               3
                   59.85               3
                   59.95               4
                   60.05               2
                   60.15               4
                   60.25               4
                   60.35               3
                   60.45               0
                   60.55               1
                   60.65               1
                   60.75               2
                   60.85               0
                   60.95               3
                   61.05               4
                   61.15               2
                   61.25               3
                   61.35               1
                   61.45               1
                   61.55               1
                   61.65               1
                   61.75               4
                   61.85               0
                   61.95               4
                   62.05               3
                   62.15               1
                   62.25               1
                   62.35               1
                   62.45               3
                   62.55               1
                   62.65               1
                   62.75               1
                   62.85               1
                   62.95               1
                   63.05               0
                   63.15               0
                   63.25               1
                   63.35               2
                   63.45               5
                   63.55               2
                   63.65               4
                   63.75               3
                   63.85               1
                   63.95               1
                   64.05               3
                   64.15               2
                   64.25               2
                   64.35               2
                   64.45               1
                   64.55               0
                   64.65               0
                   64.75               2
                   64.85               5
                   64.95               0
                   65.05               1
                   65.15               1
                   65.25               0
                   65.35               0
                   65.45               1
                   65.55               2
                   65.65               0
                   65.75               1
                   65.85               0
                   65.95               1
                   66.05               3
                   66.15               3
                   66.25               2
                   66.35               1
                   66.45               1
                   66.55               2
                   66.65               1
                   66.75               1
                   66.85               3
                   66.95               0
                   67.05               0
                   67.15               1
                   67.25               3
                   67.35               1
                   67.45               2
                   67.55               1
                   67.65               2
                   67.75               1
                   67.85               0
                   67.95               0
                   68.05               2
                   68.15               4
                   68.25               1
                   68.35               3
                   68.45               3
                   68.55               1
                   68.65               1
                   68.75               1
                   68.85               2
                   68.95               3
                   69.05               0
                   69.15               1
                   69.25               2
                   69.35               4
                   69.45               0
                   69.55               0
                   69.65               1
                   69.75               1
                   69.85               1
                   69.95               1
                   70.05               3
                   70.15               0
                   70.25               0
                   70.35               0
                   70.45               0
                   70.55               1
                   70.65               2
                   70.75               0
                   70.85               0
                   70.95               0
                   71.05               2
                   71.15               3
                   71.25               1
                   71.35               0
                   71.45               0
                   71.55               2
                   71.65               0
                   71.75               2
                   71.85               1
                   71.95               1
                   72.05               2
                   72.15               0
                   72.25               2
                   72.35               0
                   72.45               1
                   72.55               1
                   72.65               1
                   72.75               2
                   72.85               1
                   72.95               1
                   73.05               2
                   73.15               1
                   73.25               1
                   73.35               1
                   73.45               1
                   73.55               2
                   73.65               1
                   73.75               0
                   73.85               4
                   73.95               1
                   74.05               4
                   74.15               0
                   74.25               0
                   74.35               2
                   74.45               0
                   74.55               2
                   74.65               1
                   74.75               1
                   74.85               1
                   74.95               1
                   75.05               2
                   75.15               2
                   75.25               0
                   75.35               2
                   75.45               2
                   75.55               3
                   75.65               2
                   75.75               1
                   75.85               0
                   75.95               0
                   76.05               0
                   76.15               0
                   76.25               1
                   76.35               1
                   76.45               1
                   76.55               2
                   76.65               0
                   76.75               1
                   76.85               1
                   76.95               1
                   77.05               0
                   77.15               0
                   77.25               0
                   77.35               2
                   77.45               1
                   77.55               1
                   77.65               0
                   77.75               0
                   77.85               1
                   77.95               0
                   78.05               0
                   78.15               3
                   78.25               1
                   78.35               1
                   78.45               0
                   78.55               1
                   78.65               2
                   78.75               0
                   78.85               1
                   78.95               2
                   79.05               0
                   79.15               1
                   79.25               2
                   79.35               1
                   79.45               1
                   79.55               0
                   79.65               1
                   79.75               1
                   79.85               0
                   79.95               1
                   80.05               0
                   80.15               1
                   80.25               1
                   80.35               0
                   80.45               2
                   80.55               0
                   80.65               0
                   80.75               1
                   80.85               1
                   80.95               1
                   81.05               1
                   81.15               1
                   81.25               2
                   81.35               0
                   81.45               1
                   81.55               0
                   81.65               0
                   81.75               0
                   81.85               2
                   81.95               0
                   82.05               0
                   82.15               1
                   82.25               0
                   82.35               0
                   82.45               0
                   82.55               1
                   82.65               2
                   82.75               2
                   82.85               1
                   82.95               2
                   83.05               0
                   83.15               0
                   83.25               1
                   83.35               0
                   83.45               1
                   83.55               0
                   83.65               0
                   83.75               0
                   83.85               0
                   83.95               1
                   84.05               0
                   84.15               0
                   84.25               0
                   84.35               0
                   84.45               0
                   84.55               0
                   84.65               1
                   84.75               1
                   84.85               0
                   84.95               0
                   85.05               1
                   85.15               1
                   85.25               0
                   85.35               1
                   85.45               1
                   85.55               3
                   85.65               2
                   85.75               0
                   85.85               1
                   85.95               1
                   86.05               0
                   86.15               0
                   86.25               1
                   86.35               1
                   86.45               0
                   86.55               0
                   86.65               1
                   86.75               0
                   86.85               0
                   86.95               0
                   87.05               0
                   87.15               2
                   87.25               0
                   87.35               0
                   87.45               0
                   87.55               0
                   87.65               0
                   87.75               1
                   87.85               1
                   87.95               0
                   88.05               0
                   88.15               0
                   88.25               0
                   88.35               2
                   88.45               0
                   88.55               0
                   88.65               1
                   88.75               1
                   88.85               0
                   88.95               0
                   89.05               0
                   89.15               0
                   89.25               0
                   89.35               0
                   89.45               0
                   89.55               1
                   89.65               0
                   89.75               0
                   89.85               0
                   89.95               1
                   90.05               1
                   90.15               0
                   90.25               0
                   90.35               2
                   90.45               0
                   90.55               0
                   90.65               0
                   90.75               0
                   90.85               0
                   90.95               1
                   91.05               0
                   91.15               1
                   91.25               0
                   91.35               1
                   91.45               1
                   91.55               3
                   91.65               1
                   91.75               0
                   91.85               0
                   91.95               0
                   92.05               0
                   92.15               0
                   92.25               0
                   92.35               0
                   92.45               0
                   92.55               1
                   92.65               1
                   92.75               0
                   92.85               1
                   92.95               0
                   93.05               1
                   93.15               0
                   93.25               1
                   93.35               2
                   93.45               1
                   93.55               0
                   93.65               0
                   93.75               0
                   93.85               0
                   93.95               1
                   94.05               0
                   94.15               0
                   94.25               0
                   94.35               0
                   94.45               1
                   94.55               0
                   94.65               2
                   94.75               0
                   94.85               1
                   94.95               0
                   95.05               0
                   95.15               2
                   95.25               1
                   95.35               1
                   95.45               1
                   95.55               0
                   95.65               0
                   95.75               0
                   95.85               1
                   95.95               0
                   96.05               0
                   96.15               0
                   96.25               0
                   96.35               0
                   96.45               0
                   96.55               0
                   96.65               1
                   96.75               0
                   96.85               1
                   96.95               0
                   97.05               0
                   97.15               1
                   97.25               0
                   97.35               1
                   97.45               0
                   97.55               1
                   97.65               0
                   97.75               0
                   97.85               0
                   97.95               0
                   98.05               0
                   98.15               1
                   98.25               1
                   98.35               1
                   98.45               0
                   98.55               0
                   98.65               0
                   98.75               1
                   98.85               0
                   98.95               0
                   99.05               1
                   99.15               0
                   99.25               1
                   99.35               2
                   99.45               1
                   99.55               0
                   99.65               0
                   99.75               0
                   99.85               0
                   99.95               1
                  100.05               0
                  100.15               0
                  100.25               0
                  100.35               0
                  100.45               0
                  100.55               0
                  100.65               1
                  100.75               0
                  100.85               1
                  100.95               1
                  101.05               0
                  101.15               0
                  101.25               0
                  101.35               1
                  101.45               0
                  101.55               1
                  101.65               3
                  101.75               0
                  101.85               0
                  101.95               0
                  102.05               1
                  102.15               0
                  102.25               4
                  102.35               0
                  102.45               1
                  102.55               0
                  102.65               2
                  102.75               0
                  102.85               0
                  102.95               0
                  103.05               0
                  103.15               0
                  103.25               0
                  103.35               0
                  103.45               0
                  103.55               0
                  103.65               1
                  103.75               0
                  103.85               0
                  103.95               2
                  104.05               0
                  104.15               1
                  104.25               0
                  104.35               1
                  104.45               1
                  104.55               1
                  104.65               0
                  104.75               1
                  104.85               2
                  104.95               1
                  105.05               0
                  105.15               1
                  105.25               1
                  105.35               0
                  105.45               0
                  105.55               0
                  105.65               1
                  105.75               0
                  105.85               0
                  105.95               1
                  106.05               0
                  106.15               1
                  106.25               0
                  106.35               1
                  106.45               2
                  106.55               0
                  106.65               0
                  106.75               0
                  106.85               0
                  106.95               0
                  107.05               0
                  107.15               2
                  107.25               1
                  107.35               0
                  107.45               0
                  107.55               1
                  107.65               0
                  107.75               1
                  107.85               0
                  107.95               1
                  108.05               1
                  108.15               0
                  108.25               0
                  108.35               0
                  108.45               0
                  108.55               1
                  108.65               0
                  108.75               0
                  108.85               0
                  108.95               0
                  109.05               0
                  109.15               0
                  109.25               0
                  109.35               0
                  109.45               0
                  109.55               1
                  109.65               0
                  109.75               0
                  109.85               0
                  109.95               0
                  110.05               0
                  110.15               0
                  110.25               1
                  110.35               0
                  110.45               0
                  110.55               0
                  110.65               1
                  110.75               1
                  110.85               0
                  110.95               0
                  111.05               0
                  111.15               0
                  111.25               0
                  111.35               0
                  111.45               1
                  111.55               0
                  111.65               1
                  111.75               0
                  111.85               0
                  111.95               0
                  112.05               1
                  112.15               0
                  112.25               1
                  112.35               0
                  112.45               0
                  112.55               2
                  112.65               0
                  112.75               0
                  112.85               1
                  112.95               0
                  113.05               0
                  113.15               0
                  113.25               0
                  113.35               2
                  113.45               0
                  113.55               1
                  113.65               0
                  113.75               0
                  113.85               1
                  113.95               0
                  114.05               0
                  114.15               0
                  114.25               0
                  114.35               0
                  114.45               1
                  114.55               1
                  114.65               0
                  114.75               0
                  114.85               1
                  114.95               1
                  115.05               0
                  115.15               0
                  115.25               0
                  115.35               0
                  115.45               0
                  115.55               0
                  115.65               0
                  115.75               0
                  115.85               0
                  115.95               0
                  116.05               1
                  116.15               0
                  116.25               1
                  116.35               0
                  116.45               0
                  116.55               0
                  116.65               0
                  116.75               0
                  116.85               0
                  116.95               0
                  117.05               0
                  117.15               0
                  117.25               0
                  117.35               0
                  117.45               0
                  117.55               0
                  117.65               0
                  117.75               0
                  117.85               0
                  117.95               0
                  118.05               0
                  118.15               0
                  118.25               1
                  118.35               0
                  118.45               0
                  118.55               0
                  118.65               0
                  118.75               0
                  118.85               0
                  118.95               0
                  119.05               1
                  119.15               0
                  119.25               0
                  119.35               0
                  119.45               0
                  119.55               0
                  119.65               1
                  119.75               0
                  119.85               0
                  119.95               0
                  120.05               1
                  120.15               0
                  120.25               0
                  120.35               0
                  120.45               0
                  120.55               0
                  120.65               1
                  120.75               1
                  120.85               0
                  120.95               0
                  121.05               0
                  121.15               1
                  121.25               0
                  121.35               1
                  121.45               0
                  121.55               0
                  121.65               0
                  121.75               0
                  121.85               0
                  121.95               0
                  122.05               0
                  122.15               0
                  122.25               0
                  122.35               0
                  122.45               0
                  122.55               0
                  122.65               1
                  122.75               1
                  122.85               1
                  122.95               1
                  123.05               0
                  123.15               0
                  123.25               0
                  123.35               0
                  123.45               0
                  123.55               0
                  123.65               0
                  123.75               0
                  123.85               0
                  123.95               1
                  124.05               0
                  124.15               0
                  124.25               0
                  124.35               1
                  124.45               1
                  124.55               2
                  124.65               0
                  124.75               0
                  124.85               0
                  124.95               1
                  125.05               0
                  125.15               1
                  125.25               0
                  125.35               1
                  125.45               0
                  125.55               0
                  125.65               1
                  125.75               0
                  125.85               0
                  125.95               0
                  126.05               0
                  126.15               0
                  126.25               1
                  126.35               0
                  126.45               1
                  126.55               1
                  126.65               0
                  126.75               0
                  126.85               0
                  126.95               0
                  127.05               0
                  127.15               2
                  127.25               1
                  127.35               0
                  127.45               1
                  127.55               1
                  127.65               0
                  127.75               1
                  127.85               0
                  127.95               0
                  128.05               0
                  128.15               0
                  128.25               0
                  128.35               0
                  128.45               0
                  128.55               2
                  128.65               0
                  128.75               1
                  128.85               0
                  128.95               0
                  129.05               0
                  129.15               0
                  129.25               0
                  129.35               0
                  129.45               0
                  129.55               0
                  129.65               0
                  129.75               0
                  129.85               0
                  129.95               0
                  130.05               0
                  130.15               0
                  130.25               0
                  130.35               0
                  130.45               0
                  130.55               1
                  130.65               1
                  130.75               0
                  130.85               0
                  130.95               0
                  131.05               0
                  131.15               0
                  131.25               0
                  131.35               0
                  131.45               0
                  131.55               0
                  131.65               1
                  131.75               0
                  131.85               0
                  131.95               0
                  132.05               0
                  132.15               0
                  132.25               0
                  132.35               0
                  132.45               1
                  132.55               1
                  132.65               2
                  132.75               1
                  132.85               2
                  132.95               0
                  133.05               0
                  133.15               1
                  133.25               1
                  133.35               0
                  133.45               0
                  133.55               0
                  133.65               0
                  133.75               0
                  133.85               1
                  133.95               0
                  134.05               0
                  134.15               0
                  134.25               1
                  134.35               0
                  134.45               0
                  134.55               0
                  134.65               0
                  134.75               1
                  134.85               0
                  134.95               0
                  135.05               1
                  135.15               0
                  135.25               0
                  135.35               0
                  135.45               0
                  135.55               0
                  135.65               0
                  135.75               0
                  135.85               0
                  135.95               0
                  136.05               1
                  136.15               0
                  136.25               0
                  136.35               0
                  136.45               1
                  136.55               0
                  136.65               0
                  136.75               1
                  136.85               0
                  136.95               0
                  137.05               0
                  137.15               0
                  137.25               2
                  137.35               0
                  137.45               1
                  137.55               0
                  137.65               0
                  137.75               0
                  137.85               0
                  137.95               0
                  138.05               0
                  138.15               0
                  138.25               0
                  138.35               1
                  138.45               0
                  138.55               0
                  138.65               0
                  138.75               0
                  138.85               0
                  138.95               0
                  139.05               1
                  139.15               0
                  139.25               1
                  139.35               0
                  139.45               0
                  139.55               0
                  139.65               2
                  139.75               0
                  139.85               3
                  139.95               0
                  140.05               0
                  140.15               0
                  140.25               0
                  140.35               0
                  140.45               0
                  140.55               1
                  140.65               1
                  140.75               0
                  140.85               0
                  140.95               0
                  141.05               1
                  141.15               0
                  141.25               0
                  141.35               0
                  141.45               0
                  141.55               0
                  141.65               0
                  141.75               0
                  141.85               0
                  141.95               0
                  142.05               0
                  142.15               0
                  142.25               1
                  142.35               1
                  142.45               0
                  142.55               1
                  142.65               0
                  142.75               0
                  142.85               0
                  142.95               0
                  143.05               0
                  143.15               0
                  143.25               0
                  143.35               1
                  143.45               0
                  143.55               1
                  143.65               1
                  143.75               0
                  143.85               0
                  143.95               0
                  144.05               1
                  144.15               0
                  144.25               0
                  144.35               0
                  144.45               1
                  144.55               1
                  144.65               0
                  144.75               1
                  144.85               0
                  144.95               1
                  145.05               0
                  145.15               0
                  145.25               0
                  145.35               1
                  145.45               0
                  145.55               0
                  145.65               0
                  145.75               0
                  145.85               0
                  145.95               1
                  146.05               0
                  146.15               0
                  146.25               0
                  146.35               0
                  146.45               0
                  146.55               0
                  146.65               0
                  146.75               0
                  146.85               0
                  146.95               0
                  147.05               1
                  147.15               0
                  147.25               0
                  147.35               0
                  147.45               0
                  147.55               0
                  147.65               0
                  147.75               0
                  147.85               0
                  147.95               2
                  148.05               0
                  148.15               0
                  148.25               0
                  148.35               1
                  148.45               0
                  148.55               0
                  148.65               0
                  148.75               0
                  148.85               0
                  148.95               0
                  149.05               1
                  149.15               0
                  149.25               0
                  149.35               0
                  149.45               0
                  149.55               0
                  149.65               0
                  149.75               0
                  149.85               0
                  149.95               0
                  150.05               0
                  150.15               0
                  150.25               0
                  150.35               0
                  150.45               1
                  150.55               2
                  150.65               0
                  150.75               1
                  150.85               0
                  150.95               1
                  151.05               0
                  151.15               0
                  151.25               0
                  151.35               0
                  151.45               1
                  151.55               0
                  151.65               0
                  151.75               0
                  151.85               0
                  151.95               0
                  152.05               0
                  152.15               0
                  152.25               0
                  152.35               1
                  152.45               0
                  152.55               0
                  152.65               0
                  152.75               1
                  152.85               0
                  152.95               0
                  153.05               0
                  153.15               0
                  153.25               1
                  153.35               0
                  153.45               0
                  153.55               0
                  153.65               0
                  153.75               1
                  153.85               0
                  153.95               0
                  154.05               0
                  154.15               0
                  154.25               0
                  154.35               1
                  154.45               0
                  154.55               0
                  154.65               1
                  154.75               0
                  154.85               1
                  154.95               0
                  155.05               0
                  155.15               0
                  155.25               0
                  155.35               0
                  155.45               0
                  155.55               1
                  155.65               0
                  155.75               0
                  155.85               0
                  155.95               0
                  156.05               0
                  156.15               1
                  156.25               0
                  156.35               2
                  156.45               0
                  156.55               0
                  156.65               0
                  156.75               0
                  156.85               1
                  156.95               0
                  157.05               2
                  157.15               1
                  157.25               0
                  157.35               0
                  157.45               0
                  157.55               1
                  157.65               0
                  157.75               0
                  157.85               0
                  157.95               0
                  158.05               0
                  158.15               0
                  158.25               0
                  158.35               1
                  158.45               0
                  158.55               1
                  158.65               0
                  158.75               0
                  158.85               0
                  158.95               0
                  159.05               0
                  159.15               0
                  159.25               0
                  159.35               1
                  159.45               0
                  159.55               0
                  159.65               1
                  159.75               0
                  159.85               0
                  159.95               0
                  160.05               0
                  160.15               1
                  160.25               0
                  160.35               0
                  160.45               1
                  160.55               0
                  160.65               0
                  160.75               1
                  160.85               0
                  160.95               0
                  161.05               1
                  161.15               0
                  161.25               0
                  161.35               2
                  161.45               1
                  161.55               0
                  161.65               0
                  161.75               1
                  161.85               0
                  161.95               1
                  162.05               0
                  162.15               1
                  162.25               0
                  162.35               0
                  162.45               1
                  162.55               0
                  162.65               0
                  162.75               0
                  162.85               0
                  162.95               1
                  163.05               0
                  163.15               0
                  163.25               0
                  163.35               0
                  163.45               1
                  163.55               1
                  163.65               0
                  163.75               0
                  163.85               0
                  163.95               2
                  164.05               0
                  164.15               0
                  164.25               0
                  164.35               0
                  164.45               0
                  164.55               1
                  164.65               0
                  164.75               0
                  164.85               0
                  164.95               0
                  165.05               0
                  165.15               1
                  165.25               0
                  165.35               0
                  165.45               0
                  165.55               1
                  165.65               1
                  165.75               0
                  165.85               0
                  165.95               0
                  166.05               0
                  166.15               0
                  166.25               2
                  166.35               0
                  166.45               0
                  166.55               1
                  166.65               0
                  166.75               0
                  166.85               0
                  166.95               0
                  167.05               0
                  167.15               0
                  167.25               0
                  167.35               0
                  167.45               0
                  167.55               0
                  167.65               0
                  167.75               0
                  167.85               1
                  167.95               0
                  168.05               0
                  168.15               0
                  168.25               0
                  168.35               0
                  168.45               0
                  168.55               0
                  168.65               0
                  168.75               0
                  168.85               0
                  168.95               0
                  169.05               1
                  169.15               0
                  169.25               0
                  169.35               2
                  169.45               0
                  169.55               0
                  169.65               0
                  169.75               0
                  169.85               0
                  169.95               0
                  170.05               0
                  170.15               0
                  170.25               0
                  170.35               1
                  170.45               0
                  170.55               0
                  170.65               1
                  170.75               0
                  170.85               0
                  170.95               0
                  171.05               0
                  171.15               0
                  171.25               1
                  171.35               0
                  171.45               0
                  171.55               1
                  171.65               0
                  171.75               0
                  171.85               0
                  171.95               0
                  172.05               0
                  172.15               0
                  172.25               0
                  172.35               0
                  172.45               0
                  172.55               1
                  172.65               1
                  172.75               0
                  172.85               0
                  172.95               1
                  173.05               0
                  173.15               0
                  173.25               0
                  173.35               0
                  173.45               1
                  173.55               0
                  173.65               1
                  173.75               0
                  173.85               0
                  173.95               0
                  174.05               0
                  174.15               0
                  174.25               0
                  174.35               0
                  174.45               0
                  174.55               0
                  174.65               0
                  174.75               0
                  174.85               0
                  174.95               1
                  175.05               0
                  175.15               0
                  175.25               0
                  175.35               1
                  175.45               0
                  175.55               0
                  175.65               0
                  175.75               1
                  175.85               0
                  175.95               0
                  176.05               0
                  176.15               0
                  176.25               0
                  176.35               0
                  176.45               0
                  176.55               1
                  176.65               1
                  176.75               0
                  176.85               0
                  176.95               0
                  177.05               0
                  177.15               0
                  177.25               0
                  177.35               0
                  177.45               0
                  177.55               0
                  177.65               0
                  177.75               0
                  177.85               0
                  177.95               0
                  178.05               1
                  178.15               1
                  178.25               0
                  178.35               1
                  178.45               0
                  178.55               0
                  178.65               0
                  178.75               1
                  178.85               0
                  178.95               0
                  179.05               0
                  179.15               0
                  179.25               0
                  179.35               1
                  179.45               0
                  179.55               0
                  179.65               0
                  179.75               0
                  179.85               0
                  179.95               1
                  180.05               0
                  180.15               0
                  180.25               0
                  180.35               0
                  180.45               0
                  180.55               0
                  180.65               0
                  180.75               0
                  180.85               0
                  180.95               0
                  181.05               0
                  181.15               0
                  181.25               0
                  181.35               0
                  181.45               0
                  181.55               0
                  181.65               0
                  181.75               0
                  181.85               0
                  181.95               0
                  182.05               0
                  182.15               0
                  182.25               0
                  182.35               0
                  182.45               0
                  182.55               0
                  182.65               0
                  182.75               0
                  182.85               0
                  182.95               0
                  183.05               0
                  183.15               0
                  183.25               0
                  183.35               0
                  183.45               0
                  183.55               0
                  183.65               0
                  183.75               0
                  183.85               0
                  183.95               0
                  184.05               0
                  184.15               0
                  184.25               0
                  184.35               0
                  184.45               0
                  184.55               0
                  184.65               0
                  184.75               0
                  184.85               0
                  184.95               0
                  185.05               0
                  185.15               0
                  185.25               0
                  185.35               0
                  185.45               0
                  185.55               0
                  185.65               0
                  185.75               0
                  185.85               0
                  185.95               0
                  186.05               0
                  186.15               0
                  186.25               0
                  186.35               0
                  186.45               0
                  186.55               0
                  186.65               0
                  186.75               0
                  186.85               0
                  186.95               0
                  187.05               0
                  187.15               0
                  187.25               0
                  187.35               0
                  187.45               0
                  187.55               0
                  187.65               0
                  187.75               0
                  187.85               0
                  187.95               0
                  188.05               0
                  188.15               0
                  188.25               0
                  188.35               0
                  188.45               0
                  188.55               0
                  188.65               0
                  188.75               0
                  188.85               0
                  188.95               0
                  189.05               0
                  189.15               0
                  189.25               0
                  189.35               0
                  189.45               0
                  189.55               0
                  189.65               0
                  189.75               0
                  189.85               0
                  189.95               0
                  190.05               0
