98.75056	0.009392317
98.72652	0.112707805
98.70248	0.125857049
98.67844	0.092044707
98.6544	0.052596976
98.63036	0.052596976
98.60632	0.060110829
98.58228	0.037569268
98.55824	0.030055415
98.5342	0.033812342
98.51016	0.031933878
98.48612	0.046961585
98.46208	0.046961585
98.43804	0.075138537
98.414	0.122100122
98.38996	0.099558561
98.36592	0.118343195
98.34188	0.116464732
98.31784	0.150277073
98.2938	0.140884756
98.26976	0.129613976
98.24572	0.127735512
98.22168	0.122100122
98.19764	0.125857049
98.1736	0.110829342
98.14956	0.14839861
98.12552	0.167183244
98.10148	0.167183244
98.07744	0.161547854
98.0534	0.197238659
98.02936	0.223537147
98.00532	0.223537147
97.98128	0.229172537
97.95724	0.262984878
97.9332	0.249835634
97.90916	0.306189537
97.88512	0.287404903
97.86108	0.328731098
97.83704	0.392598854
97.813	0.340001878
97.78896	0.390720391
97.76492	0.405748098
97.74088	0.420775805
97.71684	0.477129708
97.6928	0.505306659
97.66876	0.574809806
97.64472	0.552268245
97.62068	0.587959049
97.59664	0.695031464
97.5726	0.745749977
97.54856	0.719451489
97.52452	0.843430074
97.50048	0.772048464
97.47644	0.969287123
97.4524	0.879120879
97.42836	1.061331831
97.40432	1.014370245
97.38028	1.20409505
97.35624	1.277355124
97.3322	1.266084343
97.30816	1.226636611
97.28412	1.335587489
97.26008	1.41260449
97.23604	1.470836855
97.212	1.50652766
97.18796	1.606086221
97.16392	1.669953978
97.13988	1.829623368
97.11584	1.86343571
97.0918	1.876584954
97.06776	1.932938856
97.04372	2.019348173
97.01968	2.17150371
96.99564	2.310510003
96.9716	2.357471588
96.94756	2.205316051
96.92352	2.496477881
96.89948	2.584765662
96.87544	2.626091857
96.8514	2.601671832
96.82736	2.823330516
96.80332	2.817695125
96.77928	2.951066028
96.75524	3.309852541
96.7312	3.182117028
96.70716	3.343664882
96.68312	3.546538931
96.65908	3.657368273
96.63504	3.582229736
96.611	3.734385273
96.58696	3.950408566
96.56292	3.965436273
96.53888	4.064994834
96.51484	4.160796468
96.4908	4.228421151
96.46676	4.397482859
96.44272	4.470742932
96.41868	4.675495445
96.39464	4.703672396
96.3706	4.607870762
96.34656	4.842678689
96.32252	5.165774397
96.29848	5.177045177
96.27444	5.133840518
96.2504	5.357377665
96.22636	5.477599324
96.20232	5.868319714
96.17828	6.112519959
96.15424	5.872076641
96.1302	6.44312952
96.10616	6.163238471
96.08212	6.281581666
96.05808	6.940922326
96.03404	7.040480887
96.01	6.927773082
95.98596	6.66854513
95.96192	7.179487179
95.93788	7.403024326
95.91384	7.684793839
95.8898	7.887667888
95.86576	7.656616887
95.84172	8.00976801
95.81768	8.710434864
95.79364	8.156288156
95.7696	8.518831596
95.74556	9.249553865
95.72152	8.855076547
95.69748	9.061707523
95.67344	9.574528036
95.6494	9.394195548
95.62536	9.397952475
95.60132	9.557621865
95.57728	10.0948624
95.55324	10.16060862
95.5292	10.0948624
95.50516	10.29773645
95.48112	10.51000282
95.45708	11.03221565
95.43304	11.18437118
95.409	11.14304499
95.38496	11.51873767
95.36092	11.30083592
95.33688	11.67089321
95.31284	11.72912558
95.2888	12.20625528
95.26476	12.10481826
95.24072	12.21752606
95.21668	12.36028928
95.19264	12.63830187
95.1686	12.95576219
95.14456	12.97830375
95.12052	13.26758711
95.09648	13.49300272
95.07244	13.30891331
95.0484	13.56438433
95.02436	13.86306002
95.00032	13.79355687
94.97628	13.86118155
94.95224	14.39090824
94.9282	14.75157321
94.90416	14.77035785
94.88012	15.23433831
94.85608	14.8191979
94.83204	15.00328731
94.808	15.65699258
94.78396	15.94251902
94.75992	16.0664976
94.73588	15.79787734
94.71184	15.9894806
94.6878	16.44031182
94.66376	16.66384897
94.63972	16.54738424
94.61568	16.42152719
94.59164	16.52296422
94.5676	16.62815817
94.54356	17.25556495
94.51952	17.57302527
94.49548	17.33633887
94.47144	17.35136658
94.4474	18.00882878
94.42336	18.69634639
94.39932	18.83159575
94.37528	18.67756175
94.35124	19.15844839
94.3272	19.26176388
94.30316	19.62994271
94.27912	19.86475063
94.25508	19.94552456
94.23104	20.20663098
94.207	19.91171222
94.18296	20.39072039
94.15892	21.24542125
94.13488	20.43580351
94.11084	21.48962149
94.0868	21.39006293
94.06276	21.30177515
94.03872	22.07570208
94.01468	22.09448671
93.99064	22.04188973
93.9666	22.29172537
93.94256	22.2541561
93.91852	22.7575843
93.89448	23.08068
93.87044	23.13327698
93.8464	23.51084813
93.82236	24.10444257
93.79832	23.77007608
93.77428	23.87902696
93.75024	24.32422279
93.7262	24.34300742
93.70216	24.8577064
93.67812	24.70555086
93.65408	24.8370433
93.63004	25.40809618
93.606	24.7187001
93.58196	25.34047149
93.55792	25.70301493
93.53388	25.23527754
93.50984	25.52643937
93.4858	25.5865502
93.46176	26.16511693
93.43772	26.0279891
93.41368	26.40368179
93.38964	26.41683103
93.3656	26.94280079
93.34156	27.75993238
93.31752	27.42368742
93.29348	28.54137316
93.26944	28.24081901
93.2454	28.43993613
93.22136	28.84380577
93.19732	28.5545224
93.17328	29.80933596
93.14924	28.85319808
93.1252	29.36789706
93.10116	30.08359162
93.07712	29.58579882
93.05308	29.61585423
93.02904	30.75608153
93.005	31.00216023
92.98096	30.81807082
92.95692	31.47365455
92.93288	31.58448389
92.90884	31.33464826
92.8848	32.33023387
92.86076	31.60702545
92.83672	32.61012492
92.81268	32.89565136
92.78864	32.77355124
92.7646	33.40847187
92.74056	34.17676341
92.71652	33.82173382
92.69248	33.8536677
92.66844	35.06903353
92.6444	34.68582699
92.62036	34.97511036
92.59632	35.52925707
92.57228	35.26815065
92.54824	35.24936602
92.5242	35.81666197
92.50016	35.81854043
92.47612	36.16229924
92.45208	36.38395792
92.42804	36.79534141
92.404	36.95313234
92.37996	37.05644783
92.35592	37.33258195
92.33188	38.20043205
92.30784	38.18540434
92.2838	38.21545975
92.25976	38.90485583
92.23572	39.07016061
92.21168	38.47656617
92.18764	39.31623932
92.1636	39.25612849
92.13956	39.75955668
92.11552	39.41579788
92.09148	40.45083122
92.06744	41.00497793
92.0434	40.9448671
92.01936	41.56476003
91.99532	41.17967503
91.97128	42.41946088
91.94724	42.39691932
91.9232	42.16211139
91.89916	43.11073542
91.87512	43.49769888
91.85108	43.58035127
91.82704	43.28355405
91.803	43.57847281
91.77896	44.67173852
91.75492	44.01991171
91.73088	44.42565981
91.70684	44.88212642
91.6828	45.43815159
91.65876	44.98919884
91.63472	45.72931342
91.61068	46.22898469
91.58664	45.00422654
91.5626	45.80820889
91.53856	47.08556401
91.51452	46.62721893
91.49048	46.37926176
91.46644	46.65727435
91.4424	47.41805203
91.41836	47.32788579
91.39432	47.45186437
91.37028	48.11871889
91.34624	48.1130835
91.3222	47.99661877
91.29816	48.41363764
91.27412	48.99971823
91.25008	48.7498826
91.22604	49.2119846
91.202	48.51131774
91.17796	48.80435804
91.15392	49.66093735
91.12988	49.64966657
91.10584	48.58833474
91.0818	49.74546821
91.05776	50.5419367
91.03372	50.12867474
91.00968	49.89010989
90.98564	50.74293228
90.9616	50.61331831
90.93756	50.62458909
90.91352	51.36658214
90.88948	51.34967597
90.86544	50.68469992
90.8414	51.58636236
90.81736	52.37156006
90.79332	50.65088757
90.76928	51.98271814
90.74524	52.34338311
90.7212	51.93012116
90.69716	51.70470555
90.67312	52.31144923
90.64908	52.58758336
90.62504	52.78482202
90.601	52.30017845
90.57696	52.62703109
90.55292	52.85808209
90.52888	53.28637175
90.50484	53.35587489
90.4808	53.26007326
90.45676	53.53245046
90.43272	53.62449516
90.40868	54.00582324
90.38464	53.79355687
90.3606	53.99079553
90.33656	54.33079741
90.31252	54.31764816
90.28848	54.92814877
90.26444	54.9525688
90.2404	54.82107636
90.21636	55.31886917
90.19232	55.40903541
90.16828	55.26439373
90.14424	55.77721424
90.1202	55.995116
90.09616	56.38959331
90.07212	55.99323753
90.04808	56.380201
90.02404	56.14351461
90	56.05710529
89.97596	56.44594722
89.95192	57.00009392
89.92788	57.32882502
89.90384	57.59744529
89.8798	56.51732883
89.85576	57.46970978
89.83172	58.24363671
89.80768	57.83413168
89.78364	57.96562412
89.7596	58.59866629
89.73556	58.14783507
89.71152	58.35634451
89.68748	58.97999436
89.66344	58.85038039
89.6394	58.28308444
89.61536	59.53977646
89.59132	59.27115619
89.56728	59.18662534
89.54324	59.18098995
89.5192	59.49281488
89.49516	59.71635202
89.47112	59.52474876
89.44708	59.92861839
89.42304	59.45336715
89.399	60.52784822
89.37496	60.60674368
89.35092	60.34563727
89.32688	60.53536207
89.30284	60.92983939
89.2788	61.32619517
89.25476	60.88287781
89.23072	61.27923359
89.20668	61.83901569
89.18264	60.91669015
89.1586	61.53658308
89.13456	62.40067625
89.11052	61.59481544
89.08648	61.80708181
89.06244	62.65051188
89.0384	62.44763783
89.01436	62.08885132
88.99032	62.67305344
88.96628	63.49206349
88.94224	62.94167371
88.9182	62.94167371
88.89416	63.29858176
88.87012	63.1220062
88.84608	63.7381422
88.82204	63.86212079
88.798	63.53526815
88.77396	63.51836198
88.74992	64.26035503
88.72588	64.73184935
88.70184	64.2002442
88.6778	64.48201371
88.65376	64.60411383
88.62972	64.82765098
88.60568	65.20522213
88.58164	64.58720766
88.5576	64.85019254
88.53356	65.08687893
88.50952	64.80510942
88.48548	66.02611064
88.46144	65.07936508
88.4374	65.59406406
88.41336	65.6429041
88.38932	65.96975674
88.36528	66.68920823
88.34124	66.23649854
88.3172	65.85141354
88.29316	66.19141542
88.26912	66.47882032
88.24508	67.05363013
88.22104	66.59152813
88.197	67.22832723
88.17296	67.14003945
88.14892	67.08368555
88.12488	67.65661689
88.10084	67.56645064
88.0768	67.35418428
88.05276	67.36357659
88.02872	67.96280642
88.00468	68.03043111
87.98064	68.24457594
87.9566	67.54766601
87.93256	68.60899784
87.90852	68.31032216
87.88448	68.41927303
87.86044	68.92082277
87.8364	68.1901005
87.81236	68.58457782
87.78832	68.95463511
87.76428	68.62590401
87.74024	69.46745562
87.7162	68.79684418
87.69216	68.4981685
87.66812	69.09551986
87.64408	69.23264769
87.62004	69.52756645
87.596	69.25894618
87.57196	69.27960928
87.54792	69.8281206
87.52388	69.9201653
87.49984	70.07607777
87.4758	69.85254062
87.45176	69.91077299
87.42772	70.85376162
87.40368	70.62834601
87.37964	69.80933596
87.3556	71.44923453
87.33156	70.62834601
87.30752	70.45364892
87.28348	71.17497887
87.25944	70.9420494
87.2354	70.58889828
87.21136	71.33464826
87.18732	71.49056072
87.16328	71.13365267
87.13924	71.7328825
87.1152	71.55067155
87.09116	72.18934911
87.06712	71.99398892
87.04308	71.93387809
87.01904	72.59134028
86.995	72.00150277
86.97096	71.36094675
86.94692	72.95200526
86.92288	72.3133277
86.89884	72.06349206
86.8748	72.93134216
86.85076	72.99145299
86.82672	73.26383019
86.80268	73.31830563
86.77864	72.81863436
86.7546	73.66394289
86.73056	73.92880624
86.70652	74.14482953
86.68248	73.94007702
86.65844	73.59819668
86.6344	74.07720485
86.61036	74.12040951
86.58632	74.43974829
86.56228	75.17234902
86.53824	74.40030055
86.5142	74.19930497
86.49016	74.89245797
86.46612	75.1836198
86.44208	74.6801916
86.41804	74.63510848
86.394	74.48670987
86.36996	74.81731943
86.34592	75.2193106
86.32188	75.46914624
86.29784	75.24560909
86.2738	75.67765568
86.24976	75.81102658
86.22572	76.08340378
86.20168	75.88804358
86.17764	75.8204189
86.1536	76.12285151
86.12956	75.97820982
86.10552	76.48915187
86.08148	76.17357002
86.05744	76.49478726
86.0334	76.46848878
86.00936	76.36141636
85.98532	76.62252278
85.96128	76.64882126
85.93724	76.14915
85.9132	76.64882126
85.88916	76.83854607
85.86512	76.66948436
85.84108	76.8986569
85.81704	77.458439
85.793	77.49037287
85.76896	77.59932375
85.74492	77.16727717
85.72088	77.3607589
85.69684	77.62937917
85.6728	78.29435522
85.64876	77.34385273
85.62472	77.91678407
85.60068	77.89612097
85.57664	78.44463229
85.5526	77.98628722
85.52856	77.86230863
85.50452	78.47093078
85.48048	78.27932751
85.45644	78.31313985
85.4324	78.54794778
85.40836	78.53104161
85.38432	79.13966376
85.36028	78.9424251
85.33624	79.14529915
85.3122	78.56673241
85.28816	78.56861088
85.26412	78.91612661
85.24008	79.16596224
85.21604	79.36695783
85.192	78.91236968
85.16796	79.0344698
85.14392	78.79402649
85.11988	78.71325256
85.09584	79.11336527
85.0718	79.26739927
85.04776	78.76021414
85.02372	79.72574434
84.99968	79.43646097
84.97564	79.16408378
84.9516	79.5172349
84.92756	80.04884005
84.90352	79.8816568
84.87948	79.88353527
84.85544	80.77956232
84.8314	81.43326759
84.80736	81.29050437
84.78332	81.57415234
84.75928	81.08575185
84.73524	81.08950878
84.7112	81.41072603
84.68716	81.67746783
84.66312	81.23602893
84.63908	81.72818634
84.61504	81.58918005
84.591	81.67558937
84.56696	81.87282803
84.54292	81.39757678
84.51888	82.30675308
84.49484	82.11327134
84.4708	81.98365737
84.44676	82.22222222
84.42272	82.12642059
84.39868	82.35371466
84.37464	82.19968066
84.3506	82.41006856
84.32656	82.92101061
84.30252	82.72940734
84.27848	82.96609374
84.25444	82.59791491
84.2304	82.92852447
84.20636	82.81957359
84.18232	83.24034939
84.15828	83.33051564
84.13424	82.71062271
84.1102	82.86653517
84.08616	83.06377383
84.06212	82.94543064
84.03808	82.83835822
84.01404	83.04311074
83.99	83.0656523
83.96596	82.67868883
83.94192	83.22720015
83.91788	83.43758805
83.89384	83.38311261
83.8698	83.20653705
83.84576	83.54090354
83.82172	83.388748
83.79768	83.35117874
83.77364	83.59913591
83.7496	83.03559688
83.72556	83.94665164
83.70152	83.98046398
83.67748	84.09129332
83.65344	83.42256035
83.6294	84.0105194
83.60536	84.07814408
83.58132	84.36554898
83.55728	84.05935944
83.53324	84.26599042
83.5092	84.05560252
83.48516	84.66610313
83.46112	84.47074293
83.43708	84.29604583
83.41304	84.7600263
83.389	84.20963652
83.36496	84.50455527
83.34092	84.7036724
83.31688	84.63041232
83.29284	84.87085564
83.2688	84.77693247
83.24476	84.3336151
83.22072	85.11881281
83.19668	85.00046962
83.17264	84.7600263
83.1486	84.60787076
83.12456	84.72245703
83.10052	85.09814971
83.07648	84.7600263
83.05244	84.87649103
83.0284	84.58720766
83.00436	85.28975298
82.98032	84.82765098
82.95628	85.6072133
82.93224	85.11693435
82.9082	85.27660374
82.88416	84.9347234
82.86012	85.2221283
82.83608	85.19019442
82.81204	85.36113459
82.788	85.44378698
82.76396	85.22588523
82.73992	85.93218747
82.71588	85.59218559
82.69184	85.60345637
82.6678	85.7405842
82.64376	85.69550108
82.61972	85.90401052
82.59568	85.5508594
82.57164	85.84577815
82.5476	85.87019818
82.52356	85.99417676
82.49952	85.76500423
82.47548	85.59782098
82.45144	86.0336245
82.4274	85.84389969
82.40336	86.21959237
82.37932	86.60279891
82.35528	85.84953508
82.33124	86.56335118
82.3072	86.61970508
82.28316	86.31727247
82.25912	86.73241289
82.23508	87.22081337
82.21104	86.3980464
82.187	86.58025735
82.16296	87.01230394
82.13892	86.05053067
82.11488	86.25904011
82.09084	87.00854701
82.0668	87.03672396
82.04276	86.92589462
82.01872	86.50887574
81.99468	86.70987133
81.97064	86.96534235
81.9466	87.04235935
81.92256	86.74931906
81.89852	87.17009486
81.87448	87.16633794
81.85044	87.04048089
81.8264	86.84136376
81.80236	87.10810557
81.77832	87.23396262
81.75428	87.2452334
81.73024	87.16070255
81.7062	87.34667042
81.68216	87.34854889
81.65812	87.64158918
81.63408	87.46877055
81.61004	87.42368742
81.586	87.09871325
81.56196	87.39363201
81.53792	87.75429699
81.51388	87.67540152
81.48984	87.73363389
81.4658	87.89142481
81.44176	88.05297267
81.41772	87.43683667
81.39368	88.23330516
81.36964	88.36291913
81.3456	87.97783413
81.32156	88.13562506
81.29752	88.40800225
81.27348	88.02855264
81.24944	88.19949281
81.2254	88.46623462
81.20136	88.02103879
81.17732	88.25584672
81.15328	88.00788955
81.12924	88.43617921
81.1052	88.21264206
81.08116	88.67474406
81.05712	88.31595755
81.03308	88.22203438
81.00904	88.58833474
80.985	88.7649103
80.96096	88.43430074
80.93692	88.07739269
80.91288	88.71043486
80.88884	88.67474406
80.8648	88.87573964
80.84076	88.54137316
80.81672	88.96590589
80.79268	88.80811496
80.76864	88.87761811
80.7446	89.05043674
80.72056	89.02413825
80.69652	88.97529821
80.67248	88.57330703
80.64844	88.76678877
80.6244	89.22137691
80.60036	88.8062365
80.57632	88.99408284
80.55228	89.22889077
80.52824	89.3246924
80.5042	89.20071382
80.48016	89.03353057
80.45612	89.55950033
80.43208	88.97154128
80.40804	89.41861557
80.384	89.37541091
80.35996	89.54447262
80.33592	88.85695501
80.31188	89.61961116
80.28784	89.48624026
80.2638	89.21386306
80.23976	89.39043862
80.21572	89.13308913
80.19168	89.64966657
80.16764	89.46557716
80.1436	89.12745374
80.11956	89.73419743
80.09552	89.34159857
80.07148	89.30215084
80.04744	89.3246924
80.0234	89.74546821
79.99936	89.8074575
79.97532	89.44115713
79.95128	89.67972199
79.92724	89.68160045
79.9032	89.88635296
79.87916	89.32844933
79.85512	89.48999718
79.83108	89.78115901
79.80704	89.82999906
79.783	89.7304405
79.75896	90.37287499
79.73492	90.23950409
79.71088	89.41861557
79.68684	89.92955762
79.6628	90.15121631
79.63876	90.12867474
79.61472	90.02348079
79.59068	90.20569174
79.56664	89.98591152
79.5426	90.66967221
79.51856	90.08734855
79.49452	90.3672396
79.47048	90.44801352
79.44644	90.34094111
79.4224	90.41232272
79.39836	90.49497511
79.37432	90.4029304
79.35028	90.38602423
79.32624	90.23762562
79.3022	90.40668733
79.27816	90.83122006
79.25412	90.28458721
79.23008	90.71663379
79.20604	90.39541655
79.182	90.35596882
79.15796	90.20381328
79.13392	90.76923077
79.10988	90.68094299
79.08584	90.41420118
79.0618	90.55884287
79.03776	90.65652296
79.01372	90.58138443
78.98968	91.14680192
78.96564	90.7109984
78.9416	90.56447826
78.91756	90.88006011
78.89352	90.95519865
78.86948	90.61519677
78.84544	91.26890204
78.8214	91.11862496
78.79736	91.29332206
78.77332	91.12613882
78.74928	91.15055884
78.72524	91.46426223
78.7012	91.25950972
78.67716	91.48868226
78.65312	91.37785292
78.62908	91.70470555
78.60504	92.20437682
78.581	91.77608716
78.55696	91.43608528
78.53292	91.95454119
78.50888	92.08791209
78.48484	92.18183526
78.4608	92.19122758
78.43676	91.98835353
78.41272	92.21752606
78.38868	92.32647694
78.36464	92.17432141
78.3406	92.04846436
78.31656	92.10481826
78.29252	92.2156476
78.26848	92.30205692
78.24444	92.23255377
78.2204	92.00150277
78.19636	92.52935099
78.17232	92.40161548
78.14828	92.81487743
78.12424	92.57631258
78.1002	92.55940641
78.07616	92.17432141
78.05212	92.20813375
78.02808	92.20437682
78.00404	92.30957077
77.98	92.55189255
77.95596	92.73598197
77.93192	92.69653423
77.90788	92.71344041
77.88384	92.59885414
77.8598	92.59885414
77.83576	92.47675402
77.81172	92.86935287
77.78768	93.12294543
77.76364	92.73973889
77.7396	92.92570677
77.71556	92.51432328
77.69152	92.57067719
77.66748	93.1191885
77.64344	92.71719733
77.6194	92.61763877
77.59536	92.99708838
77.57132	92.82614821
77.54728	92.74725275
77.52324	93.19808397
77.4992	92.67962806
77.47516	93.2168686
77.45112	93.08161924
77.42708	92.64581572
77.40304	93.25255941
77.379	93.59068282
77.35496	92.89189443
77.33092	93.11731004
77.30688	93.28825021
77.28284	92.89940828
77.2588	93.39532263
77.23476	93.03653611
77.21072	93.03090072
77.18668	93.35775336
77.16264	93.09852541
77.1386	93.51178736
77.11456	93.34836104
77.09052	92.86559594
77.06648	92.99145299
77.04244	93.28261482
77.0184	92.94261294
76.99436	93.49488119
76.97032	93.52305814
76.94628	92.75100967
76.92224	93.36714567
76.8982	92.73034658
76.87416	93.29200714
76.85012	93.67709214
76.82608	93.69587677
76.80204	93.58316897
76.778	93.38968724
76.75396	93.55123509
76.72992	93.75035221
76.70588	93.73344604
76.68184	93.86306002
76.6578	93.71841833
76.63376	93.32018409
76.60972	93.88372311
76.58568	93.60946746
76.56164	93.41598572
76.5376	93.9870386
76.51356	94.01145863
76.48952	93.57753358
76.46548	93.92880624
76.44144	94.41532826
76.4174	93.72405372
76.39336	94.09411102
76.36932	94.11853104
76.34528	94.22560346
76.32124	93.98140321
76.2972	93.98328168
76.27316	93.74847375
76.24912	94.5468207
76.22508	93.68460599
76.20104	94.14858646
76.177	94.38527285
76.15296	94.26317272
76.12892	94.0640556
76.10488	93.98140321
76.08084	94.18991265
76.0568	94.21621114
76.03276	94.3570959
76.00872	94.02648633
75.98468	94.31389124
75.96064	94.16924955
75.9366	94.09035409
75.91256	94.66328543
75.88852	94.78914248
75.86448	94.0077017
75.84044	94.74030243
75.8164	94.42847751
75.79236	94.73091012
75.76832	94.28383582
75.74428	94.63886541
75.72024	94.6651639
75.6962	94.39654363
75.67216	94.70649009
75.64812	94.72339626
75.62408	94.37588053
75.60004	94.18052033
75.576	94.40405748
75.55196	94.62008077
75.52792	94.7215178
75.50388	94.36836668
75.47984	94.53930685
75.4558	94.49422372
75.43176	94.39466516
75.40772	94.5261576
75.38368	94.16361416
75.35964	94.88682258
75.3356	94.42847751
75.31156	94.28195736
75.28752	94.22936038
75.26348	94.62571616
75.23944	94.4698037
75.2154	94.76096553
75.19136	94.46228985
75.16732	94.46041138
75.14328	94.73842397
75.11924	94.67267775
75.0952	94.69709777
75.07116	94.43223443
75.04712	94.37775899
75.02308	94.8191979
74.99904	94.4341129
74.975	94.71212548
74.95096	94.28947121
74.92692	94.69334085
74.90288	94.97886729
74.87884	94.63886541
74.8548	94.84737485
74.83076	94.6801916
74.80672	94.60129614
74.78268	94.96008265
74.75864	94.54494224
74.7346	94.80980558
74.71056	94.64637926
74.68652	94.65013619
74.66248	94.40030055
74.63844	95.27754297
74.6144	94.94881187
74.59036	94.49798065
74.56632	94.67643468
74.54228	94.71776087
74.51824	94.32891894
74.4942	94.39090824
74.47016	94.58626843
74.44612	94.56184841
74.42208	94.54118531
74.39804	94.46041138
74.374	94.81356251
74.34996	94.50925143
74.32592	94.91687799
74.30188	94.30637738
74.27784	94.2387527
74.2538	94.49985912
74.22976	94.4341129
74.20572	94.21057575
74.18168	94.34958204
74.15764	95.10472434
74.1336	94.00206631
74.10956	94.87367334
74.08552	94.57311919
74.06148	94.59753921
74.03744	94.42284212
74.0134	94.42659904
73.98936	94.46792524
73.96532	94.70836855
73.94128	94.47543909
73.91724	94.66140697
73.8932	94.73278858
73.86916	94.55621302
73.84512	94.97511036
73.82108	95.39588617
73.79704	94.72903165
73.773	94.48483141
73.74896	94.71212548
73.72492	94.78914248
73.70088	94.84361792
73.67684	94.83610407
73.6528	95.1422936
73.62876	94.80417019
73.60472	95.27378604
73.58068	95.27002912
73.55664	95.09345355
73.5326	95.28505682
73.50856	95.21555368
73.48452	95.1836198
73.46048	94.64262233
73.43644	94.94881187
73.4124	95.19864751
73.38836	95.27942143
73.36432	95.12538743
73.34028	95.22306753
73.31624	95.25124448
73.2922	94.76847938
73.26816	94.88494412
73.24412	94.99953038
73.22008	95.12163051
73.19604	94.89057951
73.172	94.83798253
73.14796	95.10096741
73.12392	95.0859397
73.09988	94.88118719
73.07584	95.27190758
73.0518	95.39025077
73.02776	94.93002724
73.00372	95.18737673
72.97968	95.34516765
72.95564	95.20052597
72.9316	94.76660092
72.90756	95.3583169
72.88352	95.50859397
72.85948	95.38837231
72.83544	95.6663849
72.8114	95.12350897
72.78736	95.64196487
72.76332	95.38649385
72.73928	95.64384334
72.71524	95.28505682
72.6912	95.11599512
72.66716	95.22494599
72.64312	95.46163238
72.61908	95.5893679
72.59504	95.26627219
72.571	95.19676904
72.54696	95.6043956
72.52292	95.13477975
72.49888	95.83732507
72.47484	95.34892458
72.4508	95.26439373
72.42676	95.28881375
72.40272	94.65577158
72.37868	95.19113365
72.35464	95.22306753
72.3306	96.10030995
72.30656	95.28881375
72.28252	94.52427914
72.25848	95.18549826
72.23444	95.5273786
72.2104	95.31886917
72.18636	95.14792899
72.16232	94.94693341
72.13828	95.29257068
72.11424	95.39964309
72.0902	95.08218277
72.06616	95.3940077
72.04212	94.75157321
72.01808	95.23621677
71.99404	95.65887104
71.97	95.45224007
71.94596	95.04837043
71.92192	95.36019536
71.89788	94.86803794
71.87384	94.95069034
71.8498	95.39776463
71.82576	95.35268151
71.80172	94.72339626
71.77768	95.57434019
71.75364	95.06151968
71.7296	94.89245797
71.70556	95.30947685
71.68152	95.21367521
71.65748	95.30008453
71.63344	95.35268151
71.6094	94.8755518
71.58536	95.24185216
71.56132	95.19864751
71.53728	95.0652766
71.51324	95.00704424
71.4892	95.17610595
71.46516	95.56682634
71.44112	95.75467268
71.41708	95.04837043
71.39304	95.41654926
71.369	95.46726777
71.34496	95.22494599
71.32092	95.41842773
71.29688	95.11035973
71.27284	95.0295858
71.2488	95.69268338
71.22476	95.11223819
71.20072	95.16859209
71.17668	95.48605241
71.15264	95.07654738
71.1286	95.16671363
71.10456	95.27942143
71.08052	95.08218277
71.05648	95.23621677
71.03244	95.40340002
71.0084	94.94881187
70.98436	95.39588617
70.96032	95.30196299
70.93628	95.06903353
70.91224	95.26815065
70.8882	95.34892458
70.86416	95.14417207
70.84012	94.93754109
70.81608	95.49544473
70.79204	95.11035973
70.768	95.03897812
70.74396	95.2193106
70.71992	95.17610595
70.69588	94.99953038
70.67184	95.48229548
70.6478	95.57058326
70.62376	95.37897999
70.59972	95.14417207
70.57568	95.71898187
70.55164	95.20803982
70.5276	95.43721236
70.50356	95.43721236
70.47952	95.13477975
70.45548	95.71146802
70.43144	95.72461726
70.4074	95.56306941
70.38336	95.5687048
70.35932	95.3169907
70.33528	95.65887104
70.31124	95.51986475
70.2872	95.40903541
70.26316	95.95754673
70.23912	95.41654926
70.21508	95.6043956
70.19104	95.76594346
70.167	95.60251714
70.14296	95.42782004
70.11892	96.00262985
70.09488	95.58185404
70.07084	95.61378792
70.0468	96.23368085
70.02276	95.82229736
69.99872	96.0871607
69.97468	95.87489434
69.95064	96.52484268
69.9266	95.62693717
69.90256	95.52925707
69.87852	95.49732319
69.85448	95.98760214
69.83044	95.54616324
69.8064	95.96693904
69.78236	96.00450831
69.75832	95.82605429
69.73428	95.8561097
69.71024	95.87113741
69.6862	96.14915
69.66216	95.91997746
69.63812	96.15478539
69.61408	96.10218841
69.59004	96.38959331
69.566	96.06837607
69.54196	96.08528224
69.51792	95.84671739
69.49388	95.88804358
69.46984	95.82229736
69.4458	96.13600075
69.42176	96.22053161
69.39772	95.85798817
69.37368	96.10406687
69.34964	95.79412041
69.3256	95.96130365
69.30156	95.91622053
69.27752	95.48417395
69.25348	95.62130178
69.22944	95.44284775
69.2054	95.14605053
69.18136	95.99323753
69.15732	95.7997558
69.13328	95.79599887
69.10924	96.17357002
69.0852	96.31069785
69.06116	95.79599887
69.03712	95.65699258
69.01308	96.00262985
68.98904	96.25246548
68.965	95.6043956
68.94096	95.96881751
68.91692	96.35390251
68.89288	96.35390251
68.86884	95.6457218
68.8448	95.99135907
68.82076	96.69953978
68.79672	96.57556119
68.77268	96.95125387
68.74864	96.72959519
68.7246	96.89677844
68.70056	96.59810275
68.67652	96.93810463
68.65248	96.84418146
68.62844	96.85920917
68.6044	96.81224758
68.58036	96.66384897
68.55632	96.88550765
68.53228	97.07147553
68.50824	96.98506622
68.4842	96.97379544
68.46016	97.10153095
68.43612	96.98882314
68.41208	96.50981497
68.38804	96.26749319
68.364	96.73335212
68.33996	97.08086785
68.31592	96.842303
68.29188	97.04517705
68.26784	96.42152719
68.2438	96.35765943
68.21976	96.22053161
68.19572	96.3952287
68.17168	96.22428853
68.14764	96.47036724
68.1236	96.67324129
68.09956	96.55114117
68.07552	96.39147178
68.05148	96.22053161
68.02744	96.11533765
68.0034	96.26937165
67.97936	96.42716258
67.95532	96.73898751
67.93128	96.70705363
67.90724	96.63003663
67.8832	96.55114117
67.85916	96.46661031
67.83512	96.56241195
67.81108	97.14473561
67.78704	96.94186156
67.763	96.85920917
67.73896	96.85545224
67.71492	96.89114304
67.69088	96.54174885
67.66684	96.88550765
67.6428	96.74837983
67.61876	96.70141824
67.59472	96.86484456
67.57068	96.76152907
67.54664	96.71644595
67.5226	96.46285339
67.49856	96.67511975
67.47452	96.37644407
67.45048	96.35014558
67.42644	96.62064431
67.4024	96.59998122
67.37836	96.81036912
67.35432	96.4722457
67.33028	96.80661219
67.30624	96.68639053
67.2822	96.11158073
67.25816	96.92871231
67.23412	96.39335024
67.21008	96.41213487
67.18604	96.59810275
67.162	96.71081056
67.13796	96.56241195
67.11392	97.10716634
67.08988	96.49478726
67.06584	96.91180614
67.0418	96.80661219
67.01776	96.63567202
66.99372	96.84981685
66.96968	97.31379731
66.94564	96.6262797
66.9216	96.688269
66.89756	96.85357378
66.87352	96.88738612
66.84948	96.77467831
66.82544	96.91180614
66.8014	97.0526909
66.77736	96.96252465
66.75332	97.06396168
66.72928	96.86108763
66.70524	97.073354
66.6812	97.12219405
66.65716	97.2630788
66.63312	97.33821734
66.60908	97.29125575
66.58504	97.22550953
66.561	97.12595097
66.53696	97.30064807
66.51292	97.06020475
66.48888	97.15412792
66.46484	97.30816192
66.4408	97.47534517
66.41676	97.12595097
66.39272	97.07898939
66.36868	97.35136658
66.34464	97.04705551
66.3206	97.21611722
66.29656	97.64440688
66.27252	97.13346483
66.24848	96.93998309
66.22444	97.34385273
66.2004	97.09401709
66.17636	97.37954353
66.15232	97.28562036
66.12828	96.99070161
66.10424	97.03390626
66.0802	97.00009392
66.05616	97.05644783
66.03212	97.53733446
66.00808	97.13158636
65.98404	97.47158824
65.96	96.80285526
65.93596	97.04142012
65.91192	97.46783131
65.88788	97.09401709
65.86384	97.381422
65.8398	97.56175448
65.81576	96.98318775
65.79172	97.36639429
65.76768	97.02639241
65.74364	96.8573307
65.7196	97.29125575
65.69556	97.39081431
65.67152	97.25556495
65.64748	97.42274819
65.62344	97.30628346
65.5994	97.19545412
65.57536	97.38705739
65.55132	97.68761153
65.52728	97.47910209
65.50324	97.49788673
65.4792	97.72142388
65.45516	97.64252841
65.43112	97.11468019
65.40708	97.63877148
65.38304	97.66319151
65.359	97.304405
65.33496	97.67258383
65.31092	97.64628534
65.28688	97.7045177
65.26284	97.40208509
65.2388	97.94871795
65.21476	97.47722363
65.19072	97.87357941
65.16668	97.79844088
65.14264	97.14473561
65.1186	97.68573307
65.09456	97.52794214
65.07052	97.43214051
65.04648	97.54484831
65.02244	97.54296985
64.9984	97.27247112
64.97436	97.5147929
64.95032	97.55611909
64.92628	97.32694656
64.90224	97.80407627
64.8782	97.54109139
64.85416	97.57302527
64.83012	97.69136846
64.80608	97.46219592
64.78204	97.71954541
64.758	97.95247488
64.73396	97.68573307
64.70992	97.79092702
64.68588	97.4377759
64.66184	97.33633887
64.6378	97.44153283
64.61376	97.48285902
64.58972	97.53921292
64.56568	97.93369024
64.54164	97.51854983
64.5176	97.63877148
64.49356	97.73833005
64.46952	97.77777778
64.44548	97.28562036
64.42144	97.3400958
64.3974	97.21048183
64.37336	97.06208322
64.34932	97.62186531
64.32528	97.62186531
64.30124	97.79468395
64.2772	97.55799756
64.25316	97.73269466
64.22912	97.65755612
64.20508	97.27434958
64.18104	97.50540058
64.157	97.76275007
64.13296	97.49037287
64.10892	97.18042641
64.08488	96.81224758
64.06084	97.63501456
64.0368	97.61998685
64.01276	97.56738988
63.98872	97.18042641
63.96468	97.27810651
63.94064	97.2424157
63.9166	97.0526909
63.89256	97.34197427
63.86852	97.25932187
63.84448	97.09965248
63.82044	97.40772048
63.7964	97.99567953
63.77236	97.71203156
63.74832	96.82539683
63.72428	97.22175261
63.70024	97.39269278
63.6762	97.08274631
63.65216	97.48098056
63.62812	97.15224946
63.60408	97.24053724
63.58004	97.13722175
63.556	97.31755424
63.53196	97.58993144
63.50792	96.79534141
63.48388	97.07711092
63.45984	96.89302151
63.4358	96.97943083
63.41176	97.07898939
63.38772	96.55301963
63.36368	97.07523246
63.33964	97.16727717
63.3156	97.16352024
63.29156	97.10716634
63.26752	97.19169719
63.24348	97.17291256
63.21944	97.08274631
63.1954	96.94186156
63.17136	96.90053536
63.14732	97.41335587
63.12328	97.19545412
63.09924	96.73710904
63.0752	97.11092326
63.05116	97.28186344
63.02712	96.56053348
63.00308	96.9343477
62.97904	96.83666761
62.955	96.60373814
62.93096	97.17854795
62.90692	97.27247112
62.88288	96.96252465
62.85884	96.93810463
62.8348	97.58429605
62.81076	97.10716634
62.78672	97.04705551
62.76268	97.24617263
62.73864	97.46595285
62.7146	97.32882502
62.69056	97.21048183
62.66652	97.63877148
62.64248	97.01324317
62.61844	97.40396356
62.5944	97.49976519
62.57036	97.36827275
62.54632	97.20108951
62.52228	97.19169719
62.49824	97.23114492
62.4742	97.073354
62.45016	97.33070348
62.42612	97.36263736
62.40208	97.20860336
62.37804	97.04705551
62.354	97.5504837
62.32996	97.03766319
62.30592	97.33821734
62.28188	97.57490373
62.25784	97.18794026
62.2338	97.59368836
62.20976	97.6688269
62.18572	97.39081431
62.16168	97.44904668
62.13764	97.38893585
62.1136	97.51291444
62.08956	97.65755612
62.06552	97.47910209
62.04148	97.66694844
62.01744	97.75711468
61.9934	97.54109139
61.96936	97.16164178
61.94532	97.22175261
61.92128	97.42650512
61.89724	97.29313422
61.8732	97.5918099
61.84916	97.45092514
61.82512	97.54296985
61.80108	97.13534329
61.77704	97.535456
61.753	97.42462666
61.72896	97.39832817
61.70492	97.22363107
61.68088	97.60683761
61.65684	97.37766507
61.6328	97.65943458
61.60876	97.13158636
61.58472	97.14097868
61.56068	97.9412041
61.53664	97.32318963
61.5126	97.45656053
61.48856	97.65567766
61.46452	97.45656053
61.44048	97.79656241
61.41644	97.47910209
61.3924	97.49225134
61.36836	97.46031746
61.34432	97.34760966
61.32028	97.52418522
61.29624	97.22175261
61.2722	97.37202968
61.24816	97.48098056
61.22412	97.35324505
61.20008	97.3964497
61.17604	97.34573119
61.152	97.65567766
61.12796	97.07711092
61.10392	97.83225322
61.07988	97.14097868
61.05584	97.56363295
61.0318	97.31567578
61.00776	97.28186344
60.98372	97.50540058
60.95968	97.68949
60.93564	97.47910209
60.9116	97.57678219
60.88756	97.49788673
60.86352	97.34948812
60.83948	97.21611722
60.81544	97.50352212
60.7914	97.4377759
60.76736	97.66694844
60.74332	96.89114304
60.71928	97.39081431
60.69524	97.0320278
60.6712	96.90053536
60.64716	97.16727717
60.62312	97.19169719
60.59908	97.23490185
60.57504	97.06959707
60.551	97.50915751
60.52696	97.55424063
60.50292	96.86484456
60.47888	97.37390814
60.45484	97.70263924
60.4308	97.8021978
60.40676	97.32506809
60.38272	97.04893397
60.35868	97.44904668
60.33464	97.535456
60.3106	97.15412792
60.28656	97.27434958
60.26252	96.75401522
60.23848	96.75213675
60.21444	96.79346295
60.1904	96.72020287
60.16636	97.24805109
60.14232	97.10716634
60.11828	96.9343477
60.09424	96.66009204
60.0702	96.79909834
60.04616	97.14285714
60.02212	97.08274631
59.99808	96.85545224
59.97404	97.26871419
59.95	97.10340941
59.92596	96.9756739
59.90192	97.07898939
59.87788	97.24429417
59.85384	97.26871419
59.8298	97.12219405
59.80576	97.15788485
59.78172	97.1090448
59.75768	97.58241758
59.73364	97.74772236
59.7096	97.40020663
59.68556	97.12782944
59.66152	97.40772048
59.63748	97.26120034
59.61344	97.58053912
59.5894	97.40772048
59.56536	97.50915751
59.54132	97.18794026
59.51728	97.38330046
59.49324	97.4171128
59.4692	97.61435146
59.44516	97.4941298
59.42112	97.50164366
59.39708	97.34948812
59.37304	97.34948812
59.349	97.48098056
59.32496	97.16915563
59.30092	97.58617451
59.27688	97.80031934
59.25284	97.50164366
59.2288	97.38705739
59.20476	97.56551141
59.18072	97.39269278
59.15668	97.48098056
59.13264	97.48661595
59.1086	97.96750258
59.08456	96.97191697
59.06052	97.79468395
59.03648	97.39269278
59.01244	97.59368836
58.9884	97.73457312
58.96436	97.25368648
58.94032	97.27810651
58.91628	97.35324505
58.89224	97.49788673
58.8682	97.52418522
58.84416	97.43589744
58.82012	97.81722551
58.79608	97.26683573
58.77204	97.2067249
58.748	97.44904668
58.72396	97.23490185
58.69992	97.21611722
58.67588	97.535456
58.65184	97.02263548
58.6278	97.29501268
58.60376	97.11280173
58.57972	97.28937729
58.55568	97.72142388
58.53164	97.14285714
58.5076	97.31567578
58.48356	97.52606368
58.45952	97.25556495
58.43548	97.13346483
58.41144	97.76087161
58.3874	97.3607589
58.36336	97.18418334
58.33932	97.56551141
58.31528	97.52606368
58.29124	97.29689114
58.2672	97.64064995
58.24316	97.58429605
58.21912	97.05081244
58.19508	97.37390814
58.17104	97.37766507
58.147	97.68573307
58.12296	97.4377759
58.09892	97.93932563
58.07488	97.57678219
58.05084	97.81910397
58.0268	97.51667136
58.00276	97.59556683
57.97872	97.73645158
57.95468	97.4171128
57.93064	97.83225322
57.9066	97.90739175
57.88256	97.92617639
57.85852	97.4734667
57.83448	97.58241758
57.81044	97.84164553
57.7864	97.54672678
57.76236	97.80031934
57.73832	97.50540058
57.71428	97.67634075
57.69024	97.80783319
57.6662	97.61998685
57.64216	97.40208509
57.61812	97.67821922
57.59408	97.63125763
57.57004	97.58241758
57.546	97.57490373
57.52196	97.4734667
57.49792	97.39457124
57.47388	97.60495914
57.44984	97.79280549
57.4258	97.58429605
57.40176	97.60683761
57.37772	97.66506997
57.35368	97.65192073
57.32964	97.65004227
57.3056	97.47158824
57.28156	97.71203156
57.25752	97.66131305
57.23348	97.304405
57.20944	97.43589744
57.1854	97.53357753
57.16136	97.51103597
57.13732	97.72705927
57.11328	97.54484831
57.08924	97.7251808
57.0652	97.57490373
57.04116	97.78717009
57.01712	97.47534517
56.99308	97.48661595
56.96904	97.43401897
56.945	97.77402085
56.92096	97.69136846
56.89692	98.02385649
56.87288	97.32318963
56.84884	97.31379731
56.8248	97.62937917
56.80076	98.03700573
56.77672	97.76838546
56.75268	97.73645158
56.72864	98.03512727
56.7046	98.26054288
56.68056	98.34695219
56.65652	97.88672866
56.63248	97.75899314
56.60844	97.92429792
56.5844	98.00507185
56.56036	97.5918099
56.53632	97.93744717
56.51228	97.82849629
56.48824	97.80783319
56.4642	97.79092702
56.44016	97.97877336
56.41612	97.70827463
56.39208	97.69324692
56.36804	97.65943458
56.344	98.25866441
56.31996	97.99943646
56.29592	97.69136846
56.27188	98.02009956
56.24784	97.91678407
56.2238	97.90927022
56.19976	97.69324692
56.17572	97.843524
56.15168	97.77402085
56.12764	97.61435146
56.1036	97.96374566
56.07956	97.65943458
56.05552	97.8792148
56.03148	97.52982061
56.00744	97.57866066
55.9834	98.18916127
55.95936	97.79280549
55.93532	97.90175636
55.91128	97.77026392
55.88724	97.52042829
55.8632	97.71391002
55.83916	97.66694844
55.81512	97.74960083
55.79108	97.76838546
55.76704	97.65004227
55.743	97.65192073
55.71896	97.42274819
55.69492	97.06584014
55.67088	97.90363483
55.64684	97.67070536
55.6228	97.65567766
55.59876	97.56738988
55.57472	97.40584202
55.55068	98.00695031
55.52664	97.6688269
55.5026	97.49225134
55.47856	98.0182211
55.45452	97.77589931
55.43048	97.65004227
55.40644	97.71391002
55.3824	97.55424063
55.35836	97.77214239
55.33432	97.71578849
55.31028	98.07645346
55.28624	97.34948812
55.2622	97.24805109
55.23816	97.97313797
55.21412	97.68197614
55.19008	97.76275007
55.16604	97.64628534
55.142	97.70639617
55.11796	97.26871419
55.09392	97.64440688
55.06988	97.55799756
55.04584	97.52982061
55.0218	97.56551141
54.99776	97.30252653
54.97372	97.15788485
54.94968	97.52794214
54.92564	97.49788673
54.9016	97.49225134
54.87756	97.63501456
54.85352	97.53169907
54.82948	97.08462478
54.80544	97.42650512
54.7814	97.60495914
54.75736	97.65755612
54.73332	97.73269466
54.70928	97.48285902
54.68524	97.2837419
54.6612	97.07523246
54.63716	97.16164178
54.61312	97.20860336
54.58908	97.41147741
54.56504	97.18981873
54.541	97.27810651
54.51696	97.80595473
54.49292	97.46407439
54.46888	97.05832629
54.44484	97.04893397
54.4208	97.30064807
54.39676	97.36451583
54.37272	97.14849253
54.34868	97.08650324
54.32464	97.19733258
54.3006	96.86672302
54.27656	97.48661595
54.25252	97.54484831
54.22848	97.16164178
54.20444	97.06396168
54.1804	97.03014934
54.15636	97.02263548
54.13232	97.60120222
54.10828	97.09401709
54.08424	97.47534517
54.0602	98.13468583
54.03616	97.29501268
54.01212	97.24053724
53.98808	97.38330046
53.96404	97.3964497
53.94	97.46970978
53.91596	97.53733446
53.89192	97.1860618
53.86788	97.2630788
53.84384	97.7251808
53.8198	97.67446229
53.79576	97.69700385
53.77172	97.37954353
53.74768	97.68573307
53.72364	97.40208509
53.6996	97.20108951
53.67556	97.2837419
53.65152	97.82473936
53.62748	97.38705739
53.60344	97.44716822
53.5794	97.67446229
53.55536	97.82473936
53.53132	97.2067249
53.50728	97.55799756
53.48324	97.6481638
53.4592	97.766507
53.43516	97.50164366
53.41112	97.92617639
53.38708	97.65943458
53.36304	98.04076266
53.339	97.46407439
53.31496	97.96186719
53.29092	97.83976707
53.26688	98.38639992
53.24284	98.1722551
53.2188	97.82849629
53.19476	97.81346858
53.17072	97.93181178
53.14668	97.52982061
53.12264	98.06142575
53.0986	98.39767071
53.07456	98.14032122
53.05052	98.85413732
53.02648	99.152813
53.00244	98.71325256
52.9784	98.88794966
52.95436	99.04761905
52.93032	99.21480229
52.90628	99.23358693
52.88224	98.87855734
52.8582	99.03634827
52.83416	98.86916502
52.81012	99.1114868
52.78608	99.03634827
52.76204	99.05701136
52.738	98.83535268
52.71396	99.03634827
52.68992	98.78463417
52.66588	98.82783883
52.64184	98.77712032
52.6178	98.50474312
52.59376	98.87480041
52.56972	98.23048746
52.54568	98.58176012
52.52164	98.55921856
52.4976	98.20982436
52.47356	98.89546351
52.44952	98.64187095
52.42548	98.68695407
52.40144	98.47468771
52.3774	98.54043393
52.35336	98.70010332
52.32932	98.94993895
52.30528	98.53292007
52.28124	98.54794778
52.2572	98.33755988
52.23316	98.81281112
52.20912	98.61181553
52.18508	98.85225885
52.16104	98.63623556
52.137	98.53479853
52.11296	98.8240819
52.08892	98.66629097
52.06488	98.96308819
52.04084	98.98187283
52.0168	98.95181741
51.99276	98.89734197
51.96872	98.8654081
51.94468	98.71325256
51.92064	98.68507561
51.8966	98.95181741
51.87256	98.95557434
51.84852	98.80717573
51.82448	98.8654081
51.80044	98.99502207
51.7764	98.767728
51.75236	98.68695407
51.72832	98.5160139
51.70428	98.80154034
51.68024	98.99126515
51.6562	99.2861839
51.63216	98.62872171
51.60812	98.81093266
51.58408	98.67756175
51.56004	98.70761717
51.536	99.1114868
51.51196	98.81656805
51.48792	98.7470649
51.46388	98.80717573
51.43984	98.93115432
51.4158	99.16408378
51.39176	98.8804358
51.36772	98.51225697
51.34368	98.91612661
51.31964	99.16408378
51.2956	98.77899878
51.27156	98.86728656
51.24752	98.844745
51.22348	98.62496478
51.19944	98.73203719
51.1754	98.80529727
51.15136	98.56673241
51.12732	98.78087724
51.10328	99.01568517
51.07924	98.93678971
51.0552	98.73391566
51.03116	98.4183338
51.00712	98.2492721
50.98308	98.62496478
50.95904	98.91612661
50.935	98.79590495
50.91096	98.54794778
50.88692	98.90861275
50.86288	98.55170471
50.83884	99.06452522
50.8148	99.31999624
50.79076	99.49845027
50.76672	99.57546727
50.74268	99.28242697
50.71864	99.12839297
50.6946	98.844745
50.67056	98.6493848
50.64652	98.62120785
50.62248	98.91424815
50.59844	98.28684136
50.5744	98.64374941
50.55036	98.56109702
50.52632	98.73203719
50.50228	98.75833568
50.47824	98.82220344
50.4542	98.7883911
50.43016	98.75833568
50.40612	98.7883911
50.38208	98.71325256
50.35804	98.70010332
50.334	98.3619799
50.30996	98.87667888
50.28592	99.06452522
50.26188	98.70573871
50.23784	98.66441251
50.2138	98.51789236
50.18976	98.45402461
50.16572	98.83535268
50.14168	99.16408378
50.11764	98.84662346
50.0936	98.68883253
50.06956	98.86352963
50.04552	98.94430356
50.02148	99.00629285
49.99744	98.68319714
49.9734	98.52540622
49.94936	98.844745
49.92532	98.38639992
49.90128	98.58363858
49.87724	98.57988166
49.8532	98.60430168
49.82916	98.63247863
49.80512	98.31689678
49.78108	98.43336151
49.75704	98.77148493
49.733	98.45778153
49.70896	98.89546351
49.68492	98.38639992
49.66088	98.74142951
49.63684	98.68319714
49.6128	98.78651263
49.58876	98.228609
49.56472	99.18662534
49.54068	98.83910961
49.51664	98.5573401
49.4926	98.42772612
49.46856	98.73767258
49.44452	98.89546351
49.42048	98.62120785
49.39644	98.83723114
49.3724	98.33568141
49.34836	98.59490936
49.32432	98.4389969
49.30028	98.59866629
49.27624	98.37888607
49.2522	98.69446793
49.22816	98.45590307
49.20412	98.19103973
49.18008	98.50286466
49.15604	98.47093078
49.132	98.11402273
49.10796	98.48783695
49.08392	98.27932751
49.05988	98.68695407
49.03584	98.30750446
49.0118	98.0896027
48.98776	98.36761529
48.96372	98.3262891
48.93968	98.33943834
48.91564	98.074575
48.8916	98.55546163
48.86756	98.26617827
48.84352	98.61181553
48.81948	98.50286466
48.79544	98.40518456
48.7714	98.2642998
48.74736	98.74142951
48.72332	98.3262891
48.69928	98.0332488
48.67524	98.61557246
48.6512	98.84850193
48.62716	98.58739551
48.60312	98.84286654
48.57908	98.44275383
48.55504	98.28120597
48.531	98.49722927
48.50696	98.66253405
48.48292	98.26054288
48.45888	98.7883911
48.43484	98.35070912
48.4108	98.76209261
48.38676	98.43148305
48.36272	98.4803231
48.33868	98.4803231
48.31464	98.72076641
48.2906	98.35634451
48.26656	98.60430168
48.24252	98.48220156
48.21848	98.26993519
48.19444	98.77524185
48.1704	98.25678595
48.14636	98.22297361
48.12232	98.32065371
48.09828	98.79590495
48.07424	98.39954917
48.0502	98.48783695
48.02616	98.72452334
48.00212	98.57048934
47.97808	98.62872171
47.95404	98.40518456
47.93	98.47844463
47.90596	98.07833192
47.88192	98.09711656
47.85788	98.30374753
47.83384	98.32441063
47.8098	98.7264018
47.78576	98.67756175
47.76172	98.46529539
47.73768	98.68131868
47.71364	98.15347046
47.6896	98.40518456
47.66556	97.997558
47.64152	98.24739363
47.61748	98.33943834
47.59344	98.4183338
47.5694	97.95811027
47.54536	98.35822297
47.52132	98.19103973
47.49728	98.7883911
47.47324	98.84662346
47.4492	98.62120785
47.42516	98.56673241
47.40112	98.88419273
47.37708	98.48783695
47.35304	98.28120597
47.329	98.52540622
47.30496	98.54231239
47.28092	98.60618014
47.25688	97.85103785
47.23284	98.67756175
47.2088	98.54043393
47.18476	98.07645346
47.16072	98.75833568
47.13668	98.57424627
47.11264	98.18164741
47.0886	98.45590307
47.06456	98.49910773
47.04052	98.33004602
47.01648	98.42209073
46.99244	98.68883253
46.9684	98.1722551
46.94436	98.36385836
46.92032	98.32816756
46.89628	97.8228609
46.87224	98.49722927
46.8482	98.92551893
46.82416	98.30374753
46.80012	98.23236592
46.77608	97.99004414
46.75204	98.49722927
46.728	98.35446605
46.70396	97.86606556
46.67992	98.36573683
46.65588	98.45402461
46.63184	98.41081995
46.6078	98.46905232
46.58376	98.23612285
46.55972	98.56109702
46.53568	98.62308632
46.51164	98.24739363
46.4876	98.46341692
46.46356	98.43711844
46.43952	98.36949375
46.41548	98.41457688
46.39144	97.98628722
46.3674	98.1722551
46.34336	98.07269653
46.31932	98.51977083
46.29528	98.17789049
46.27124	98.2492721
46.2472	98.05579036
46.22316	98.29811214
46.19912	98.35070912
46.17508	98.13844275
46.15104	98.34883066
46.127	98.50286466
46.10296	98.16474124
46.07892	98.56485395
46.05488	98.40894149
46.03084	98.17789049
46.0068	98.46905232
45.98276	97.90175636
45.95872	98.23424439
45.93468	98.40894149
45.91064	98.23800131
45.8866	97.9562318
45.86256	98.29059829
45.83852	98.08396731
45.81448	98.12529351
45.79044	98.04451958
45.7664	98.0182211
45.74236	98.04827651
45.71832	97.88109327
45.69428	98.06142575
45.67024	97.96186719
45.6462	98.0952381
45.62216	98.21921668
45.59812	98.38076453
45.57408	98.4389969
45.55004	98.4389969
45.526	98.09335963
45.50196	98.26805673
45.47792	98.99314361
45.45388	98.73203719
45.42984	98.56861088
45.4058	98.68507561
45.38176	98.45214614
45.35772	98.66816944
45.33368	98.90297736
45.30964	98.71700949
45.2856	98.767728
45.26156	98.62684324
45.23752	98.84098807
45.21348	99.17535456
45.18944	98.9010989
45.1654	99.07391754
45.14136	98.44275383
45.11732	98.51037851
45.09328	98.84098807
45.06924	99.25237156
45.0452	98.71325256
45.02116	98.98187283
44.99712	98.51977083
44.97308	98.58927397
44.94904	99.21292383
44.925	99.17535456
44.90096	98.95933127
44.87692	98.50474312
44.85288	98.63060017
44.82884	98.81844651
44.8048	98.54231239
44.78076	98.4389969
44.75672	98.98187283
44.73268	99.16971917
44.70864	98.61745093
44.6846	98.83347422
44.66056	98.9781159
44.63652	98.87104349
44.61248	98.69634639
44.58844	99.01192824
44.5644	99.08706678
44.54036	99.03822673
44.51632	98.64562788
44.49228	98.38639992
44.46824	98.844745
44.4442	98.63623556
44.42016	98.76584954
44.39612	98.80905419
44.37208	98.70198178
44.34804	98.98938668
44.324	98.65877712
44.29996	98.33192449
44.27592	98.7264018
44.25188	98.78651263
44.22784	98.3413168
44.2038	98.60242322
44.17976	98.66816944
44.15572	98.60242322
44.13168	98.73767258
44.10764	98.80717573
44.0836	98.80154034
44.05956	98.55546163
44.03552	98.50850005
44.01148	98.93115432
43.98744	98.80154034
43.9634	98.6700479
43.93936	98.43523997
43.91532	98.85977271
43.89128	98.73767258
43.86724	98.87104349
43.8432	98.80529727
43.81916	98.93491124
43.79512	99.14529915
43.77108	98.48971541
43.74704	98.75270029
43.723	98.7470649
43.69896	98.66253405
43.67492	98.65689866
43.65088	98.48595849
43.62684	98.60993707
43.6028	98.84662346
43.57876	98.93866817
43.55472	98.7264018
43.53068	98.50850005
43.50664	98.6343571
43.4826	98.43523997
43.45856	98.98375129
43.43452	98.88231427
43.41048	98.24175824
43.38644	98.7113741
43.3624	98.63623556
43.33836	98.52916314
43.31432	98.45590307
43.29028	98.23424439
43.26624	98.62872171
43.2422	98.69822485
43.21816	98.60993707
43.19412	98.22109514
43.17008	98.65126327
43.14604	98.47468771
43.122	98.8034188
43.09796	98.5573401
43.07392	97.96562412
43.04988	98.48595849
43.02584	98.48595849
43.0018	98.63811402
42.97776	98.56861088
42.95372	98.94430356
42.92968	98.54982624
42.90564	98.50098619
42.8816	98.66629097
42.85756	98.83159575
42.83352	98.82596036
42.80948	98.83723114
42.78544	98.70386024
42.7614	99.12275758
42.73736	98.82596036
42.71332	99.06076829
42.68928	98.81844651
42.66524	98.36573683
42.6412	98.6343571
42.61716	98.6493848
42.59312	98.70761717
42.56908	98.93115432
42.54504	98.83159575
42.521	98.82220344
42.49696	98.91612661
42.47292	98.70761717
42.44888	98.51977083
42.42484	98.97999436
42.4008	98.40706302
42.37676	98.71325256
42.35272	98.89170658
42.32868	98.89546351
42.30464	98.48595849
42.2806	98.63811402
42.25656	98.613694
42.23252	98.93678971
42.20848	98.64187095
42.18444	98.78651263
42.1604	98.94993895
42.13636	98.79214802
42.11232	98.75082183
42.08828	98.68883253
42.06424	98.53104161
42.0402	98.39767071
42.01616	98.75833568
41.99212	98.59490936
41.96808	98.90673429
41.94404	98.58739551
41.92	98.4803231
41.89596	98.75457875
41.87192	99.02507749
41.84788	98.26805673
41.82384	98.690711
41.7998	98.57612473
41.77576	98.78651263
41.75172	98.7883911
41.72768	98.91800507
41.70364	98.83723114
41.6796	98.48220156
41.65556	98.46717385
41.63152	98.90485583
41.60748	98.690711
41.58344	98.80717573
41.5594	98.70573871
41.53536	99.02319902
41.51132	98.81656805
41.48728	99.01004978
41.46324	98.26805673
41.4392	98.77336339
41.41516	98.77712032
41.39112	98.58176012
41.36708	98.76209261
41.34304	98.44463229
41.319	98.51037851
41.29496	98.92739739
41.27092	98.84286654
41.24688	98.34319527
41.22284	98.34319527
41.1988	98.73203719
41.17476	99.15093454
41.15072	98.53104161
41.12668	98.40518456
41.10264	98.97623744
41.0786	98.69258946
41.05456	98.613694
41.03052	98.55546163
41.00648	98.25115056
40.98244	98.56861088
40.9584	98.44651075
40.93436	98.60242322
40.91032	98.78087724
40.88628	98.921762
40.86224	98.57048934
40.8382	98.67944022
40.81416	98.60805861
40.79012	98.2849629
40.76608	98.17789049
40.74204	98.32816756
40.718	98.65877712
40.69396	98.5723678
40.66992	98.93491124
40.64588	98.35446605
40.62184	98.41269841
40.5978	98.59490936
40.57376	98.6493848
40.54972	98.29059829
40.52568	98.47093078
40.50164	98.43711844
40.4776	98.73955105
40.45356	98.86916502
40.42952	98.8804358
40.40548	98.96684512
40.38144	98.73955105
40.3574	98.57988166
40.33336	98.51789236
40.30932	98.32253217
40.28528	98.36010144
40.26124	98.69822485
40.2372	98.25115056
40.21316	98.65877712
40.18912	98.98375129
40.16508	98.89922044
40.14104	98.33755988
40.117	98.57612473
40.09296	98.45590307
40.06892	98.5160139
40.04488	98.59490936
40.02084	98.31877524
39.9968	98.78651263
39.97276	98.44838922
39.94872	98.91988354
39.92468	98.62872171
39.90064	98.95181741
39.8766	98.63999249
39.85256	99.10960834
39.82852	98.8804358
39.80448	98.38639992
39.78044	98.82971729
39.7564	99.00441439
39.73236	98.8240819
39.70832	98.72828027
39.68428	98.52164929
39.66024	98.78087724
39.6362	99.0344698
39.61216	98.62308632
39.58812	98.80717573
39.56408	98.70198178
39.54004	98.75270029
39.516	98.98938668
39.49196	98.81281112
39.46792	98.50098619
39.44388	98.9574528
39.41984	98.382643
39.3958	98.77336339
39.37176	98.99690054
39.34772	98.40142763
39.32368	98.79778341
39.29964	98.39391378
39.2756	98.55546163
39.25156	98.39015685
39.22752	98.62120785
39.20348	98.48783695
39.17944	98.58927397
39.1554	99.04761905
39.13136	98.57988166
39.10732	98.76209261
39.08328	98.59115244
39.05924	98.41081995
39.0352	98.73955105
39.01116	98.78087724
38.98712	98.8240819
38.96308	99.1321499
38.93904	98.56673241
38.915	98.86165117
38.89096	98.56485395
38.86692	98.79966188
38.84288	98.67568329
38.81884	98.86728656
38.7948	98.67568329
38.77076	98.95369588
38.74672	99.1885038
38.72268	99.152813
38.69864	99.01380671
38.6746	99.06076829
38.65056	98.68507561
38.62652	99.05137597
38.60248	98.65126327
38.57844	98.64562788
38.5544	98.8804358
38.53036	98.50662158
38.50632	98.82783883
38.48228	98.64562788
38.45824	98.97623744
38.4342	98.81844651
38.41016	98.48220156
38.38612	99.16971917
38.36208	98.52352775
38.33804	98.29247675
38.314	98.62496478
38.28996	98.44087536
38.26592	98.50098619
38.24188	98.71325256
38.21784	98.5160139
38.1938	98.7113741
38.16976	98.62684324
38.14572	98.83347422
38.12168	98.43336151
38.09764	98.5930309
38.0736	98.47844463
38.04956	98.14971353
38.02552	98.52916314
38.00148	97.96562412
37.97744	98.77336339
37.9534	98.77148493
37.92936	98.81656805
37.90532	98.92739739
37.88128	98.48408002
37.85724	98.76397107
37.8332	98.53855546
37.80916	98.43523997
37.78512	99.02132056
37.76108	98.50098619
37.73704	98.55921856
37.713	98.82971729
37.68896	98.60993707
37.66492	98.29059829
37.64088	98.32253217
37.61684	97.96938105
37.5928	98.51037851
37.56876	98.44275383
37.54472	98.4033061
37.52068	98.10838734
37.49664	99.14529915
37.4726	98.70198178
37.44856	98.92551893
37.42452	98.47280924
37.40048	98.41081995
37.37644	98.6700479
37.3524	98.39767071
37.32836	98.69446793
37.30432	98.70198178
37.28028	99.19789612
37.25624	98.43711844
37.2322	98.4953508
37.20816	98.88231427
37.18412	98.59115244
37.16008	98.690711
37.13604	98.54231239
37.112	98.54231239
37.08796	98.91800507
37.06392	98.54606932
37.03988	98.73955105
37.01584	98.74518644
36.9918	98.76209261
36.96776	98.68883253
36.94372	99.12463605
36.91968	98.85225885
36.89564	98.05954729
36.8716	98.88982812
36.84756	98.33004602
36.82352	98.63811402
36.79948	98.53479853
36.77544	98.51037851
36.7514	98.62496478
36.72736	98.73391566
36.70332	98.39391378
36.67928	98.65314173
36.65524	98.52540622
36.6312	98.23800131
36.60716	98.49722927
36.58312	98.81093266
36.55908	98.61557246
36.53504	98.71325256
36.511	98.66816944
36.48696	98.72452334
36.46292	98.81093266
36.43888	98.97248051
36.41484	98.69634639
36.3908	99.31623932
36.36676	98.68883253
36.34272	98.73015873
36.31868	99.05888983
36.29464	98.9781159
36.2706	99.07203907
36.24656	98.4389969
36.22252	98.94618202
36.19848	98.4183338
36.17444	98.50850005
36.1504	98.79778341
36.12636	98.49159388
36.10232	98.62496478
36.07828	98.71513102
36.05424	98.76397107
36.0302	98.7113741
36.00616	98.20418897
35.98212	98.95557434
35.95808	98.91236968
35.93404	98.51037851
35.91	98.86728656
35.88596	99.03634827
35.86192	98.94993895
35.83788	98.382643
35.81384	98.51037851
35.7898	98.95369588
35.76576	98.53292007
35.74172	98.62496478
35.71768	98.67944022
35.69364	99.10397295
35.6696	98.8240819
35.64556	98.49347234
35.62152	98.34507373
35.59748	98.91800507
35.57344	98.89170658
35.5494	98.38827839
35.52536	98.63623556
35.50132	98.50474312
35.47728	99.05325444
35.45324	99.31436085
35.4292	98.83910961
35.40516	99.19977458
35.38112	98.56861088
35.35708	99.16032685
35.33304	98.95933127
35.309	98.94993895
35.28496	98.73955105
35.26092	99.0964591
35.23688	99.09082371
35.21284	98.93115432
35.1888	99.01192824
35.16476	98.83347422
35.14072	98.92927585
35.11668	99.43458251
35.09264	99.29557622
35.0686	98.77336339
35.04456	99.25237156
35.02052	99.05701136
34.99648	98.80154034
34.97244	98.78463417
34.9484	99.22043768
34.92436	99.12275758
34.90032	98.88794966
34.87628	99.08518832
34.85224	99.24297924
34.8282	99.04198366
34.80416	99.01004978
34.78012	98.94993895
34.75608	99.17723302
34.73204	99.306847
34.708	99.383864
34.68396	99.07955293
34.65992	99.35568705
34.63588	99.07767446
34.61184	99.47778717
34.5878	99.47966563
34.56376	99.77458439
34.53972	99.69944585
34.51568	99.29933315
34.49164	99.37447168
34.4676	99.33502395
34.44356	99.41579788
34.41952	99.48530102
34.39548	99.537898
34.37144	99.55480417
34.3474	99.48905795
34.32336	99.22795154
34.29932	99.72950127
34.27528	99.35568705
34.25124	99.26927773
34.2272	99.23170846
34.20316	99.75767822
34.17912	99.23734385
34.15508	99.04010519
34.13104	99.34441627
34.107	99.22231615
34.08296	99.46463793
34.05892	99.4045271
34.03488	99.32375317
34.01084	99.22607307
33.9868	99.22795154
33.96276	99.47590871
33.93872	99.55668263
33.91468	99.23170846
33.89064	99.20728844
33.8666	99.4045271
33.84256	98.94618202
33.81852	98.79402649
33.79448	99.71823049
33.77044	99.78585517
33.7464	98.82971729
33.72236	99.40640556
33.69832	99.20165305
33.67428	99.46651639
33.65024	99.04010519
33.6262	99.49469334
33.60216	99.47966563
33.57812	99.33690241
33.55408	99.26176388
33.53004	99.25612849
33.506	99.03634827
33.48196	99.25612849
33.45792	99.09458063
33.43388	99.38010707
33.40984	99.41767634
33.3858	99.32375317
33.36176	98.99126515
33.33772	98.90485583
33.31368	99.01568517
33.28964	99.12087912
33.2656	99.32375317
33.24156	99.25800695
33.21752	99.26176388
33.19348	99.3275101
33.16944	99.55668263
33.1454	99.47590871
33.12136	99.19038227
33.09732	99.01380671
33.07328	99.57546727
33.04924	99.16596224
33.0252	99.29181929
33.00116	99.45900254
32.97712	99.16220532
32.95308	99.16032685
32.92904	99.69756739
32.905	99.41767634
32.88096	99.3632009
32.85692	99.44773176
32.83288	99.26176388
32.80884	99.74077205
32.7848	99.48530102
32.76076	99.37635015
32.73672	99.38574246
32.71268	99.50972105
32.68864	99.44209637
32.6646	99.25237156
32.64056	98.97248051
32.61652	99.17159763
32.59248	99.13778529
32.56844	99.16596224
32.5444	98.998779
32.52036	99.26927773
32.49632	99.01568517
32.47228	98.72828027
32.44824	99.11900066
32.4242	99.38949939
32.40016	98.71700949
32.37612	99.5942519
32.35208	99.02319902
32.32804	98.91049122
32.304	99.10021602
32.27996	98.81093266
32.25592	99.08143139
32.23188	99.00629285
32.20784	98.54231239
32.1838	99.1321499
32.15976	98.87480041
32.13572	98.86916502
32.11168	99.04761905
32.08764	99.15844839
32.0636	98.85601578
32.03956	99.33878088
32.01552	99.37071476
31.99148	98.98375129
31.96744	98.76397107
31.9434	98.61557246
31.91936	98.75833568
31.89532	98.99126515
31.87128	98.60430168
31.84724	98.84098807
31.8232	98.88794966
31.79916	98.94430356
31.77512	99.12651451
31.75108	99.14342068
31.72704	99.0344698
31.703	99.04949751
31.67896	99.29933315
31.65492	99.08706678
31.63088	98.81844651
31.60684	98.80529727
31.5828	99.6506058
31.55876	98.8654081
31.53472	98.86165117
31.51068	98.95557434
31.48664	99.02883441
31.4626	99.14905607
31.43856	99.40077017
31.41452	99.44773176
31.39048	99.65248427
31.36644	99.34817319
31.3424	99.537898
31.31836	99.53601954
31.29432	99.33126702
31.27028	99.38762093
31.24624	98.998779
31.2222	99.16596224
31.19816	99.14529915
31.17412	99.10585141
31.15008	99.4195548
31.12604	98.7883911
31.102	99.06452522
31.07796	98.76960646
31.05392	99.30121161
31.02988	99.32375317
31.00584	98.67568329
30.9818	99.03634827
30.95776	99.10209449
30.93372	99.55480417
30.90968	99.22231615
30.88564	99.13027144
30.8616	99.4965718
30.83756	98.67380483
30.81352	99.22607307
30.78948	98.93303278
30.76544	99.16032685
30.7414	99.50784258
30.71736	99.25612849
30.69332	99.13402836
30.66928	99.55668263
30.64524	99.58673805
30.6212	99.51911337
30.59716	99.03259134
30.57312	98.98562975
30.54908	99.59237344
30.52504	99.35944397
30.501	99.29745468
30.47696	99.37071476
30.45292	99.30496854
30.42888	99.32187471
30.40484	99.5735888
30.3808	99.40077017
30.35676	99.21104536
30.33272	99.39137785
30.30868	99.25800695
30.28464	99.17159763
30.2606	99.39889171
30.23656	99.79336902
30.21252	99.4045271
30.18848	99.65624119
30.16444	99.34629473
30.1404	99.7896121
30.11636	99.1321499
30.09232	99.922983
30.06828	99.5585611
30.04424	99.60552268
30.0202	99.49469334
29.99616	99.64497041
29.97212	99.29369776
29.94808	99.70508124
29.92404	99.75579976
29.9	99.06076829
29.87596	99.77646285
29.85192	99.72386588
29.82788	98.9574528
29.80384	99.99248615
29.7798	99.77458439
29.75576	99.20353151
29.73172	99.65811966
29.70768	99.4402179
29.68364	99.50596412
29.6596	99.56043956
29.63556	99.65999812
29.61152	99.25988541
29.58748	99.52099183
29.56344	99.77646285
29.5394	100.129614
29.51536	99.53226261
29.49132	99.74077205
29.46728	99.31999624
29.44324	99.31999624
29.4192	99.52850568
29.39516	99.10397295
29.37112	99.63182117
29.34708	99.81778905
29.32304	99.52287029
29.299	99.54541185
29.27496	99.82905983
29.25092	99.41579788
29.22688	99.21668076
29.20284	100.1559125
29.1788	99.78773363
29.15476	99.34441627
29.13072	100.0093923
29.10668	99.3632009
29.08264	99.93801071
29.0586	100.0995586
29.03456	100.0262985
29.01052	99.79712595
28.98648	99.87414295
28.96244	100.0657462
28.9384	100.1596694
28.91436	100.0939232
28.89032	100.2235371
28.86628	100.2197802
28.84224	99.90419837
28.8182	99.8046398
28.79416	99.86287217
28.77012	99.85911524
28.74608	99.94552456
28.72204	99.68253968
28.698	99.83657368
28.67396	99.88917066
28.64992	99.87414295
28.62588	100.1953602
28.60184	100.2254156
28.5778	99.77270593
28.55376	99.96618766
28.52972	99.91734761
28.50568	99.58110266
28.48164	99.70508124
28.4576	99.96055227
28.43356	99.4045271
28.40952	99.69568893
28.38548	99.83845215
28.36144	99.94740302
28.3374	99.86099371
28.31336	99.68066122
28.28932	99.90607683
28.26528	99.61867193
28.24124	99.67502583
28.2172	99.9793369
28.19316	99.28054851
28.16912	99.75579976
28.14508	99.77646285
28.12104	99.78585517
28.097	99.82342444
28.07296	99.56795341
28.04892	99.68629661
28.02488	100.2385649
28.00084	99.90983376
27.9768	99.87977834
27.95276	99.91922607
27.92872	100.2949188
27.90468	99.35944397
27.88064	99.85911524
27.8566	100.0093923
27.83256	100.154034
27.80852	99.41579788
27.78448	100.1239786
27.76044	99.69756739
27.7364	100.0206631
27.71236	100.129614
27.68832	100.04884
27.66428	100.0469616
27.64024	99.81403212
27.6162	99.73137973
27.59216	99.94176763
27.56812	99.83469522
27.54408	99.74640744
27.52004	100.2329295
27.496	99.68629661
27.47196	99.89480605
27.44792	99.68066122
27.42388	99.70132432
27.39984	99.70132432
27.3758	99.37259322
27.35176	99.71823049
27.32772	99.8666291
27.30368	100.0807739
27.27964	100.0432047
27.2556	99.76519207
27.23156	99.768949
27.20752	100.1164647
27.18348	99.92861839
27.15944	100.0901662
27.1354	99.93049685
27.11136	100.0394477
27.08732	99.95679534
27.06328	99.83845215
27.03924	100.2517141
27.0152	100.2085094
26.99116	100.0225416
26.96712	100.0262985
26.94308	99.78585517
26.91904	100.0056354
26.895	99.84408754
26.87096	100.052597
26.84692	100.0413262
26.82288	99.94552456
26.79884	99.87789988
26.7748	100.3925989
26.75076	100.3644219
26.72672	100.0920447
26.70268	99.79524749
26.67864	100.4977928
26.6546	100.0619893
26.63056	100.2423218
26.60652	100.0582324
26.58248	100.4489528
26.55844	99.86287217
26.5344	100.1427632
26.51036	100.1840894
26.48632	100.1953602
26.46228	100.1859679
26.43824	100.2648633
26.4142	99.71447356
26.39016	100.1070724
26.36612	99.93988917
26.34208	100.1446417
26.31804	99.87602141
26.294	100.6123791
26.26996	100.4301681
26.24592	100.1108293
26.22188	100.5447544
26.19784	100.2216587
26.1738	100.9373532
26.14976	100.1427632
26.12572	100.3550296
26.10168	100.4188973
26.07764	100.279891
26.0536	100.5297267
26.02956	100.3625434
26.00552	100.4470743
25.98148	100.0075139
25.95744	100.413262
25.9334	100.4076266
25.90936	100.0958016
25.88532	100.3888419
25.86128	100.1878463
25.83724	100.4959143
25.8132	100.4320466
25.78916	100.3024326
25.76512	100.231051
25.74108	100.5240913
25.71704	100.1897248
25.693	100.1183432
25.66896	100.3907204
25.64492	100.2855264
25.62088	100.0582324
25.59684	100.409505
25.5728	100.1277355
25.54876	100.3982342
25.52472	100.1446417
25.50068	100.0262985
25.47664	99.89292759
25.4526	100.3756927
25.42856	100.182211
25.40452	100.129614
25.38048	100.202874
25.35644	100.356908
25.3324	99.88729219
25.30836	100.2122664
25.28432	100.2460787
25.26028	100.1371278
25.23624	100.2366864
25.2122	99.90044144
25.18816	99.63745656
25.16412	100.1314924
25.14008	100.0300554
25.11604	99.81591059
25.092	100.6311637
25.06796	99.55668263
25.04392	99.95303841
25.01988	100.1596694
24.99584	99.91922607
24.9718	99.99248615
24.94776	100.1615479
24.92372	100.0845309
24.89968	100.3550296
24.87564	100.4076266
24.8516	100.1765756
24.82756	99.76143515
24.80352	99.53038415
24.77948	100.1408848
24.75544	100.0469616
24.7314	100.2291725
24.70736	100.3681788
24.68332	99.94552456
24.65928	99.67502583
24.63524	99.97370151
24.6112	99.96618766
24.58716	100.2160233
24.56312	100.0507185
24.53908	99.92110454
24.51504	100.1596694
24.491	99.39889171
24.46696	100.077017
24.44292	99.51535644
24.41888	99.76707054
24.39484	99.07391754
24.3708	99.61867193
24.34676	99.36507937
24.32272	99.73325819
24.29868	99.64497041
24.27464	99.73889359
24.2506	99.73889359
24.22656	100.052597
24.20252	99.81027519
24.17848	99.56795341
24.15444	99.89668451
24.1304	99.66375505
24.10636	99.54916878
24.08232	99.88541373
24.05828	99.9586738
24.03424	99.51911337
24.0102	99.82342444
23.98616	99.93237532
23.96212	99.85535832
23.93808	99.74265051
23.91404	99.56419649
23.89	99.691932
23.86596	99.30496854
23.84192	100.0262985
23.81788	99.48530102
23.79384	99.36695783
23.7698	99.61115807
23.74576	99.57171034
23.72172	99.67314737
23.69768	99.79336902
23.67364	99.35005166
23.6496	99.65624119
23.62556	99.66563351
23.60152	100.0319339
23.57748	99.70132432
23.55344	100.1070724
23.5294	99.68066122
23.50536	99.65436273
23.48132	99.52287029
23.45728	99.51535644
23.43324	99.62806424
23.4092	100.0413262
23.38516	99.72010895
23.36112	99.78021978
23.33708	99.52850568
23.31304	99.66375505
23.289	99.55292571
23.26496	99.39325632
23.24092	99.36695783
23.21688	99.4045271
23.19284	100.0582324
23.1688	99.58110266
23.14476	100.283648
23.12072	100.0075139
23.09668	99.96618766
23.07264	100.0450831
23.0486	100.077017
23.02456	100.1953602
23.00052	100.5372405
22.97648	100.0920447
22.95244	100.5071851
22.9284	99.99248615
22.90436	100.3024326
22.88032	99.91359068
22.85628	100.077017
22.83224	99.67878276
22.8082	99.94552456
22.78416	99.74452898
22.76012	99.93801071
22.73608	99.63182117
22.71204	100.2103879
22.688	99.85347985
22.66396	99.95679534
22.63992	99.64872734
22.61588	99.845966
22.59184	99.78209824
22.5678	99.67502583
22.54376	100.052597
22.51972	99.85911524
22.49568	99.41016249
22.47164	99.89292759
22.4476	99.70320278
22.42356	99.49845027
22.39952	99.80088288
22.37548	100.0657462
22.35144	99.50972105
22.3274	99.81966751
22.30336	99.58673805
22.27932	99.48717949
22.25528	99.53038415
22.23124	99.37071476
22.2072	99.46275946
22.18316	99.35380858
22.15912	99.20540997
22.13508	99.32375317
22.11104	99.46839485
22.087	99.64497041
22.06296	98.97623744
22.03892	99.87977834
22.01488	99.35568705
21.99084	99.52287029
21.9668	99.26176388
21.94276	99.59988729
21.91872	99.51911337
21.89468	99.46275946
21.87064	99.36132244
21.8466	99.6712689
21.82256	99.49281488
21.79852	99.05888983
21.77448	99.54729032
21.75044	99.34065934
21.7264	99.29557622
21.70236	99.26176388
21.67832	99.7896121
21.65428	99.47778717
21.63024	99.52099183
21.6062	99.20353151
21.58216	99.13590683
21.55812	99.38010707
21.53408	99.31623932
21.51004	98.79590495
21.486	99.67690429
21.46196	99.73325819
21.43792	99.38198554
21.41388	99.460881
21.38984	99.32375317
21.3658	99.35005166
21.34176	99.67690429
21.31772	99.69756739
21.29368	99.02132056
21.26964	99.50972105
21.2456	99.83469522
21.22156	99.13402836
21.19752	99.25612849
21.17348	99.73889359
21.14944	99.73325819
21.1254	99.55292571
21.10136	99.41204095
21.07732	99.47215178
21.05328	98.64562788
21.02924	99.61679346
21.0052	99.5735888
20.98116	99.66939044
20.95712	99.53601954
20.93308	99.75392129
20.90904	99.5585611
20.885	99.54541185
20.86096	99.40077017
20.83692	99.5585611
20.81288	99.2861839
20.78884	99.46275946
20.7648	99.72950127
20.74076	99.37822861
20.71672	99.13778529
20.69268	99.23922232
20.66864	99.4045271
20.6446	99.20540997
20.62056	99.68817507
20.59652	99.68629661
20.57248	99.72950127
20.54844	99.41391941
20.5244	99.71635202
20.50036	99.33126702
20.47632	99.47215178
20.45228	99.64121349
20.42824	99.62055039
20.4042	99.39513478
20.38016	99.46839485
20.35612	99.74077205
20.33208	99.46275946
20.30804	99.60927961
20.284	99.91922607
20.25996	99.74265051
20.23592	99.68253968
20.21188	99.62618578
20.18784	99.79712595
20.1638	99.40264863
20.13976	99.95679534
20.11572	99.8253029
20.09168	99.96806612
20.06764	99.99248615
20.0436	99.80651827
20.01956	99.70132432
19.99552	99.92486146
19.97148	99.80839673
19.94744	99.65248427
19.9234	99.92486146
19.89936	99.69944585
19.87532	99.70508124
19.85128	99.32187471
19.82724	99.43458251
19.8032	99.84972293
19.77916	99.72386588
19.75512	100.1033155
19.73108	99.64309195
19.70704	99.97745844
19.683	99.66939044
19.65896	99.4815441
19.63492	99.81215366
19.61088	99.47966563
19.58684	99.63369963
19.5628	99.73137973
19.53876	99.75204283
19.51472	99.306847
19.49068	99.52099183
19.46664	99.66751198
19.4426	99.75016437
19.41856	99.97182305
19.39452	99.75579976
19.37048	99.06076829
19.34644	99.98121537
19.3224	99.66751198
19.29836	99.60927961
19.27432	99.31060393
19.25028	100.1446417
19.22624	99.78209824
19.2022	99.85723678
19.17816	99.28430544
19.15412	99.99060768
19.13008	100.0563539
19.10604	99.42894712
19.082	99.86287217
19.05796	99.845966
19.03392	99.84033061
19.00988	99.69381046
18.98584	99.77834132
18.9618	99.74077205
18.93776	99.4965718
18.91372	99.69568893
18.88968	99.5585611
18.86564	99.59613037
18.8416	99.83657368
18.81756	99.58298112
18.79352	99.81778905
18.76948	99.58861651
18.74544	99.19789612
18.7214	99.38198554
18.69736	99.95679534
18.67332	99.39513478
18.64928	99.43646097
18.62524	99.69568893
18.6012	99.62994271
18.57716	99.39889171
18.55312	99.39513478
18.52908	99.18286841
18.50504	99.27491312
18.481	99.56043956
18.45696	99.30121161
18.43292	99.383864
18.40888	99.60364422
18.38484	99.73701512
18.3608	98.85789424
18.33676	99.1114868
18.31272	99.52099183
18.28868	99.65811966
18.26464	99.47027332
18.2406	99.51347798
18.21656	99.57546727
18.19252	99.58110266
18.16848	99.44773176
18.14444	99.7896121
18.1204	99.42894712
18.09636	99.27115619
18.07232	99.13402836
18.04828	99.34629473
18.02424	99.5585611
18.0002	99.24297924
17.97616	99.3425378
17.95212	99.22231615
17.92808	99.4815441
17.90404	99.04761905
17.88	98.96872358
17.85596	99.13402836
17.83192	99.16032685
17.80788	99.51911337
17.78384	99.05888983
17.7598	99.52662722
17.73576	99.36883629
17.71172	99.45524561
17.68768	99.23170846
17.66364	99.72950127
17.6396	99.35193012
17.61556	99.35005166
17.59152	99.67314737
17.56748	99.16032685
17.54344	99.47966563
17.5194	99.00253593
17.49536	99.39701324
17.47132	99.07391754
17.44728	99.12651451
17.42324	99.10585141
17.3992	99.25800695
17.37516	98.93678971
17.35112	99.31248239
17.32708	99.58485958
17.30304	99.25800695
17.279	98.93866817
17.25496	99.0551329
17.23092	98.90673429
17.20688	98.998779
17.18284	99.18098995
17.1588	99.075796
17.13476	98.95369588
17.11072	99.20540997
17.08668	98.73579412
17.06264	99.22607307
17.0386	99.02883441
17.01456	99.44773176
16.99052	99.04761905
16.96648	98.90485583
16.94244	99.2504931
16.9184	98.91236968
16.89436	98.97248051
16.87032	99.39325632
16.84628	98.690711
16.82224	98.7264018
16.7982	98.97060205
16.77416	99.36507937
16.75012	99.16596224
16.72608	98.72264488
16.70204	98.96684512
16.678	98.95181741
16.65396	98.50662158
16.62992	98.32816756
16.60588	99.22795154
16.58184	99.20165305
16.5578	99.12463605
16.53376	99.32938856
16.50972	99.1321499
16.48568	99.152813
16.46164	98.89734197
16.4376	99.00629285
16.41356	99.36507937
16.38952	99.19601766
16.36548	99.47215178
16.34144	99.91922607
16.3174	99.10585141
16.29336	99.40828402
16.26932	99.36132244
16.24528	98.9574528
16.22124	99.383864
16.1972	99.74077205
16.17316	99.10397295
16.14912	98.70761717
16.12508	99.42894712
16.10104	98.96684512
16.077	99.22607307
16.05296	99.48905795
16.02892	99.18474688
16.00488	99.5735888
15.98084	98.92551893
15.9568	99.52850568
15.93276	99.34629473
15.90872	99.47966563
15.88468	99.21480229
15.86064	99.24297924
15.8366	99.21855922
15.81256	99.19601766
15.78852	99.42519019
15.76448	99.04949751
15.74044	98.75645722
15.7164	99.3275101
15.69236	99.07016061
15.66832	98.69822485
15.64428	99.54165493
15.62024	99.13027144
15.5962	99.62618578
15.57216	98.78087724
15.54812	99.60927961
15.52408	99.35568705
15.50004	99.21668076
15.476	99.57546727
15.45196	99.04949751
15.42792	98.9781159
15.40388	99.04761905
15.37984	99.25988541
15.3558	99.13402836
15.33176	99.22607307
15.30772	99.20540997
15.28368	99.25237156
15.25964	99.16596224
15.2356	98.79966188
15.21156	99.12463605
15.18752	99.19038227
15.16348	99.42143327
15.13944	98.91424815
15.1154	99.49469334
15.09136	98.844745
15.06732	99.20353151
15.04328	99.14717761
15.01924	98.88982812
14.9952	99.19789612
14.97116	99.39325632
14.94712	99.26176388
14.92308	99.35380858
14.89904	99.11712219
14.875	99.04761905
14.85096	99.32375317
14.82692	99.13966376
14.80288	99.40077017
14.77884	99.19789612
14.7548	98.91800507
14.73076	99.37259322
14.70672	99.25988541
14.68268	99.35193012
14.65864	98.96872358
14.6346	99.19601766
14.61056	99.10397295
14.58652	99.4045271
14.56248	99.4815441
14.53844	99.43458251
14.5144	99.56043956
14.49036	99.61115807
14.46632	99.5172349
14.44228	99.34065934
14.41824	99.6355781
14.3942	99.51347798
14.37016	98.98375129
14.34612	99.42143327
14.32208	99.59988729
14.29804	99.48717949
14.274	99.35193012
14.24996	99.37447168
14.22592	99.65624119
14.20188	99.07203907
14.17784	98.95557434
14.1538	99.27679158
14.12976	99.61115807
14.10572	99.15844839
14.08168	99.42894712
14.05764	99.460881
14.0336	98.89170658
14.00956	99.13402836
13.98552	99.19789612
13.96148	99.3275101
13.93744	99.43458251
13.9134	100.0657462
13.88936	99.93613224
13.86532	99.90795529
13.84128	99.69756739
13.81724	99.97745844
13.7932	99.77082746
13.76916	99.53226261
13.74512	99.56607495
13.72108	99.64684888
13.69704	99.93237532
13.673	99.69005354
13.64896	100.2517141
13.62492	99.85347985
13.60088	99.97182305
13.57684	100.0225416
13.5528	100.0206631
13.52876	99.80276134
13.50472	99.64121349
13.48068	99.63933502
13.45664	99.88541373
13.4326	99.35756551
13.40856	99.64872734
13.38452	100.0826524
13.36048	100.2160233
13.33644	99.74265051
13.3124	99.58673805
13.28836	99.97745844
13.26432	100.1840894
13.24028	99.922983
13.21624	100.1221001
13.1922	99.40264863
13.16816	99.57171034
13.14412	99.78209824
13.12008	99.67878276
13.09604	99.66375505
13.072	99.50408566
13.04796	99.96994459
13.02392	99.72010895
12.99988	99.87226449
12.97584	99.17535456
12.9518	99.12463605
12.92776	99.36132244
12.90372	99.52287029
12.87968	99.5585611
12.85564	100.0056354
12.8316	99.39889171
12.80756	99.79524749
12.78352	99.46651639
12.75948	99.43270405
12.73544	99.691932
12.7114	99.49845027
12.68736	99.47215178
12.66332	99.18474688
12.63928	99.31811778
12.61524	99.49469334
12.5912	99.27679158
12.56716	99.22795154
12.54312	99.24485771
12.51908	99.33878088
12.49504	99.10585141
12.471	99.614915
12.44696	99.29369776
12.42292	99.28994083
12.39888	99.33126702
12.37484	99.16220532
12.3508	99.32563163
12.32676	99.08330985
12.30272	99.075796
12.27868	99.49281488
12.25464	99.05888983
12.2306	99.18662534
12.20656	99.00065746
12.18252	99.58861651
12.15848	99.38762093
12.13444	99.14905607
12.1104	99.02132056
12.08636	99.20540997
12.06232	99.28430544
12.03828	99.16408378
12.01424	99.16220532
11.9902	99.25800695
11.96616	98.94806049
11.94212	99.14905607
11.91808	98.97060205
11.89404	99.15469146
11.87	99.28242697
11.84596	99.50784258
11.82192	99.23734385
11.79788	99.08143139
11.77384	99.6355781
11.7498	99.54916878
11.72576	99.07767446
11.70172	99.04198366
11.67768	99.20165305
11.65364	99.46275946
11.6296	99.47027332
11.60556	99.26739927
11.58152	98.9781159
11.55748	98.94430356
11.53344	99.45712407
11.5094	99.25800695
11.48536	99.57734573
11.46132	99.03634827
11.43728	98.92739739
11.41324	99.0551329
11.3892	99.30121161
11.36516	99.02883441
11.34112	99.05701136
11.31708	99.17723302
11.29304	99.01568517
11.269	98.82783883
11.24496	99.31248239
11.22092	99.31060393
11.19688	99.03634827
11.17284	98.9424251
11.1488	98.79966188
11.12476	98.7883911
11.10072	99.26364234
11.07668	98.97248051
11.05264	98.99126515
11.0286	99.152813
11.00456	99.27491312
10.98052	98.98562975
10.95648	99.52850568
10.93244	99.09833756
10.9084	99.2861839
10.88436	99.10209449
10.86032	99.70320278
10.83628	99.52662722
10.81224	99.50784258
10.7882	99.460881
10.76416	99.49093641
10.74012	99.63745656
10.71608	99.42519019
10.69204	99.54165493
10.668	99.17159763
10.64396	99.1114868
10.61992	99.42143327
10.59588	99.60740115
10.57184	98.97999436
10.5478	99.09833756
10.52376	99.03259134
10.49972	99.25988541
10.47568	99.11900066
10.45164	99.15093454
10.4276	99.46463793
10.40356	98.93678971
10.37952	99.24110078
10.35548	99.24861463
10.33144	99.25425002
10.3074	99.19038227
10.28336	99.13966376
10.25932	99.41204095
10.23528	99.41016249
10.21124	99.537898
10.1872	99.56043956
10.16316	99.23734385
10.13912	99.75204283
10.11508	99.18662534
10.09104	99.20165305
10.067	99.41016249
10.04296	99.56043956
10.01892	99.68629661
9.99488	99.691932
9.97084	99.53414107
9.9468	99.47778717
9.92276	99.45524561
9.89872	99.49093641
9.87468	99.44397483
9.85064	99.10397295
9.8266	99.66939044
9.80256	98.98938668
9.77852	99.58298112
9.75448	99.45524561
9.73044	99.17723302
9.7064	99.35005166
9.68236	99.537898
9.65832	99.54541185
9.63428	99.47027332
9.61024	99.29557622
9.5862	99.66751198
9.56216	99.8816568
9.53812	99.38949939
9.51408	99.7125951
9.49004	99.69568893
9.466	99.6506058
9.44196	99.87038602
9.41792	99.74077205
9.39388	99.84972293
9.36984	99.36883629
9.3458	99.55292571
9.32176	99.73889359
9.29772	100.1390063
9.27368	99.460881
9.24964	99.86287217
9.2256	99.92861839
9.20156	99.74452898
9.17752	99.99248615
9.15348	99.78021978
9.12944	99.83657368
9.1054	99.56043956
9.08136	99.614915
9.05732	99.68253968
9.03328	99.98497229
9.00924	99.44961022
8.9852	100.0225416
8.96116	99.65999812
8.93712	99.38762093
8.91308	99.54353339
8.88904	99.3275101
8.865	99.55480417
8.84096	99.68066122
8.81692	99.81591059
8.79288	99.65999812
8.76884	99.26364234
8.7448	99.60927961
8.72076	99.51911337
8.69672	99.59237344
8.67268	99.56043956
8.64864	99.52662722
8.6246	99.34629473
8.60056	99.65811966
8.57652	99.53601954
8.55248	99.44397483
8.52844	99.24861463
8.5044	99.15844839
8.48036	99.54916878
8.45632	99.49281488
8.43228	99.42519019
8.40824	98.98750822
8.3842	98.60054475
8.36016	99.07391754
8.33612	99.54165493
8.31208	99.27867005
8.28804	99.460881
8.264	99.30872546
8.23996	99.44397483
8.21592	99.83093829
8.19188	99.90419837
8.16784	99.87602141
8.1438	99.7276228
8.11976	99.52662722
8.09572	99.61679346
8.07168	99.95679534
8.04764	99.92673993
8.0236	99.45712407
7.99956	100.1164647
7.97552	99.32938856
7.95148	99.90419837
7.92744	99.89480605
7.9034	99.67502583
7.87936	99.65999812
7.85532	99.65624119
7.83128	99.4402179
7.80724	100.0864093
7.7832	99.52099183
7.75916	99.58673805
7.73512	99.85723678
7.71108	99.53038415
7.68704	99.19977458
7.663	99.60552268
7.63896	99.84033061
7.61492	99.66187658
7.59088	99.70508124
7.56684	99.51347798
7.5428	99.94552456
7.51876	99.43646097
7.49472	99.07203907
7.47068	99.46463793
7.44664	99.84784446
7.4226	99.52099183
7.39856	99.57922419
7.37452	99.73513666
7.35048	99.45148868
7.32644	99.96055227
7.3024	99.89104912
7.27836	99.99248615
7.25432	99.78209824
7.23028	100.2874049
7.20624	99.62618578
7.1822	99.62055039
7.15816	99.70320278
7.13412	99.8666291
7.11008	99.65999812
7.08604	99.67690429
7.062	99.95679534
7.03796	99.48717949
7.01392	99.70695971
6.98988	99.97557998
6.96584	99.9023199
6.9418	99.83845215
6.91776	100.028177
6.89372	99.61303654
6.86968	99.845966
6.84564	99.96618766
6.8216	99.76331361
6.79756	99.922983
6.77352	99.75767822
6.74948	99.75204283
6.72544	100.129614
6.7014	99.98872922
6.67736	100.1033155
6.65332	99.58298112
6.62928	99.74640744
6.60524	99.70695971
6.5812	99.56043956
6.55716	99.57734573
6.53312	99.96806612
6.50908	99.48342256
6.48504	99.7482859
6.461	100.0319339
6.43696	99.537898
6.41292	99.71447356
6.38888	99.8046398
6.36484	99.38949939
6.3408	99.9586738
6.31676	99.96994459
6.29272	99.46651639
6.26868	99.74640744
6.24464	99.98121537
6.2206	100.0338123
6.19656	99.87226449
6.17252	99.98309383
6.14848	99.62994271
6.12444	99.53226261
6.1004	100.0131492
6.07636	99.92861839
6.05232	99.58861651
6.02828	99.79524749
6.00424	99.91546915
5.9802	99.65811966
5.95616	99.87789988
5.93212	99.57546727
5.90808	100.2179018
5.88404	99.80839673
5.86	99.77458439
5.83596	99.62994271
5.81192	100.0375693
5.78788	99.55104724
5.76384	99.91734761
5.7398	100.2404433
5.71576	99.97745844
5.69172	99.65436273
5.66768	100.2911618
5.64364	99.95491688
5.6196	99.62618578
5.59556	99.80088288
5.57152	100.2216587
5.54748	99.91171222
5.52344	100.4696159
5.4994	100.0713816
5.47536	99.96055227
5.45132	99.99060768
5.42728	99.93049685
5.40324	100.3925989
5.3792	99.62430732
5.35516	100.4057481
5.33112	99.94552456
5.30708	100.2216587
5.28304	99.9436461
5.259	99.93988917
5.23496	99.65436273
5.21092	99.9436461
5.18688	99.85535832
5.16284	99.81403212
5.1388	99.74640744
5.11476	99.81215366
5.09072	99.62430732
5.06668	100.0901662
5.04264	99.460881
5.0186	99.67878276
4.99456	99.87414295
4.97052	99.55480417
4.94648	99.83469522
4.92244	99.93049685
4.8984	99.60176576
4.87436	99.8666291
4.85032	99.84033061
4.82628	99.97370151
4.80224	99.82154598
4.7782	99.54353339
4.75416	99.78585517
4.73012	99.83469522
4.70608	99.91359068
4.68204	99.70508124
4.658	99.55668263
4.63396	99.38198554
4.60992	99.82905983
4.58588	99.83281676
4.56184	99.60927961
4.5378	100.0394477
4.51376	99.79336902
4.48972	99.69756739
4.46568	99.94740302
4.44164	99.35756551
4.4176	99.93237532
4.39356	100.1991171
4.36952	99.76519207
4.34548	99.67690429
4.32144	100.0732601
4.2974	99.77458439
4.27336	99.80839673
4.24932	99.82718137
4.22528	99.80839673
4.20124	100.0018785
4.1772	100.0939232
4.15316	100.0319339
4.12912	99.75016437
4.10508	99.72010895
4.08104	99.47590871
4.057	99.86099371
4.03296	99.72386588
4.00892	99.8816568
3.98488	99.41767634
3.96084	99.73701512
3.9368	100.052597
3.91276	99.98872922
3.88872	99.82718137
3.86468	100.0601108
3.84064	99.99812154
3.8166	100.0093923
3.79256	100.101437
3.76852	100.4827651
3.74448	99.93049685
3.72044	100.1577909
3.6964	99.845966
3.67236	100.5071851
3.64832	99.76331361
3.62428	99.56043956
3.60024	100.0713816
3.5762	99.86099371
3.55216	99.96055227
3.52812	99.92861839
3.50408	99.97370151
3.48004	100.0995586
3.456	100.129614
3.43196	99.69756739
3.40792	100.1746971
3.38388	99.85160139
3.35984	100.0563539
3.3358	100.1972387
3.31176	100.2404433
3.28772	100.5485113
3.26368	99.79524749
3.23964	100.1502771
3.2156	100.2047525
3.19156	99.94740302
3.16752	99.82718137
3.14348	100.0469616
3.11944	100.1577909
3.0954	100.0450831
3.07136	99.9586738
3.04732	100.3061895
3.02328	100.3212172
2.99924	100.0262985
2.9752	100.5297267
2.95116	99.99436461
2.92712	100.4038696
2.90308	100.5334836
2.87904	100.4414389
2.855	100.2047525
2.83096	100.4527097
2.80692	100.2517141
2.78288	100.0075139
2.75884	100.182211
2.7348	100.4470743
2.71076	100.3531511
2.68672	99.6506058
2.66268	100.1127078
2.63864	100.2949188
2.6146	100.182211
2.59056	100.3493942
2.56652	100.2103879
2.54248	100.2179018
2.51844	99.85347985
2.4944	100.0394477
2.47036	99.93613224
2.44632	99.81403212
2.42228	100.279891
2.39824	99.80088288
2.3742	99.87414295
2.35016	100.4245327
2.32612	100.1878463
2.30208	100.2291725
2.27804	100.6724899
2.254	99.93801071
2.22996	100.0788955
2.20592	99.96055227
2.18188	100.3869635
2.15784	100.5184559
2.1338	100.4846436
2.10976	100.2535926
2.08572	100.2949188
2.06168	100.308068
2.03764	100.6086221
2.0136	100.2629849
1.98956	100.7006669
1.96552	100.5034282
1.94148	100.4170189
1.91744	100.2667418
1.8934	100.4545881
1.86936	100.3963558
1.84532	100.1164647
1.82128	100.5748098
1.79724	100.0375693
1.7732	99.87414295
1.74916	100.3306096
1.72512	99.86099371
1.70108	100.1127078
1.67704	99.73701512
1.653	100.1352494
1.62896	100.2404433
1.60492	100.2103879
1.58088	100.101437
1.55684	100.1709402
1.5328	100.1972387
1.50876	100.0619893
1.48472	99.77834132
1.46068	99.6712689
1.43664	100.3907204
1.4126	100.2761341
1.38856	99.81778905
1.36452	99.71447356
1.34048	100.1916033
1.31644	99.90795529
1.2924	100.0563539
1.26836	99.85723678
1.24432	99.75392129
1.22028	99.75955668
1.19624	100.3587865
1.1722	99.73513666
1.14816	99.82718137
1.12412	99.93988917
1.10008	99.4402179
1.07604	99.64684888
1.052	100.1070724
1.02796	99.76519207
1.00392	99.97182305
0.97988	100.0826524
0.95584	99.85347985
0.9318	99.75016437
0.90776	100.283648
0.88372	99.86287217
0.85968	99.90419837
0.83564	99.75767822
0.8116	100.1239786
0.78756	100.2892834
0.76352	100.2235371
0.73948	99.72386588
0.71544	99.82905983
0.6914	100
0.66736	100.3024326
0.64332	100.0225416
0.61928	99.83657368
0.59524	100.1202217
0.5712	100.1840894
0.54716	99.90044144
0.52312	100.3024326
0.49908	100.3343665
0.47504	99.98872922
0.451	99.87789988
0.42696	100.0112708
0.40292	100.129614
0.37888	99.60364422
0.35484	99.98685076
