#            ***************  Double-differential cross section (in \AA^2/sr) **********************
# Proton energy: 1.0 MeV
# Sc. Angle   Energy of ejected secondary electrons (in eV)
# (degrees)     W=12eV          50eV          100eV          250eV          750eV          2200eV
  0.00E+00   3.813155E-03   3.455107E-04   9.269002E-05   2.060703E-05   2.992043E-06   1.949705E-06
  5.00E+00   2.861707E-03   3.371336E-04   9.468201E-05   1.597968E-05   2.064213E-06   1.011504E-06
  1.00E+01   2.391883E-03   3.394178E-04   9.750143E-05   1.448469E-05   2.078411E-06   3.451234E-07
  1.50E+01   2.211970E-03   3.557958E-04   1.005205E-04   1.563766E-05   2.678831E-06   8.656260E-08
  2.00E+01   2.137374E-03   3.634457E-04   1.088534E-04   1.818869E-05   3.984206E-06 
  2.50E+01   2.082960E-03   3.918882E-04   1.203012E-04   2.108788E-05   6.099529E-06 
  3.00E+01   2.082960E-03   4.210010E-04   1.323038E-04   2.559001E-05   8.446740E-06 
  3.50E+01   2.082960E-03   4.400792E-04   1.511633E-04   3.139496E-05   8.742524E-06 
  4.00E+01   2.082960E-03   4.621475E-04   1.672112E-04   3.864523E-05   7.199276E-06 
  4.50E+01   2.082960E-03   4.779921E-04   1.818254E-04   4.468634E-05   4.862803E-06 
  5.00E+01   2.041987E-03   4.923883E-04   1.883440E-04   4.755456E-05   2.837004E-06 
  5.50E+01   2.010718E-03   4.923883E-04   1.929037E-04   4.605817E-05   1.474244E-06 
  6.00E+01   1.983770E-03   4.923883E-04   1.881024E-04   4.246511E-05   7.084934E-07 
  6.50E+01   1.947072E-03   4.878380E-04   1.814996E-04   3.668746E-05   3.589089E-07 
  7.00E+01   1.904687E-03   4.697461E-04   1.713676E-04   2.996034E-05   2.191593E-07 
  7.50E+01   1.856906E-03   4.497002E-04   1.575297E-04   2.207463E-05   1.557793E-07 
  8.00E+01   1.810764E-03   4.248556E-04   1.409639E-04   1.562684E-05   1.163399E-07 
  8.50E+01   1.774658E-03   4.026141E-04   1.245399E-04   1.116694E-05   8.630795E-08 
  9.00E+01   1.745441E-03   3.713619E-04   1.088802E-04   7.799802E-06    
  9.50E+01   1.704539E-03   3.408823E-04   9.249889E-05   5.751098E-06    
  1.00E+02   1.664348E-03   3.071201E-04   7.784000E-05   4.366587E-06    
  1.05E+02   1.625098E-03   2.760504E-04   6.560798E-05   3.498429E-06    
  1.10E+02   1.589817E-03   2.455675E-04   5.557810E-05   2.883710E-06    
  1.15E+02   1.550815E-03   2.223210E-04   4.682590E-05   2.484508E-06    
  1.20E+02   1.493611E-03   1.975373E-04   4.009161E-05   2.268720E-06    
  1.25E+02   1.442115E-03   1.754121E-04   3.517716E-05   2.112086E-06    
  1.30E+02   1.391617E-03   1.558632E-04   3.097389E-05   2.023551E-06    
  1.35E+02   1.343772E-03   1.414728E-04   2.761909E-05   1.959385E-06    
  1.40E+02   1.315689E-03   1.309210E-04   2.495817E-05   1.930698E-06    
  1.45E+02   1.290198E-03   1.224242E-04   2.323217E-05   1.963860E-06    
  1.50E+02   1.287920E-03   1.163628E-04   2.183424E-05   2.016483E-06    