  dE_eV        10MeV          4.2MeV         3.0MeV         1.5MeV         1.0MeV         0.5MeV         0.3MeV         0.15MeV        0.1MeV          70keV         50keV          30keV          20keV           15keV
 1.26E+01   1.609251E-05   2.400319E-03   4.098343E-04   5.324899E-03   8.216448E-03   1.594000E-03   2.306180E-02   1.178000E-01   1.334000E-01   1.400000E-01   1.145880E-01   1.567000E-01   1.467000E-01   1.478000E-01
 1.50E+01   5.951942E-03   1.172126E-02   3.327441E-03   1.657609E-02   1.236551E-02   1.376450E-02   4.890610E-02   1.678000E-01   1.834000E-01   2.561000E-01   2.124934E-01   2.317000E-01   2.217000E-01   1.978000E-01
 2.00E+01   3.986962E-04   1.900198E-02   1.361190E-02   2.315384E-02   1.718082E-02   5.794890E-02   8.871810E-02   1.819029E-01   1.989971E-01   2.184800E-01   1.715884E-01   2.450600E-01   2.322000E-01   2.093000E-01
 3.00E+01   5.245358E-05   4.848127E-03   5.837649E-03   1.494573E-02   1.318292E-02   3.100962E-02   7.104690E-02   9.303062E-02   1.111529E-01   1.249142E-01   1.002926E-01   1.185742E-01   8.362571E-02   6.550714E-02
 4.00E+01   2.109785E-05   3.369828E-03   4.295489E-03   9.063514E-03   8.293591E-03   1.805352E-02   3.802600E-02   5.704700E-02   7.183000E-02   8.339600E-02   6.252759E-02   5.548400E-02   3.687400E-02   2.504700E-02
 5.00E+01   9.999076E-06   2.259130E-03   2.995364E-03   5.797233E-03   5.706388E-03   1.164283E-02   2.173646E-02   4.187100E-02   5.365400E-02   5.552500E-02   4.052489E-02   3.254550E-02   1.624990E-02   9.575400E-03
 7.00E+01   5.237381E-06   1.170717E-03   1.522031E-03   2.892115E-03   2.897815E-03   6.319975E-03   9.814055E-03   2.455256E-02   3.057943E-02   2.808800E-02   1.917883E-02   9.674500E-03   4.505226E-03   2.283640E-03
 1.00E+02   2.703519E-06   5.345014E-04   7.054143E-04   1.332093E-03   1.426386E-03   3.312260E-03   4.525643E-03   1.382978E-02   1.483193E-02   1.192509E-02   6.684867E-03   2.272593E-03   8.661816E-04   4.039657E-04
 1.50E+02   9.887844E-07   2.096944E-04   2.803687E-04   5.448795E-04   6.362231E-04   1.567684E-03   1.796658E-03   5.511646E-03   3.720884E-03   3.180623E-03   1.278241E-03   2.557399E-04   1.148655E-04   7.645361E-05
 2.00E+02   4.829229E-07   9.626776E-05   1.359071E-04   2.726585E-04   3.274070E-04   8.862906E-04   9.036840E-04   2.177538E-03   1.168506E-03   6.274914E-04   1.889194E-04   5.640014E-05   2.947551E-05   2.512485E-05
 3.00E+02   2.008093E-07   3.664884E-05   5.181879E-05   1.107997E-04   1.375529E-04   4.030509E-04   3.890225E-04   3.639300E-04   9.731045E-05   5.201180E-05   2.018434E-05   1.203637E-05   8.814080E-06   7.289740E-06
 4.00E+02   1.051987E-07   1.875371E-05   2.499629E-05   5.498829E-05   7.450175E-05   2.225535E-04   1.980150E-04   9.750488E-05   2.200878E-05   9.384044E-06   3.992818E-06   2.077588E-06   2.845043E-06   3.025913E-06
 5.00E+02   6.595442E-08   1.104697E-05   1.512725E-05   3.348090E-05   4.662462E-05   1.411396E-04   1.044007E-04   3.640564E-05   5.600759E-06   2.383245E-06   1.166068E-06   7.001969E-07   1.258305E-06   1.531394E-06
 7.00E+02   3.285453E-08   4.804946E-06   7.089784E-06   1.737204E-05   2.778151E-05   6.823191E-05   1.967967E-05   8.241635E-06   7.112851E-07   3.017521E-07   1.822559E-07   1.358288E-07   3.677408E-07   5.484087E-07
 1.00E+03   1.646384E-08   2.024701E-06   2.923579E-06   7.636673E-06   1.332211E-05   1.663704E-05   7.325642E-07   1.706558E-06   7.980498E-08   3.374757E-08   2.548252E-08   2.387811E-08   9.982061E-08   1.846475E-07
 1.50E+03   7.241842E-09   7.580396E-07   1.110670E-06   2.988182E-06   5.638224E-06   1.492766E-06   1.186347E-08   2.848907E-07   6.638382E-09   2.796984E-09   2.722219E-09   3.309262E-09   2.266890E-08   5.356893E-08
 2.00E+03   3.236024E-09   3.775420E-07   5.589286E-07   1.565560E-06   1.877329E-06   1.089036E-07   1.659261E-09   7.999702E-08   1.137137E-09   4.778771E-10   5.568792E-10   8.142913E-10   7.918712E-09   2.226383E-08
 3.00E+03   1.402113E-09   1.413501E-07   2.123374E-07   6.294956E-07   5.071841E-08   3.853340E-09   8.750161E-11   1.335460E-08   9.459002E-11   3.960625E-11   5.948968E-11   1.128524E-10   1.798311E-09   6.459062E-09
 4.00E+03   7.478110E-10   7.039952E-08   1.068557E-07   3.298035E-07   3.629137E-09   2.611966E-10   7.336227E-12   3.749957E-09   1.620302E-11   6.766904E-12   1.216969E-11   2.776895E-11   6.281869E-10   2.684457E-09
 5.00E+03   4.592440E-10   4.099744E-08   6.272974E-08   1.997554E-07   4.782755E-10   3.855326E-11   1.039338E-12   1.400131E-09   4.123319E-12   1.718576E-12   3.554053E-12   9.358800E-12   2.778343E-10   1.358585E-09
 7.00E+03   2.201677E-10   1.814214E-08   2.809738E-08   9.378834E-08   2.308643E-11   2.153572E-12   5.578726E-14   3.169665E-10   5.236531E-13   2.175957E-13   5.554970E-13   1.815482E-12   8.119734E-11   4.865240E-10
 1.00E+04   1.009933E-10   7.644710E-09   1.199264E-08   4.208081E-08   9.289663E-13   1.011649E-13   2.825465E-15   6.563284E-11   5.875299E-14   2.433562E-14   7.766806E-14   3.191537E-13   2.204043E-11   1.638111E-10
 1.50E+04   4.164219E-11   2.862147E-09   4.556014E-09   1.692026E-08   2.408629E-14   3.127688E-15   9.515657E-17   1.095666E-11   4.887224E-15   2.016926E-15   8.297038E-15   4.423145E-14   5.005305E-12   4.752400E-11
 2.00E+04   2.220968E-11   1.425493E-09   2.292748E-09   8.864817E-09   1.804354E-15   2.654598E-16   8.581755E-18   3.076619E-12   8.371687E-16   3.446007E-16   1.697309E-15   1.088378E-14   1.748455E-12   1.975149E-11
