   8.61940002       1.00000001E-10
   8.65780067       1.57831900E-03
   8.69619942       6.55775133E-04
   8.73460007       3.95322824E-03
   8.77299881       9.64704994E-03
   8.81139946       1.17152045E-02
   8.84980011       6.55855658E-03
   8.88819981       5.31941373E-03
   8.92659950       1.20182922E-02
   8.96500015       2.08461247E-02
   9.00339985       2.21633073E-02
   9.04179955       2.71146633E-02
   9.08019924       4.16429713E-02
   9.11859989       4.97965887E-02
   9.15699959       6.05347604E-02
   9.19540024       6.94439411E-02
   9.23379898       9.62604135E-02
   9.27219963      0.120872401    
   9.31060028      0.142669767    
   9.34899998      0.171639055    
   9.38739967      0.214403197    
   9.42580032      0.267903566    
   9.46420002      0.320219368    
   9.50259972      0.386778206    
   9.54100037      0.464617997    
   9.57940006      0.562958956    
   9.61779976      0.664206028    
   9.65620041      0.772762537    
   9.69459915      0.897036731    
   9.73299980       1.02844334    
   9.77139950       1.17690003    
   9.80979919       1.32167363    
   9.84819984       1.47140455    
   9.88659954       1.61327410    
   9.92499924       1.74873090    
   9.96339989       1.86858821    
   10.0017996       1.94309926    
   10.0402002       1.97890556    
   10.0785999       1.96315992    
   10.1170006       1.90644217    
   10.1553993       1.79527092    
   10.1938000       1.63981879    
   10.2321997       1.45635104    
   10.2706003       1.26281738    
   10.3090000       1.06996274    
   10.3473997      0.875919342    
   10.3857994      0.699063897    
   10.4242001      0.543214202    
   10.4625988      0.413150191    
   10.5009995      0.307535112    
   10.5393991      0.222907409    
   10.5777988      0.159698948    
   10.6161995      0.115200952    
   10.6546001       8.34838152E-02
   10.6929998       6.15265667E-02
   10.7313995       4.44875360E-02
   10.7698002       3.16940323E-02
   10.8081989       2.25201435E-02
   10.8465996       1.56660452E-02
   10.8850002       1.03986356E-02
   10.9233999       6.85111992E-03
   10.9617996       4.50736983E-03
   11.0001993       2.62435921E-03
   11.0386000       1.45462039E-03
   11.0769997       9.80529818E-04
   11.1154003       9.69696091E-04
   11.1537991       1.23527530E-03
   11.1921997       1.37153629E-03
   11.2306004       1.68968202E-03
   11.2689991       1.66343688E-03
   11.3073997       1.24359131E-03
   11.3458004       9.69238230E-04
   11.3842010       5.00030525E-04
   11.4225998       2.88238516E-04
   11.4610004       9.31549730E-05
   11.4994001       5.53894279E-05
   11.5377998       4.16717521E-04
   11.5762005       4.96749883E-04
   11.6145992       6.18209830E-04
   11.6529999       7.55386369E-04
   11.6914005       9.00115992E-04
   11.7297993       1.19453424E-03
   11.7681999       9.44595376E-04
   11.8065987       8.13674938E-04
   11.8449993       5.90744021E-04
   11.8834000       3.01361084E-04
