14.053600	0.000000
14.058400	0.000000
14.063200	0.000000
14.068000	0.000000
14.072800	0.000000
14.077600	0.000000
14.082400	0.000000
14.087200	0.000000
14.092000	0.000000
14.096800	0.000000
14.101600	0.007578
14.106400	0.027825
14.111200	0.067476
14.116000	0.085627
14.120800	0.115934
14.125600	0.152911
14.130400	0.168035
14.135200	0.188868
14.140000	0.190399
14.144800	0.212784
14.149600	0.236438
14.154400	0.284620
14.159200	0.327801
14.164000	0.370836
14.168800	0.406025
14.173600	0.439638
14.178400	0.462748
14.183200	0.508568
14.188000	0.535064
14.192800	0.592702
14.197600	0.619387
14.202400	0.640327
14.207200	0.690001
14.212000	0.733758
14.216800	0.786359
14.221600	0.844747
14.226400	0.883410
14.231200	0.930896
14.236000	0.977510
14.240800	1.015549
14.245600	1.085407
14.250400	1.142834
14.255200	1.195614
14.260000	1.272512
14.264800	1.319439
14.269600	1.375783
14.274400	1.425369
14.279200	1.491386
14.284000	1.555038
14.288800	1.618398
14.293600	1.672731
14.298400	1.739657
14.303200	1.810975
14.308000	1.874481
14.312800	1.954013
14.317600	2.044026
14.322400	2.133001
14.327200	2.229469
14.332000	2.319341
14.336800	2.418030
14.341600	2.524867
14.346400	2.607675
14.351200	2.702288
14.356000	2.825520
14.360800	2.905429
14.365600	2.994554
14.370400	3.089272
14.375200	3.187847
14.380000	3.294129
14.384800	3.398730
14.389600	3.512406
14.394400	3.627530
14.399200	3.729729
14.404000	3.839148
14.408800	3.934840
14.413600	4.028193
14.418400	4.137709
14.423200	4.236376
14.428000	4.350252
14.432800	4.457704
14.437600	4.560731
14.442400	4.684603
14.447200	4.819021
14.452000	4.926926
14.456800	5.052018
14.461600	5.170888
14.466400	5.288277
14.471200	5.424091
14.476000	5.559646
14.480800	5.692918
14.485600	5.821911
14.490400	5.949062
14.495200	6.085007
14.500000	6.215924
14.504800	6.348905
14.509600	6.476227
14.514400	6.613524
14.519200	6.759912
14.524000	6.911426
14.528800	7.056589
14.533600	7.197212
14.538400	7.334824
14.543200	7.490319
14.548000	7.618671
14.552800	7.759444
14.557600	7.899767
14.562400	8.048198
14.567200	8.197643
14.572000	8.340120
14.576800	8.485155
14.581600	8.617310
14.586400	8.771675
14.591200	8.896984
14.596000	9.041013
14.600800	9.181917
14.605600	9.328823
14.610400	9.466738
14.615200	9.601379
14.620000	9.739706
14.624800	9.891585
14.629600	10.054957
14.634400	10.179518
14.639200	10.332899
14.644000	10.472750
14.648800	10.614254
14.653600	10.744617
14.658400	10.874546
14.663200	11.011576
14.668000	11.160656
14.672800	11.328502
14.677600	11.477633
14.682400	11.623845
14.687200	11.757899
14.692000	11.888217
14.696800	12.019393
14.701600	12.161298
14.706400	12.301233
14.711200	12.466142
14.716000	12.589605
14.720800	12.731972
14.725600	12.856850
14.730400	13.009552
14.735200	13.168741
14.740000	13.317312
14.744800	13.468480
14.749600	13.614038
14.754400	13.734986
14.759200	13.880094
14.764000	14.020461
14.768800	14.154766
14.773600	14.311362
14.778400	14.442296
14.783200	14.577961
14.788000	14.708062
14.792800	14.837687
14.797600	14.968953
14.802400	15.094808
14.807200	15.242274
14.812000	15.371939
14.816800	15.508692
14.821600	15.653460
14.826400	15.800143
14.831200	15.938106
14.836000	16.078246
14.840800	16.211891
14.845600	16.342079
14.850400	16.464385
14.855200	16.590766
14.860000	16.696790
14.864800	16.807949
14.869600	16.924540
14.874400	17.012858
14.879200	17.124159
14.884000	17.224074
14.888800	17.305916
14.893600	17.408953
14.898400	17.515879
14.903200	17.614061
14.908000	17.713483
14.912800	17.795672
14.917600	17.880463
14.922400	17.958584
14.927200	18.031633
14.932000	18.100923
14.936800	18.178556
14.941600	18.256326
14.946400	18.320639
14.951200	18.384661
14.956000	18.460989
14.960800	18.516385
14.965600	18.569823
14.970400	18.628080
14.975200	18.673775
14.980000	18.704694
14.984800	18.744804
14.989600	18.759430
14.994400	18.784163
14.999200	18.802270
15.004000	18.805451
15.008800	18.803593
15.013600	18.793010
15.018400	18.788353
15.023200	18.785551
15.028000	18.776953
15.032800	18.757242
15.037600	18.727188
15.042400	18.705816
15.047200	18.672448
15.052000	18.622070
15.056800	18.566741
15.061600	18.507035
15.066400	18.442720
15.071200	18.369732
15.076000	18.288294
15.080800	18.209329
15.085600	18.117505
15.090400	18.016137
15.095200	17.925478
15.100000	17.817133
15.104800	17.708581
15.109600	17.587363
15.114400	17.473656
15.119200	17.344898
15.124000	17.228613
15.128800	17.098605
15.133600	16.964218
15.138400	16.827057
15.143200	16.672166
15.148000	16.521498
15.152800	16.367376
15.157600	16.202652
15.162400	16.028677
15.167200	15.864161
15.172000	15.685700
15.176800	15.503638
15.181600	15.315860
15.186400	15.130827
15.191200	14.947090
15.196000	14.765556
15.200800	14.568375
15.205600	14.365249
15.210400	14.162677
15.215200	13.967236
15.220000	13.767442
15.224800	13.570785
15.229600	13.371347
15.234400	13.170707
15.239200	12.968083
15.244000	12.748159
15.248800	12.551598
15.253600	12.346326
15.258400	12.150412
15.263200	11.938958
15.268000	11.727955
15.272800	11.514029
15.277600	11.298264
15.282400	11.085464
15.287200	10.883905
15.292000	10.669521
15.296800	10.459807
15.301600	10.259830
15.306400	10.049180
15.311200	9.848677
15.316000	9.648323
15.320800	9.456929
15.325600	9.259396
15.330400	9.071935
15.335200	8.883944
15.340000	8.690234
15.344800	8.507213
15.349600	8.317458
15.354400	8.119616
15.359200	7.926176
15.364000	7.742187
15.368800	7.555393
15.373600	7.376684
15.378400	7.197719
15.383200	7.026531
15.388000	6.851988
15.392800	6.692238
15.397600	6.531191
15.402400	6.365681
15.407200	6.222589
15.412000	6.070003
15.416800	5.917733
15.421600	5.779952
15.426400	5.640211
15.431200	5.497494
15.436000	5.356659
15.440800	5.216401
15.445600	5.088196
15.450400	4.963745
15.455200	4.839569
15.460000	4.718099
15.464800	4.601860
15.469600	4.481510
15.474400	4.364062
15.479200	4.258719
15.484000	4.156712
15.488800	4.045327
15.493600	3.940321
15.498400	3.840250
15.503200	3.742287
15.508000	3.640684
15.512800	3.548136
15.517600	3.452709
15.522400	3.370051
15.527200	3.284575
15.532000	3.203389
15.536800	3.128333
15.541600	3.056058
15.546400	2.986114
15.551200	2.920634
15.556000	2.848686
15.560800	2.775022
15.565600	2.707919
15.570400	2.648272
15.575200	2.581885
15.580000	2.519080
15.584800	2.460675
15.589600	2.402719
15.594400	2.346045
15.599200	2.291961
15.604000	2.243042
15.608800	2.196257
15.613600	2.146496
15.618400	2.102720
15.623200	2.061657
15.628000	2.015123
15.632800	1.974784
15.637600	1.936337
15.642400	1.902044
15.647200	1.863716
15.652000	1.824939
15.656800	1.781822
15.661600	1.742362
15.666400	1.705137
15.671200	1.665469
15.676000	1.637559
15.680800	1.607187
15.685600	1.577228
15.690400	1.546015
15.695200	1.516317
15.700000	1.490153
15.704800	1.462507
15.709600	1.436398
15.714400	1.418748
15.719200	1.400202
15.724000	1.378737
15.728800	1.355576
15.733600	1.335254
15.738400	1.316625
15.743200	1.303379
15.748000	1.284322
15.752800	1.266884
15.757600	1.248507
15.762400	1.231071
15.767200	1.212179
15.772000	1.193405
15.776800	1.179411
15.781600	1.161858
15.786400	1.148786
15.791200	1.127923
15.796000	1.113076
15.800800	1.095567
15.805600	1.082013
15.810400	1.066740
15.815200	1.052529
15.820000	1.039597
15.824800	1.029080
15.829600	1.018538
15.834400	1.004531
15.839200	0.990992
15.844000	0.976499
15.848800	0.964071
15.853600	0.947813
15.858400	0.932927
15.863200	0.915458
15.868000	0.901625
15.872800	0.885698
15.877600	0.868813
15.882400	0.851956
15.887200	0.840981
15.892000	0.830494
15.896800	0.817015
15.901600	0.803693
15.906400	0.791988
15.911200	0.779356
15.916000	0.764799
15.920800	0.748967
15.925600	0.732303
15.930400	0.718063
15.935200	0.704978
15.940000	0.687395
15.944800	0.671040
15.949600	0.660037
15.954400	0.642979
15.959200	0.626761
15.964000	0.613393
15.968800	0.600920
15.973600	0.588769
15.978400	0.573464
15.983200	0.556961
15.988000	0.543290
15.992800	0.529899
15.997600	0.516912
16.002400	0.502145
16.007200	0.486713
16.012000	0.473551
16.016800	0.459618
16.021600	0.447625
16.026400	0.436438
16.031200	0.423082
16.036000	0.407786
16.040800	0.394436
16.045600	0.381798
16.050400	0.370903
16.055200	0.360834
16.060000	0.351822
16.064800	0.340977
16.069600	0.329596
16.074400	0.318572
16.079200	0.309409
16.084000	0.296008
16.088800	0.283871
16.093600	0.273980
16.098400	0.262341
16.103200	0.250310
16.108000	0.240752
16.112800	0.230177
16.117600	0.219329
16.122400	0.209822
16.127200	0.201218
16.132000	0.192938
16.136800	0.183794
16.141600	0.174173
16.146400	0.166130
16.151200	0.156824
16.156000	0.151015
16.160800	0.143082
16.165600	0.135561
16.170400	0.128768
16.175200	0.121373
16.180000	0.114022
16.184800	0.107953
16.189600	0.103937
16.194400	0.099137
16.199200	0.094312
16.204000	0.091260
16.208800	0.083876
16.213600	0.077902
16.218400	0.073376
16.223200	0.070243
16.228000	0.065784
16.232800	0.061747
16.237600	0.058169
16.242400	0.055470
16.247200	0.052319
16.252000	0.048884
16.256800	0.046798
16.261600	0.044290
16.266400	0.043365
16.271200	0.039928
16.276000	0.036131
16.280800	0.032623
16.285600	0.030542
16.290400	0.029629
16.295200	0.029124
16.300000	0.026861
16.304800	0.026641
16.309600	0.026199
16.314400	0.025318
16.319200	0.023349
16.324000	0.022611
16.328800	0.021907
16.333600	0.020588
16.338400	0.018719
16.343200	0.019513
16.348000	0.019772
16.352800	0.018387
16.357600	0.017969
16.362400	0.016884
16.367200	0.016538
16.372000	0.016763
16.376800	0.016641
16.381600	0.015396
16.386400	0.015365
16.391200	0.014450
16.396000	0.013931
16.400800	0.013259
16.405600	0.013091
16.410400	0.012425
16.415200	0.013002
16.420000	0.013342
16.424800	0.012878
16.429600	0.011843
16.434400	0.011979
16.439200	0.011789
16.444000	0.011012
16.448800	0.010994
16.453600	0.011345
16.458400	0.011521
16.463200	0.011568
16.468000	0.010971
16.472800	0.010987
16.477600	0.011806
16.482400	0.011572
16.487200	0.012367
16.492000	0.012927
16.496800	0.012257
16.501600	0.011833
16.506400	0.011875
16.511200	0.013248
16.516000	0.014382
16.520800	0.014043
16.525600	0.014188
16.530400	0.014419
16.535200	0.015270
16.540000	0.016289
16.544800	0.016473
16.549600	0.016436
16.554400	0.016768
16.559200	0.016393
16.564000	0.016769
16.568800	0.017855
16.573600	0.019174
16.578400	0.019824
16.583200	0.019713
16.588000	0.019569
16.592800	0.018580
16.597600	0.018280
16.602400	0.018240
16.607200	0.018026
16.612000	0.017642
16.616800	0.017195
16.621600	0.016843
16.626400	0.017268
16.631200	0.016670
16.636000	0.016641
16.640800	0.016584
16.645600	0.016497
16.650400	0.016378
16.655200	0.016227
16.660000	0.016041
16.664800	0.015819
16.669600	0.015559
16.674400	0.015259
16.679200	0.014918
16.684000	0.014534
16.688800	0.014106
16.693600	0.013631
16.698400	0.013108
16.703200	0.012536
16.708000	0.011913
16.712800	0.011237
16.717600	0.010507
16.722400	0.009721
16.727200	0.008877
16.732000	0.007973
16.736800	0.007009
16.741600	0.005981
16.746400	0.004890
16.751200	0.003732
16.756000	0.002507
16.760800	0.001213
16.765600	0.000000
16.770400	0.000000
16.775200	0.000000
16.780000	0.000000