9.299200	0.000000
9.304000	0.000041
9.308800	0.009196
9.313600	0.040490
9.318400	0.071290
9.323200	0.085420
9.328000	0.117080
9.332800	0.163612
9.337600	0.195813
9.342400	0.225262
9.347200	0.254840
9.352000	0.285564
9.356800	0.324768
9.361600	0.374900
9.366400	0.424379
9.371200	0.482587
9.376000	0.517161
9.380800	0.589227
9.385600	0.648754
9.390400	0.714728
9.395200	0.773387
9.400000	0.832017
9.404800	0.882638
9.409600	0.950661
9.414400	1.024960
9.419200	1.097579
9.424000	1.171233
9.428800	1.235230
9.433600	1.313884
9.438400	1.390426
9.443200	1.485953
9.448000	1.566186
9.452800	1.653598
9.457600	1.734802
9.462400	1.816288
9.467200	1.919709
9.472000	2.032965
9.476800	2.126577
9.481600	2.222318
9.486400	2.336026
9.491200	2.464731
9.496000	2.583373
9.500800	2.677050
9.505600	2.802468
9.510400	2.917106
9.515200	3.048185
9.520000	3.166241
9.524800	3.279623
9.529600	3.416852
9.534400	3.555600
9.539200	3.694471
9.544000	3.840023
9.548800	3.979798
9.553600	4.128362
9.558400	4.284475
9.563200	4.430525
9.568000	4.582270
9.572800	4.737054
9.577600	4.902196
9.582400	5.070575
9.587200	5.224636
9.592000	5.394206
9.596800	5.557933
9.601600	5.705561
9.606400	5.866054
9.611200	6.037189
9.616000	6.206073
9.620800	6.391077
9.625600	6.571906
9.630400	6.755192
9.635200	6.921531
9.640000	7.094883
9.644800	7.285772
9.649600	7.467971
9.654400	7.640466
9.659200	7.836890
9.664000	8.040116
9.668800	8.227040
9.673600	8.423165
9.678400	8.614725
9.683200	8.805820
9.688000	9.014653
9.692800	9.226491
9.697600	9.425215
9.702400	9.626278
9.707200	9.818664
9.712000	10.030939
9.716800	10.230487
9.721600	10.422199
9.726400	10.622869
9.731200	10.810562
9.736000	11.011962
9.740800	11.211483
9.745600	11.411153
9.750400	11.605402
9.755200	11.789934
9.760000	11.983189
9.764800	12.164859
9.769600	12.352523
9.774400	12.536725
9.779200	12.703860
9.784000	12.893035
9.788800	13.065212
9.793600	13.239260
9.798400	13.413871
9.803200	13.576016
9.808000	13.737497
9.812800	13.888567
9.817600	14.056659
9.822400	14.206491
9.827200	14.358444
9.832000	14.511497
9.836800	14.647153
9.841600	14.797957
9.846400	14.927368
9.851200	15.051696
9.856000	15.190945
9.860800	15.307245
9.865600	15.416979
9.870400	15.528397
9.875200	15.646970
9.880000	15.742233
9.884800	15.845514
9.889600	15.932853
9.894400	16.009962
9.899200	16.085969
9.904000	16.160716
9.908800	16.236566
9.913600	16.276157
9.918400	16.323251
9.923200	16.367537
9.928000	16.393404
9.932800	16.431508
9.937600	16.456082
9.942400	16.467174
9.947200	16.469294
9.952000	16.474437
9.956800	16.470272
9.961600	16.473275
9.966400	16.451780
9.971200	16.425884
9.976000	16.387318
9.980800	16.349888
9.985600	16.301960
9.990400	16.277399
9.995200	16.233508
10.000000	16.180018
10.004800	16.105851
10.009600	16.049297
10.014400	15.985077
10.019200	15.900859
10.024000	15.800702
10.028800	15.709007
10.033600	15.621785
10.038400	15.518307
10.043200	15.422061
10.048000	15.309104
10.052800	15.199391
10.057600	15.082228
10.062400	14.961087
10.067200	14.831040
10.072000	14.700988
10.076800	14.563350
10.081600	14.428712
10.086400	14.287384
10.091200	14.148084
10.096000	14.000602
10.100800	13.855713
10.105600	13.707178
10.110400	13.545487
10.115200	13.382304
10.120000	13.214547
10.124800	13.059156
10.129600	12.903239
10.134400	12.759097
10.139200	12.596611
10.144000	12.441108
10.148800	12.269395
10.153600	12.095995
10.158400	11.926691
10.163200	11.753888
10.168000	11.598220
10.172800	11.429530
10.177600	11.252354
10.182400	11.083273
10.187200	10.916065
10.192000	10.749344
10.196800	10.578913
10.201600	10.417591
10.206400	10.253047
10.211200	10.085908
10.216000	9.928393
10.220800	9.755541
10.225600	9.580680
10.230400	9.414776
10.235200	9.257499
10.240000	9.103885
10.244800	8.933108
10.249600	8.772949
10.254400	8.615881
10.259200	8.453464
10.264000	8.304700
10.268800	8.152865
10.273600	8.004927
10.278400	7.855755
10.283200	7.699912
10.288000	7.549363
10.292800	7.396958
10.297600	7.253105
10.302400	7.114721
10.307200	6.982950
10.312000	6.857310
10.316800	6.723616
10.321600	6.605033
10.326400	6.472371
10.331200	6.338895
10.336000	6.219745
10.340800	6.103254
10.345600	5.996610
10.350400	5.883183
10.355200	5.775247
10.360000	5.671327
10.364800	5.562288
10.369600	5.459118
10.374400	5.346243
10.379200	5.243011
10.384000	5.142235
10.388800	5.039781
10.393600	4.947438
10.398400	4.849935
10.403200	4.757954
10.408000	4.661526
10.412800	4.576377
10.417600	4.489015
10.422400	4.410457
10.427200	4.333719
10.432000	4.254744
10.436800	4.170994
10.441600	4.091718
10.446400	4.021406
10.451200	3.947630
10.456000	3.872423
10.460800	3.811960
10.465600	3.739864
10.470400	3.673586
10.475200	3.612623
10.480000	3.553584
10.484800	3.489177
10.489600	3.432971
10.494400	3.371946
10.499200	3.317902
10.504000	3.269674
10.508800	3.216578
10.513600	3.168042
10.518400	3.122307
10.523200	3.062093
10.528000	3.013236
10.532800	2.962544
10.537600	2.917871
10.542400	2.866535
10.547200	2.818058
10.552000	2.771362
10.556800	2.737043
10.561600	2.693140
10.566400	2.651034
10.571200	2.609241
10.576000	2.566746
10.580800	2.526210
10.585600	2.483837
10.590400	2.447253
10.595200	2.408278
10.600000	2.370316
10.604800	2.334631
10.609600	2.300685
10.614400	2.265584
10.619200	2.228597
10.624000	2.190056
10.628800	2.152583
10.633600	2.117662
10.638400	2.081393
10.643200	2.048705
10.648000	2.017917
10.652800	1.992380
10.657600	1.951451
10.662400	1.915709
10.667200	1.872279
10.672000	1.840835
10.676800	1.799648
10.681600	1.769892
10.686400	1.732187
10.691200	1.697765
10.696000	1.665488
10.700800	1.626787
10.705600	1.594886
10.710400	1.565197
10.715200	1.534204
10.720000	1.505878
10.724800	1.473258
10.729600	1.442112
10.734400	1.409103
10.739200	1.371691
10.744000	1.340496
10.748800	1.305341
10.753600	1.274177
10.758400	1.247029
10.763200	1.217022
10.768000	1.184673
10.772800	1.150821
10.777600	1.124626
10.782400	1.093908
10.787200	1.067265
10.792000	1.041092
10.796800	1.011843
10.801600	0.981589
10.806400	0.951464
10.811200	0.922553
10.816000	0.895441
10.820800	0.870427
10.825600	0.849774
10.830400	0.827460
10.835200	0.804542
10.840000	0.777011
10.844800	0.752584
10.849600	0.729713
10.854400	0.701356
10.859200	0.681703
10.864000	0.663257
10.868800	0.641487
10.873600	0.621454
10.878400	0.600501
10.883200	0.578239
10.888000	0.558722
10.892800	0.535183
10.897600	0.514779
10.902400	0.494902
10.907200	0.480594
10.912000	0.466312
10.916800	0.452275
10.921600	0.437777
10.926400	0.421183
10.931200	0.408689
10.936000	0.394666
10.940800	0.380479
10.945600	0.368103
10.950400	0.355847
10.955200	0.340724
10.960000	0.326898
10.964800	0.313818
10.969600	0.302517
10.974400	0.289410
10.979200	0.279237
10.984000	0.269701
10.988800	0.258585
10.993600	0.246099
10.998400	0.236234
11.003200	0.227124
11.008000	0.216990
11.012800	0.207110
11.017600	0.200620
11.022400	0.193896
11.027200	0.185854
11.032000	0.178022
11.036800	0.167234
11.041600	0.161191
11.046400	0.154480
11.051200	0.147624
11.056000	0.142725
11.060800	0.135126
11.065600	0.128746
11.070400	0.122584
11.075200	0.115897
11.080000	0.111184
11.084800	0.107917
11.089600	0.101502
11.094400	0.097326
11.099200	0.091970
11.104000	0.087613
11.108800	0.082660
11.113600	0.079210
11.118400	0.074759
11.123200	0.069622
11.128000	0.066142
11.132800	0.063024
11.137600	0.059455
11.142400	0.054646
11.147200	0.050755
11.152000	0.047974
11.156800	0.044804
11.161600	0.042015
11.166400	0.037840
11.171200	0.036410
11.176000	0.032913
11.180800	0.029785
11.185600	0.026166
11.190400	0.024232
11.195200	0.021198
11.200000	0.021193
11.204800	0.018901
11.209600	0.017342
11.214400	0.014592
11.219200	0.015655
11.224000	0.015324
11.228800	0.014491
11.233600	0.014156
11.238400	0.012360
11.243200	0.011840
11.248000	0.011889
11.252800	0.011807
11.257600	0.010761
11.262400	0.010525
11.267200	0.008881
11.272000	0.008887
11.276800	0.009212
11.281600	0.009415
11.286400	0.010685
11.291200	0.011260
11.296000	0.010670
11.300800	0.010014
11.305600	0.010363
11.310400	0.010230
11.315200	0.011345
11.320000	0.010405
11.324800	0.011342
11.329600	0.009948
11.334400	0.009664
11.339200	0.009743
11.344000	0.009371
11.348800	0.011992
11.353600	0.013449
11.358400	0.013578
11.363200	0.013798
11.368000	0.013836
11.372800	0.014158
11.377600	0.014541
11.382400	0.014203
11.387200	0.013713
11.392000	0.013591
11.396800	0.013569
11.401600	0.015222
11.406400	0.014949
11.411200	0.013983
11.416000	0.014342
11.420800	0.013526
11.425600	0.014342
11.430400	0.013820
11.435200	0.013991
11.440000	0.014436
11.444800	0.014238
11.449600	0.014237
11.454400	0.014399
11.459200	0.014126
11.464000	0.014431
11.468800	0.014805
11.473600	0.015725
11.478400	0.015705
11.483200	0.015363
11.488000	0.014781
11.492800	0.014514
11.497600	0.013973
11.502400	0.013231
11.507200	0.013779
11.512000	0.014251
11.516800	0.015159
11.521600	0.015241
11.526400	0.015155
11.531200	0.015430
11.536000	0.016478
11.540800	0.017133
11.545600	0.016928
11.550400	0.017155
11.555200	0.015727
11.560000	0.013961
11.564800	0.013733
11.569600	0.013930
11.574400	0.013679
11.579200	0.013206
11.584000	0.012972
11.588800	0.011748
11.593600	0.012490
11.598400	0.012714
11.603200	0.012854
11.608000	0.012532
11.612800	0.012632
11.617600	0.011740
11.622400	0.010961
11.627200	0.010445
11.632000	0.009662
11.636800	0.008800
11.641600	0.007803
11.646400	0.006666
11.651200	0.006139
11.656000	0.006077
11.660800	0.006032
11.665600	0.005901
11.670400	0.005411
11.675200	0.005097
11.680000	0.005184
11.684800	0.005313
11.689600	0.005303
11.694400	0.005582
11.699200	0.005815
11.704000	0.005903
11.708800	0.005596
11.713600	0.005749
11.718400	0.006237
11.723200	0.006562
11.728000	0.006899
11.732800	0.006337
11.737600	0.006429
11.742400	0.007331
11.747200	0.008246
11.752000	0.008369
11.756800	0.008848
11.761600	0.009347
11.766400	0.009621
11.771200	0.010294
11.776000	0.010728
11.780800	0.010667
11.785600	0.010662
11.790400	0.011222
11.795200	0.011341
11.800000	0.011899
11.804800	0.012910
11.809600	0.013238
11.814400	0.013697
11.819200	0.013802
11.824000	0.013562
11.828800	0.014101
11.833600	0.014035
11.838400	0.013817
11.843200	0.014081
11.848000	0.014291
11.852800	0.014617
11.857600	0.014789
11.862400	0.015527
11.867200	0.016004
11.872000	0.015884
11.876800	0.016378
11.881600	0.015566
11.886400	0.015286
11.891200	0.014621
11.896000	0.014746
11.900800	0.014843
11.905600	0.014909
11.910400	0.014943
11.915200	0.014943
11.920000	0.014907
11.924800	0.014833
11.929600	0.014720
11.934400	0.014566
11.939200	0.014369
11.944000	0.014127
11.948800	0.013838
11.953600	0.013501
11.958400	0.013113
11.963200	0.012674
11.968000	0.012180
11.972800	0.011631
11.977600	0.011024
11.982400	0.010358
11.987200	0.009631
11.992000	0.008840
11.996800	0.007985
12.001600	0.007063
12.006400	0.006073
12.011200	0.005013
12.016000	0.003881
12.020800	0.002675
12.025600	0.001393
12.030400	0.000033
12.035200	0.000000
