9.366800	0.000000
9.371600	0.041167
9.376400	0.079800
9.381200	0.128505
9.386000	0.175660
9.390800	0.227695
9.395600	0.265410
9.400400	0.322716
9.405200	0.391677
9.410000	0.444831
9.414800	0.499691
9.419600	0.552971
9.424400	0.613158
9.429200	0.688233
9.434000	0.725851
9.438800	0.779725
9.443600	0.827527
9.448400	0.887068
9.453200	0.944907
9.458000	0.993271
9.462800	1.044362
9.467600	1.107186
9.472400	1.170131
9.477200	1.241094
9.482000	1.316004
9.486800	1.381056
9.491600	1.447988
9.496400	1.512906
9.501200	1.580797
9.506000	1.662567
9.510800	1.740076
9.515600	1.807600
9.520400	1.853727
9.525200	1.923925
9.530000	2.015602
9.534800	2.100035
9.539600	2.205738
9.544400	2.291060
9.549200	2.347905
9.554000	2.440651
9.558800	2.530833
9.563600	2.609959
9.568400	2.704733
9.573200	2.779909
9.578000	2.852510
9.582800	2.939663
9.587600	3.012932
9.592400	3.089083
9.597200	3.192568
9.602000	3.270340
9.606800	3.365245
9.611600	3.445884
9.616400	3.545944
9.621200	3.605526
9.626000	3.693260
9.630800	3.784838
9.635600	3.860408
9.640400	3.957179
9.645200	4.052952
9.650000	4.152069
9.654800	4.225661
9.659600	4.318431
9.664400	4.425367
9.669200	4.506171
9.674000	4.597997
9.678800	4.688124
9.683600	4.777094
9.688400	4.853849
9.693200	4.926188
9.698000	5.024100
9.702800	5.113947
9.707600	5.187601
9.712400	5.272700
9.717200	5.342344
9.722000	5.406419
9.726800	5.480438
9.731600	5.546432
9.736400	5.628835
9.741200	5.709554
9.746000	5.771846
9.750800	5.842558
9.755600	5.890328
9.760400	5.953522
9.765200	6.013805
9.770000	6.061717
9.774800	6.109574
9.779600	6.185397
9.784400	6.253544
9.789200	6.307102
9.794000	6.362989
9.798800	6.434838
9.803600	6.488712
9.808400	6.561234
9.813200	6.615756
9.818000	6.662205
9.822800	6.716144
9.827600	6.769735
9.832400	6.815552
9.837200	6.854694
9.842000	6.910227
9.846800	6.963268
9.851600	6.979931
9.856400	7.026882
9.861200	7.049942
9.866000	7.066956
9.870800	7.082377
9.875600	7.108170
9.880400	7.142783
9.885200	7.148797
9.890000	7.157753
9.894800	7.163200
9.899600	7.183282
9.904400	7.180447
9.909200	7.178697
9.914000	7.176360
9.918800	7.178898
9.923600	7.181781
9.928400	7.182402
9.933200	7.167956
9.938000	7.145365
9.942800	7.132958
9.947600	7.116795
9.952400	7.103394
9.957200	7.082844
9.962000	7.036607
9.966800	7.017004
9.971600	6.993842
9.976400	6.971136
9.981200	6.946005
9.986000	6.911780
9.990800	6.890136
9.995600	6.863183
10.000400	6.839770
10.005200	6.807153
10.010000	6.759003
10.014800	6.705959
10.019600	6.668460
10.024400	6.621731
10.029200	6.588929
10.034000	6.543527
10.038800	6.506022
10.043600	6.450052
10.048400	6.409724
10.053200	6.370638
10.058000	6.321847
10.062800	6.260731
10.067600	6.205431
10.072400	6.145677
10.077200	6.080276
10.082000	6.028890
10.086800	5.962761
10.091600	5.894529
10.096400	5.833402
10.101200	5.766924
10.106000	5.708828
10.110800	5.655045
10.115600	5.595855
10.120400	5.530821
10.125200	5.475834
10.130000	5.408747
10.134800	5.352414
10.139600	5.294971
10.144400	5.237273
10.149200	5.167003
10.154000	5.123907
10.158800	5.062419
10.163600	4.997743
10.168400	4.938063
10.173200	4.869056
10.178000	4.806747
10.182800	4.741521
10.187600	4.691902
10.192400	4.628762
10.197200	4.565856
10.202000	4.508985
10.206800	4.440621
10.211600	4.379794
10.216400	4.324758
10.221200	4.271478
10.226000	4.223282
10.230800	4.159118
10.235600	4.091964
10.240400	4.028480
10.245200	3.965742
10.250000	3.912513
10.254800	3.870413
10.259600	3.823304
10.264400	3.774876
10.269200	3.726036
10.274000	3.670905
10.278800	3.615799
10.283600	3.562163
10.288400	3.515455
10.293200	3.466948
10.298000	3.423487
10.302800	3.383304
10.307600	3.349366
10.312400	3.295519
10.317200	3.255568
10.322000	3.214155
10.326800	3.176015
10.331600	3.127591
10.336400	3.080595
10.341200	3.031776
10.346000	2.997926
10.350800	2.961701
10.355600	2.912007
10.360400	2.867208
10.365200	2.820840
10.370000	2.780152
10.374800	2.727995
10.379600	2.680925
10.384400	2.644867
10.389200	2.597403
10.394000	2.555498
10.398800	2.518217
10.403600	2.479736
10.408400	2.440285
10.413200	2.390428
10.418000	2.347582
10.422800	2.306434
10.427600	2.274529
10.432400	2.231716
10.437200	2.196527
10.442000	2.157384
10.446800	2.121997
10.451600	2.081165
10.456400	2.040998
10.461200	2.001016
10.466000	1.967673
10.470800	1.933878
10.475600	1.894783
10.480400	1.859317
10.485200	1.821559
10.490000	1.782773
10.494800	1.759155
10.499600	1.726961
10.504400	1.688793
10.509200	1.655289
10.514000	1.618989
10.518800	1.587723
10.523600	1.552194
10.528400	1.517608
10.533200	1.480275
10.538000	1.445877
10.542800	1.415513
10.547600	1.389225
10.552400	1.359939
10.557200	1.335046
10.562000	1.299517
10.566800	1.270993
10.571600	1.235692
10.576400	1.208357
10.581200	1.174490
10.586000	1.147011
10.590800	1.119778
10.595600	1.092017
10.600400	1.063784
10.605200	1.032303
10.610000	1.011045
10.614800	0.985752
10.619600	0.962635
10.624400	0.940127
10.629200	0.917532
10.634000	0.895460
10.638800	0.871506
10.643600	0.847410
10.648400	0.823603
10.653200	0.806305
10.658000	0.785253
10.662800	0.765467
10.667600	0.744511
10.672400	0.721692
10.677200	0.700484
10.682000	0.682584
10.686800	0.661600
10.691600	0.643378
10.696400	0.629531
10.701200	0.614120
10.706000	0.601304
10.710800	0.585734
10.715600	0.568158
10.720400	0.549060
10.725200	0.534834
10.730000	0.519005
10.734800	0.503933
10.739600	0.489995
10.744400	0.476380
10.749200	0.463079
10.754000	0.450087
10.758800	0.437398
10.763600	0.425005
10.768400	0.412902
10.773200	0.401082
10.778000	0.389539
10.782800	0.378266
10.787600	0.367256
10.792400	0.356505
10.797200	0.346004
10.802000	0.335748
10.806800	0.325730
10.811600	0.315943
10.816400	0.306382
10.821200	0.297040
10.826000	0.287909
10.830800	0.278985
10.835600	0.270260
10.840400	0.261729
10.845200	0.253383
10.850000	0.245218
10.854800	0.237227
10.859600	0.229403
10.864400	0.221739
10.869200	0.214230
10.874000	0.206869
10.878800	0.199650
10.883600	0.192565
10.888400	0.185609
10.893200	0.178775
10.898000	0.172057
10.902800	0.165448
10.907600	0.158941
10.912400	0.152531
10.917200	0.146212
10.922000	0.139975
10.926800	0.133816
10.931600	0.127727
10.936400	0.121702
10.941200	0.115735
10.946000	0.109820
10.950800	0.103949
10.955600	0.098116
10.960400	0.092316
10.965200	0.086541
10.970000	0.080785
10.974800	0.075041
10.979600	0.069304
10.984400	0.063566
10.989200	0.057822
10.994000	0.052065
10.998800	0.046288
