7.822        0.028
8.266        0.076
8.84        0.064
8.911        0.57
9.337        0.0087
9.362        0.166
9.443        1.47
9.975        0.0271
10.176        0.042
10.217        0.0078
10.354        0.408
10.511        0.058
10.59        0.133
10.84        0.0211
10.854        0.056
10.871        0.0075
11.71        1.24
11.235        0.073
11.242        0.354
11.562        0.0292
12.96        0.079
12.385        0.0066
12.422        0.0133
12.5        0.019
12.942        0.245
13.271        0.03
13.273        0.018
13.361        0.025
60.903        0.00106
61.486        1.2
63            2.07
64.514        0.00286
65.122        2.65
66.831        4.53
71.79        0.239
71.414        0.46
71.875        0.0113
73.363        0.162
73.59        0.0188
75.368        0.533
75.749        1.029
76.233        0.0265
77.831        0.365
78.73        0.0478
110.093        0.0126
136.34348        0.183
176.98        0.0043
201.3112        0.472
205.79549        3.3
214.7        0.0026
280.04        0.023
283.2668        0.262
295.95827        28.67
308.45692        30
314.8        0.07
316.50791        82.81
329.312        0.0185
374.4852        0.721
415.4        0.009
416.4714        0.664
420.532        0.0737
468.07152        47.83
484.578        3.184
485.3        0.0022
489.039        0.443
588.5845        4.515
593.37        0.0426
599.35        0.0039
604.41464        8.23
612.46564        5.309
703.98        0.0053
739        0.00051
765.8        0.00149
884.5418        0.2923
1061.48        0.0528
1089.7        0.00108
1378.3        0.00124
