   30.0000000       0.00000000    
   40.0000000      0.347208738    
   50.0000000       5.91460951E-02
   70.0000000       1.82205681E-02
   100.000000       3.10822111E-02
   150.000000       2.29781810E-02
   200.000000       1.68737788E-02
   300.000000       1.24742985E-02
   400.000000       9.97344032E-03
   500.000000       7.37355696E-03
   700.000000       6.07504509E-03
   1000.00000       3.41791240E-03
   2000.00000       2.11839681E-03
   3000.00000       1.48534868E-03
   5000.00000       9.14596196E-04
   10000.0000       3.34649667E-04
   15000.0000       2.23514173E-04
   20000.0000       1.72996137E-04
   30000.0000       9.78507960E-05
   40000.0000       7.89157857E-05
   50000.0000       4.76366440E-05
   100000.000       2.78667449E-05
   150000.000       1.94250497E-05
   200000.000       1.38240812E-05
   300000.000       9.89368436E-06
   400000.000       8.43235011E-06
   500000.000       5.92566676E-06
   1000000.00       4.56410999E-06
   1500000.00       4.03099057E-06
   2000000.00       3.34272772E-06
   3000000.00       2.88252249E-06
   4000000.00       2.13724525E-06
   5000000.00       1.84210592E-06
   6000000.00       0.00000000    
