#dxs10keV
0   , 10.36
0.1 , 10.03
0.2 , 9.6992
0.3 , 9.3688
0.4 , 9.0384
0.5 , 8.708
0.6 , 8.3776
0.7 , 8.0472
0.8 , 7.7168
0.9 , 7.3864
1   , 7.056
1.1 , 6.7368
1.2 , 6.4176
1.3 , 6.0984
1.4 , 5.7792
1.5 , 5.46
1.6 , 5.1408
1.7 , 4.8216
1.8 , 4.5024
1.9 , 4.1832
2   , 3.864
2.1 , 3.696
2.2 , 3.528
2.3 , 3.36
2.4 , 3.192
2.5 , 3.024
2.6 , 2.856
2.7 , 2.688
2.8 , 2.52
2.9 , 2.352
3   , 2.184
3.1 , 2.0826
3.2 , 1.9813
3.3 , 1.8799
3.4 , 1.7786
3.5 , 1.6772
3.6 , 1.5758
3.7 , 1.4745
3.8 , 1.3731
3.9 , 1.2718
4   , 1.1704
4.1 , 1.1172
4.2 , 1.064
4.3 , 1.0108
4.4 , 0.9576
4.5 , 0.9044
4.6 , 0.8512
4.7 , 0.798
4.8 , 0.7448
4.9 , 0.6916
5   , 0.6384
5.1 , 0.6146
5.2 , 0.5908
5.3 , 0.567
5.4 , 0.5432
5.5 , 0.5194
5.6 , 0.4956
5.7 , 0.4718
5.8 , 0.448
5.9 , 0.4242
6   , 0.4004
6.1 , 0.38699
6.2 , 0.37358
6.3 , 0.36016
6.4 , 0.34675
6.5 , 0.33334
6.6 , 0.31993
6.7 , 0.30652
6.8 , 0.2931
6.9 , 0.27969
7   , 0.26628
7.1 , 0.25726
7.2 , 0.24825
7.3 , 0.23923
7.4 , 0.23022
7.5 , 0.2212
7.6 , 0.21218
7.7 , 0.20317
7.8 , 0.19415
7.9 , 0.18514
8   , 0.17612
8.1 , 0.16999
8.2 , 0.16386
8.3 , 0.15772
8.4 , 0.15159
8.5 , 0.14546
8.6 , 0.13933
8.7 , 0.1332
8.8 , 0.12706
8.9 , 0.12093
9   , 0.1148
9.1 , 0.11113
9.2 , 0.10746
9.3 , 0.1038
9.4 , 0.10013
9.5 , 0.09646
9.6 , 0.092792
9.7 , 0.089124
9.8 , 0.085456
9.9 , 0.081788
10  , 0.07812
10.1, 0.075768
10.2, 0.073416
10.3, 0.071064
10.4, 0.068712
10.5, 0.06636
10.6, 0.064008
10.7, 0.061656
10.8, 0.059304
10.9, 0.056952
11  , 0.0546
12  , 0.03864
13  , 0.02912
14  , 0.022652
15  , 0.018116
16  , 0.01428
17  , 0.011676
18  , 0.009576
19  , 0.007868
20  , 0.006468
21  , 0.005376
22  , 0.004564
23  , 0.003892
24  , 0.00336
25  , 0.002828
26  , 0.0023968
27  , 0.0020216
28  , 0.0017472
29  , 0.0015344
30  , 0.0013328
31  , 0.0011508
32  , 0.0009856
33  , 0.0008624
34  , 0.000756
35  , 0.000672
36  , 0.0005908
37  , 0.0005152
38  , 0.0004536
39  , 0.0004032
40  , 0.0003696
41  , 0.0003304
42  , 0.000294
43  , 0.00025844
44  , 0.0002338
45  , 0.00021504
46  , 0.00019824
47  , 0.00018116
48  , 0.00016184
49  , 0.000147
50  , 0.00013468
51  , 0.00012684
52  , 0.00011788
53  , 0.00010864
54  , 9.884E-05
55  , 9.1E-05
56  , 8.652E-05
57  , 8.204E-05
58  , 7.7E-05
59  , 7.028E-05
60  , 6.524E-05
61  , 6.16E-05
62  , 5.936E-05
63  , 5.684E-05
64  , 5.292E-05
65  , 4.928E-05
66  , 4.592E-05
67  , 4.452E-05
68  , 4.284E-05
69  , 4.116E-05
70  , 3.836E-05
71  , 3.584E-05
72  , 3.444E-05
73  , 3.36E-05
74  , 3.276E-05
75  , 3.08E-05
76  , 2.884E-05
77  , 2.7188E-05
78  , 2.6628E-05
79  , 2.6152E-05
80  , 2.5256E-05
81  , 2.38E-05
82  , 2.2288E-05
83  , 2.1588E-05
84  , 2.1224E-05
85  , 2.0888E-05
86  , 1.988E-05
87  , 1.8704E-05
88  , 1.7836E-05
89  , 1.75E-05
90  , 1.7444E-05
91  , 1.694E-05
92  , 1.61E-05
93  , 1.512E-05
94  , 1.47E-05
95  , 1.4588E-05
96  , 1.4476E-05
97  , 1.3916E-05
98  , 1.3104E-05
99  , 1.2544E-05
100 , 1.2348E-05
101 , 1.2432E-05
102 , 1.218E-05
103 , 1.162E-05
104 , 1.0948E-05
105 , 1.0668E-05
106 , 1.0668E-05
107 , 1.0668E-05
108 , 1.036E-05
109 , 9.772E-06
110 , 9.352E-06
111 , 9.268E-06
112 , 9.38E-06
113 , 9.268E-06
114 , 8.876E-06
115 , 8.4E-06
116 , 8.176E-06
117 , 8.26E-06
118 , 8.316E-06
119 , 8.12E-06
120 , 7.7E-06
121 , 7.364E-06
122 , 7.336E-06
123 , 7.448E-06
124 , 7.448E-06
125 , 7.168E-06
126 , 6.776E-06
127 , 6.608E-06
128 , 6.692E-06
129 , 6.804E-06
130 , 6.692E-06
131 , 6.356E-06
132 , 6.076E-06
133 , 6.048E-06
134 , 6.216E-06
135 , 6.272E-06
136 , 6.048E-06
137 , 5.712E-06
138 , 5.572E-06
139 , 5.656E-06
140 , 5.824E-06
141 , 5.768E-06
142 , 5.46E-06
143 , 5.208E-06
144 , 5.208E-06
145 , 5.404E-06
146 , 5.488E-06
147 , 5.32E-06
148 , 5.012E-06
149 , 4.844E-06
150 , 4.984E-06
151 , 5.18E-06
152 , 5.208E-06
153 , 4.928E-06
154 , 4.676E-06
155 , 4.648E-06
156 , 4.872E-06
157 , 5.04E-06
158 , 4.872E-06
159 , 4.564E-06
160 , 4.368E-06
161 , 4.536E-06
162 , 4.788E-06
163 , 4.844E-06
164 , 4.564E-06
165 , 4.256E-06
166 , 4.256E-06
167 , 4.536E-06
168 , 4.816E-06
169 , 4.648E-06
170 , 4.284E-06
171 , 4.032E-06
172 , 4.256E-06
173 , 4.704E-06
174 , 4.872E-06
175 , 4.48E-06
176 , 3.892E-06
177 , 3.864E-06
178 , 4.452E-06
179 , 5.6E-06
180 , 6.3E-06
