0.1596			0.698247234693039	0.002783165306961         0.00278317 
0.1008			0.395194172232737	0.001873827767263	  0.00187383 
0.0756			0.277876271194772	0.001440528805228	  0.00144053 
0.05124			0.175618374550634	0.001008425449366	  0.00100843 
0.02884			0.093048428590445	0.000604851409555	  0.000604851
0.020298664629635	0.065939665148077	0.000457916240642	  0.000457916
0.01584601613055	0.051742659447529	0.000375640867488	  0.000375641
0.01116887080651	0.036982195240619	0.000284930826933	  0.000284931
0.008725699538204	0.029316273017774	0.00023512630665	  0.000235126
0.007265009408979	0.024605703104889	0.000203376446149	  0.000203376
0.004232533975164	0.014856340493199	0.000134115356036	  0.000134115
0.003179889890038	0.011499557213992	0.000108944454024	  0.000108944
0.002658841985212	0.009809721820964	9.60440348264418E-05	  9.6044E-05 
0.00214995688782	0.008139300299136	8.3327613787797E-05	  8.33276E-05
0.001910537174602	0.007331160613906	7.73809211279044E-05	  7.73809E-05
0.001776161986021	0.006868325849883	7.41874670787059E-05	  7.41875E-05
0.001559737820866	0.006058708688893	7.00828617016342E-05	  7.00829E-05
0.001503590549885	0.005873486155327	7.05749671595828E-05	  7.0575E-05 
0.001466494756035	0.005808374534976	7.16425735032026E-05	  7.16426E-05
0.001429998645485	0.005758780879711	7.36179638697404E-05	  7.3618E-05 
0.001408463864434	0.005724109169793	7.50006417416115E-05	  7.50006E-05
0.00139348715844	0.005718465028028	7.63423675349203E-05	  7.63424E-05
0.001382031669769	0.005714643259374	7.7447780342676E-05	  7.74478E-05
# XS exc                ioniS                   ioniK                     ioniD

11.3744 31.6302 549.597

# 11.3744+ 26.3253+ 549.597 
cat elmed.txt  |tr ',' ' ' | \
    awk '{print ($1+$2+$3)/$4 }'
    #awk '{print (11.3744*$1+31.6302*$2+549.597*$3)/($1+$2+$3) }'



29.5489
29.4786
29.4179
29.3676
29.4188
29.6234
29.7703
30.0064
30.1944
30.3265
30.784
31.0905
31.3031
31.5928
31.7784
31.9111
32.2424
32.4491
32.638
32.8923
33.0618
33.2045
33.3198

309.227
265.695
246.379
225.962
202.518
189.328
180.929
169.992
162.794
157.708
143.332
135.743
130.821
124.48
120.431
117.522
109.706
105.528
102.544
98.6498
96.1002
94.1586
92.6317
