30	      0		    
40	      0.859639204747314   
50	      1.89507014697195    
70	      3.45636897431992    
100	      5.11141242547649    
150	      6.99285204788568    
200	      8.32775470398102    
300	      10.2091943263902    
400	      11.5440969824856    
500	      12.5795279247102    
700	      14.1408267520582    
1000	      15.7958702032147    
2000	      19.0122124817193    
3000	      20.8936521041285    
5000	      23.2639857024484    
10000	      26.480327980953	    
15000	      28.3617676033622    
20000	      29.6966702594575    
30000	      31.5781098818667    
40000	      32.913012537962	    
50000	      33.9484434801867    
100000	      37.1647857586912    
150000	      39.0462253811004    
200000	      40.3811280371958    
300000	      42.262567659605	    
400000	      43.5974703157003    
500000	      44.6329012579249    
1000000	      47.8492435364295    
1500000	      49.7306831588387    
2000000	      51.065585814934	    
3000000	      52.9470254373432    
4000000	      54.2819280934385    
5000000	      55.3173590356632    
6000000	      56.1633677158477    
