30               0
40               0
50		 3.4720874811783	     
70		 4.65500947655149     
100		 5.20162622031241     
150		 6.75573703330728     
200		 7.9046460995012	     
300		 9.59202390807008     
400		 10.8394534003231     
500		 11.8367978259592     
700		 13.3115091587421     
1000		 15.1340223642173     
2000		 18.5519345303867     
3000		 20.6703323920266     
5000		 23.6410295031056     
10000		 28.214009470305	     
15000		 29.8872577665024     
20000		 31.0048290638765     
30000		 32.7347926491786     
40000		 33.7133003572595     
50000		 34.5024566367567     
100000		 36.8842898617391     
150000		 38.2776277114116     
200000		 39.2488779268035     
300000		 40.6312852183117     
400000		 41.6206563649148     
500000		 42.4638884848923     
1000000		 45.4267239369664     
1500000		 47.7087777076914     
2000000		 49.7242747398257     
3000000		 53.0670026248828     
4000000		 55.9495246252106     
5000000		 58.0867683221896     
6000000		 59.9288747147031     
