0  74.9000015  
0.00999999978  74.2699966  
0.0199999996  73.6399994  
0.0299999993  73.0099945  
0.0399999991  72.3800049  
0.049999997  71.75  
0.0599999949  71.1200027  
0.0699999928  70.4899979  
0.0799999908  69.8600006  
0.0899999887  69.2300034  
0.0999999866  68.5999985  
0.109999985  68.0199966  
0.119999982  67.4399948  
0.12999998  66.8600006  
0.139999986  66.2799988  
0.149999991  65.6999969  
0.159999996  65.1200027  
0.170000002  64.5400009  
0.180000007  63.9599991  
0.190000013  63.3799973  
0.200000018  62.8000031  
0.210000023  62.2199974  
0.220000029  61.6399956  
0.230000034  61.0599937  
0.240000039  60.4799995  
0.25000003  59.9000015  
0.26000002  59.3199959  
0.270000011  58.7400017  
0.280000001  58.1599998  
0.289999992  57.579998  
0.299999982  57.0000038  
0.309999973  56.4200058  
0.319999963  55.8400002  
0.329999954  55.2600021  
0.339999944  54.6800041  
0.349999934  54.1000061  
0.359999925  53.5200043  
0.369999915  52.9400063  
0.379999906  52.3600044  
0.389999896  51.7800064  
0.399999887  51.2000084  
0.409999877  50.4765968  
0.419999868  49.7531891  
0.429999858  49.0297775  
0.439999849  48.306366  
0.449999839  47.5829544  
0.45999983  46.8595428  
0.46999982  46.1361313  
0.47999981  45.5313492  
0.489999801  44.9840393  
0.499999791  44.4367371  
0.509999812  43.8894272  
0.519999802  43.3421249  
0.529999793  42.7948189  
0.539999783  42.2475166  
0.549999774  41.7002106  
0.559999764  41.1529045  
0.569999754  40.6055984  
0.579999745  40.0582962  
0.589999735  39.510994  
0.599999726  38.9636917  
0.609999716  38.4163857  
0.619999707  37.8690796  
0.629999697  37.3217773  
0.639999688  36.7744713  
0.649999678  36.2271652  
0.659999669  35.6798592  
0.669999659  35.1325569  
0.67999965  34.5852547  
0.68999964  34.0379486  
0.69999963  33.4906425  
0.709999621  32.9433365  
0.719999611  32.3960342  
0.729999602  31.8487282  
0.739999592  31.301424  
0.749999583  30.7541199  
0.759999573  30.2068176  
0.769999564  29.6595116  
0.779999554  29.1122074  
0.789999545  28.5649014  
0.799999535  28.0175991  
0.809999526  27.470293  
0.819999516  26.9229889  
0.829999506  26.3756847  
0.839999497  25.8283806  
0.849999487  25.2810745  
0.859999478  24.7337704  
0.869999468  24.1864662  
0.879999459  23.6391621  
0.889999449  23.091856  
0.89999944  22.5445518  
0.90999943  21.9972477  
0.919999421  21.4499435  
0.929999411  20.9026394  
0.939999402  20.3553352  
0.949999392  19.9166031  
0.959999382  19.6788368  
0.969999373  19.4410744  
0.979999363  19.2033081  
0.989999354  18.9655418  
0.999999344  18.7277794  
1.00999939  17.5193005  
1.11099935  14.4248266  
1.2220993  11.8769369  
1.34430921  9.77908802  
1.4787401  7.88509703  
1.62661409  6.18255854  
1.78927553  4.84763002  
1.96820307  3.77901673  
2.16502333  2.9215889  
2.38152575  2.26067138  
2.61967826  1.76947784  
2.88164616  1.38255286  
3.16981077  1.07013786  
3.48679185  0.820876539  
3.83547115  0.620002151  
4.21901846  0.446868062  
4.64092016  0.311101407  
5.10501194  0.211136281  
5.61551332  0.143381998  
6.1770649  0.101852022  
6.79477119  0.0741588026  
7.47424841  0.0539131276  
8.22167301  0.0385707803  
9.04384041  0.0270799845  
9.94822407  0.0187561512  
10.9430466  0.0134269157  
12.0373516  0.00909733493  
13.241087  0.00602720631  
14.565196  0.00402730657  
16.0217152  0.00258503342  
17.6238861  0.00163486518  
19.3862743  0.00106350449  
21.3249016  0.000689745939  
23.4573917  0.000444500125  
25.8031311  0.000295953272  
28.3834438  0.000201305505  
31.2217884  0.000134243091  
34.3439674  9.40647369E-05  
37.7783661  6.32562369E-05  
41.5562019  4.4105338E-05  
45.7118225  3.01820492E-05  
50.2830048  1.97342542E-05  
55.311306  1.32377863E-05  
60.8424377  8.87984697E-06  
66.9266815  5.95650954E-06  
73.6193466  3.99554256E-06  
80.9812775  2.68032954E-06  
89.0794067  1.79794438E-06  
97.9873505  1.20607933E-06  
107.786087  8.09017081E-07  
118.564697  5.42687076E-07  
130.421173  3.64034776E-07  
143.463287  2.44193814E-07  
157.809616  1.63805652E-07  
173.590576  1.09880503E-07  
190.949631  7.37076959E-08  
210.044586  4.94432086E-08  
231.049042  3.31664367E-08  
254.153946  2.22480434E-08  
279.569336  1.49239856E-08  
307.526276  1.00110089E-08  
338.2789  6.71537137E-09  
372.106781  4.50467041E-09  
409.317444  3.0217211E-09  
450.249176  2.02697037E-09  
495.274109  1.35969414E-09  
544.801514  9.12082687E-10  
599.281677  6.11822648E-10  
659.209839  4.1040904E-10  
725.130798  2.75306555E-10  
797.64386  1.84674553E-10  
877.408264  1.23878963E-10  
965.149109  8.30980007E-11  
1061.66406  5.57419215E-11  
1167.83044  3.73914615E-11  
1284.61353  2.50828126E-11  
1413.07483  1.68253553E-11  
1554.38232  1.12863182E-11  
1709.82056  7.57074611E-12  
1880.80261  5.07858165E-12  
2068.88281  3.40669268E-12  
2275.771  2.28523103E-12  
2503.34814  1.53292992E-12  
2753.68286  1.02828531E-12  
