#E                      Champion              E       Extrapol
49.1407898809474	49.7978114065468  1000      695.982
57.2150287449873	57.1421733812341  2000	    907.823
67.0274204622556	65.7908259345624  3000	    1044.61
78.8094216706212	75.8340836255414  5000	    1236.13
93.5108269584476	87.6576552152483  10000	    1520.06
112.333819838613	101.527925484998  15000	    1604.5 
130.441703302996	113.335312733757  20000	    1659.92
153.108586051964	127.051173631998  30000	    1734.08
180.4443237923		141.010201583206  40000	    1783.41
212.648604120255	154.426838328809  50000	    1818.73
250.08423778527		168.554776369984  100000    1916.57
293.895071590122	181.837452617355  150000    1967.35
345.845481104312	195.188159537813  200000    2002.87
399.253920198379	207.067070106566  300000    2054.94
470.103061329422	221.622418390668  400000    2095.23
555.525683601454	238.594690904093  500000    2132.46
660.019591306294	257.839625625975  1000000   2279.99
779.376483148732	279.560794150773  1500000   2395.18
939.248129469103	294.658735245329  2000000   2492.08
1108.35840693547	315.348006572202  3000000   2658.25
1299.28389933538	365.99879521566	  4000000   2806.28
1540.63993259721	402.920615400959  5000000   2913.16
1816.25783314173	455.561275319791  6000000   3005.85
2151.27550239344	505.812642652131
2511.95703577237	568.908780247419
2985.11460977182	648.048851498132
3502.7144953564		715.343898721525
4154.64208035624	796.450343485223
4972.53396658276	898.523180570625
5806.26046808839	985.000271950596
6724.0549991169		1064.32550558162
7796.20432249489	1139.72557039509
9309.63556421819	1174.9182834825
10343.0165506127	1212.6865422923
