49.1407898809474	49.7978114065468
57.2150287449873	57.1421733812341
67.0274204622556	65.7908259345624
78.8094216706212	75.8340836255414
93.5108269584476	87.6576552152483
112.333819838613	101.527925484998
130.441703302996	113.335312733757
153.108586051964	127.051173631998
180.4443237923		141.010201583206
212.648604120255	154.426838328809
250.08423778527		168.554776369984
293.895071590122	181.837452617355
345.845481104312	195.188159537813
399.253920198379	207.067070106566
470.103061329422	221.622418390668
555.525683601454	238.594690904093
660.019591306294	257.839625625975
779.376483148732	279.560794150773
939.248129469103	294.658735245329
1108.35840693547	315.348006572202
1299.28389933538	365.99879521566
1540.63993259721	402.920615400959
1816.25783314173	455.561275319791
2151.27550239344	505.812642652131
2511.95703577237	568.908780247419
2985.11460977182	648.048851498132
3502.7144953564		715.343898721525
4154.64208035624	796.450343485223
4972.53396658276	898.523180570625
5806.26046808839	985.000271950596
6724.0549991169		1064.32550558162
7796.20432249489	1139.72557039509
9309.63556421819	1174.9182834825
10343.0165506127	1212.6865422923
30000	                1336.28
40000			1389.12
50000			1432.69
100000			1559.41
150000			1629.63
200000			1678.42
300000			1748.28
400000			1799.7 
500000			1844.73
1000000			2010.96
1500000			2137.91
2000000			2245.91
3000000			2426.81
4000000			2584.53
5000000			2699.61
6000000			2798.88

