   0.00000000       74.9000015       74.9000015    
   5.00000007E-02   71.7500000                  NaN
  0.100000001       68.5999985       68.5999985    
  0.150000006       65.6999969       65.1451645    
  0.200000003       62.7999992       62.7999992    
  0.250000000       59.9000015       59.5386429    
  0.300000012       57.0000000       57.0000000    
  0.350000024       54.1000023       53.8149147    
  0.400000006       51.2000008       51.2000008    
  0.436631978       48.5499992       48.3664818    
  0.473263949       45.9000015       45.9000015    
  0.709877908       32.9500008       28.2338428    
  0.946491838       20.0000000       20.0000000    
   1.18306971       14.3750019       12.6896229    
   1.41964769       8.75000000       8.75000000    
   1.65617156       6.47499990       5.90485191    
   1.89269543       4.19999981       4.19999981    
   2.12914705       3.25000048       3.05641794    
   2.36559892       2.29999995       2.29999995    
   2.60196066       1.87000000       1.80061316    
   2.83832240       1.44000006       1.44000006    
   3.07457590       1.19600010       1.16156590    
   3.31082964      0.952000022      0.952000022    
   3.54695725      0.800999999      0.781654656    
   3.78308487      0.649999976      0.649999976    
   4.01906824      0.541999996      0.527989447    
   4.25505161      0.433999985      0.433999985    
   4.49087334      0.361999929      0.352893859    
   4.72669458      0.289999992      0.289999992    
   4.96233654      0.242999941      0.237304792    
   5.19797802      0.195999995      0.195999995    
   5.43342161      0.166999996      0.163838714    
   5.66886520      0.137999997      0.137999997    
   5.90409279      0.120999992      0.119462982    
   6.13932037      0.104000002      0.104000002    
   6.37431431       9.24500152E-02   9.15134624E-02
   6.60930872       8.08999985E-02   8.08999985E-02
   6.84405088       7.30499998E-02   7.24931061E-02
   7.07879305       6.52000010E-02   6.52000010E-02
   7.31326580       5.86500019E-02   5.81782609E-02
   7.54773855       5.20999990E-02   5.20999990E-02
   7.78192425       4.72499952E-02   4.69277129E-02
   8.01610947       4.23999988E-02   4.23999988E-02
   8.24998951       3.83500010E-02   3.80781889E-02
   8.48386955       3.42999995E-02   3.42999995E-02
   8.71742630       3.12500075E-02   3.10600009E-02
   8.95098400       2.82000005E-02   2.82000005E-02
   9.18420029       2.56500002E-02   2.54904050E-02
   9.41741657       2.30999999E-02   2.30999999E-02
   9.65027428       2.11500004E-02   2.10364517E-02
   9.88313198       1.92000009E-02   1.92000009E-02
   10.1156139       1.77499969E-02   1.76740326E-02
   10.3480949       1.63000003E-02   1.63000003E-02
   10.5801821       1.51500013E-02   1.50936814E-02
   10.8122692       1.40000004E-02   1.40000004E-02
   11.0439453       1.30499983E-02   1.30053330E-02
   11.2756205       1.20999999E-02   1.20999999E-02
   11.5068665       1.11500025E-02   1.10998731E-02
   11.7381134       1.02000004E-02   1.02000004E-02
   11.9689121       9.38000251E-03   9.33612138E-03
   12.1997118       8.55999999E-03   8.55999999E-03
   12.4300461       7.89000187E-03   7.85544701E-03
   12.6603813       7.22000003E-03   7.22000003E-03
   12.8902340       6.73000002E-03   6.70780987E-03
   13.1200867       6.24000002E-03   6.24000002E-03
   13.3494396       5.86000085E-03   5.84436255E-03
   13.5787935       5.47999982E-03   5.47999982E-03
   13.8076296       5.12499968E-03   5.10966312E-03
   14.0364656       4.77000000E-03   4.77000000E-03
   14.2647667       4.45000036E-03   4.43604076E-03
   14.4930687       4.12999978E-03   4.12999978E-03
   14.7208185       3.83000006E-03   3.81595828E-03
   14.9485683       3.53000010E-03   3.53000010E-03
   15.1757488       3.30500002E-03   3.29561718E-03
   15.4029293       3.07999994E-03   3.07999994E-03
   15.6295242       2.88999942E-03   2.88243010E-03
   15.8561182       2.70000007E-03   2.70000007E-03
   16.0821075       2.55000032E-03   2.54452648E-03
   16.3080978       2.40000011E-03   2.40000011E-03
   16.5334663       2.25500087E-03   2.24933377E-03
   16.7588367       2.11000000E-03   2.11000000E-03
   16.9835682       1.97499990E-03   1.96951488E-03
   17.2082996       1.84000004E-03   1.84000004E-03
   17.4323769       1.72999955E-03   1.72578963E-03
   17.6564522       1.62000000E-03   1.62000000E-03
   17.8798561       1.53499993E-03   1.53210526E-03
   18.1032600       1.44999998E-03   1.44999998E-03
   18.3259735       1.38500030E-03   1.38307095E-03
   18.5486889       1.32000004E-03   1.32000004E-03
   18.7706966       1.25000009E-03   1.24760368E-03
   18.9927044       1.18000002E-03   1.18000002E-03
   19.2139893       1.11499999E-03   1.11274514E-03
   19.4352741       1.04999996E-03   1.04999996E-03
   19.6558189       9.86499945E-04   9.84095503E-04
   19.8763638       9.22999985E-04   9.22999985E-04
   20.0961533       8.78499821E-04   8.77112674E-04
   20.3159409       8.34000006E-04   8.34000006E-04
   20.5349541       8.01000162E-04   8.00128095E-04
   20.7539692       7.68000027E-04   7.68000027E-04
   20.9721947       7.38499861E-04   7.37762370E-04
   21.1904182       7.08999985E-04   7.08999985E-04
   21.4078350       6.78999990E-04   6.78210112E-04
   21.6252518       6.48999994E-04   6.48999994E-04
   21.8418465       6.13999844E-04   6.12823700E-04
   22.0584393       5.78999985E-04   5.78999985E-04
   22.2741928       5.52500132E-04   5.51742036E-04
   22.4899483       5.25999989E-04   5.25999989E-04
   22.7048454       5.03499992E-04   5.02898183E-04
   22.9197426       4.80999995E-04   4.80999995E-04
   23.1337681       4.66999976E-04   4.66731959E-04
   23.3477936       4.52999986E-04   4.52999986E-04
   23.5609283       4.37000039E-04   4.36640810E-04
   23.7740650       4.21000004E-04   4.21000004E-04
   23.9862957       4.04499966E-04   4.04098915E-04
   24.1985264       3.87999986E-04   3.87999986E-04
   24.4098358       3.70999973E-04   3.70534428E-04
   24.6211452       3.53999989E-04   3.53999989E-04
   24.8315163       3.40000057E-04   3.39666934E-04
   25.0418892       3.26000008E-04   3.26000008E-04
   25.2513084       3.17999977E-04   3.17869941E-04
   25.4607258       3.10000003E-04   3.10000003E-04
   25.6691742       3.01499997E-04   3.01350985E-04
   25.8776226       2.92999990E-04   2.92999990E-04
   26.0850868       2.83999951E-04   2.83806672E-04
   26.2925491       2.74999999E-04   2.74999999E-04
   26.4990120       2.62999994E-04   2.62659567E-04
   26.7054749       2.50999990E-04   2.50999990E-04
   26.9109192       2.42000038E-04   2.41803544E-04
   27.1163654       2.32999999E-04   2.32999999E-04
   27.3207779       2.26499993E-04   2.26380493E-04
   27.5251904       2.20000002E-04   2.20000002E-04
   27.7285557       2.16000015E-04   2.15954860E-04
   27.9319210       2.11999999E-04   2.11999999E-04
   28.1342220       2.07499994E-04   2.07422461E-04
   28.3365231       2.03000003E-04   2.03000003E-04
   28.5377464       1.95999964E-04   1.95849861E-04
   28.7389679       1.88999998E-04   1.88999998E-04
   28.9390945       1.82500022E-04   1.82362128E-04
   29.1392231       1.76000001E-04   1.76000001E-04
   29.3382416       1.69999999E-04   1.69878258E-04
   29.5372601       1.63999997E-04   1.63999997E-04
   29.7351532       1.61500007E-04   1.61471937E-04
   29.9330482       1.59000003E-04   1.59000003E-04
   30.1298027       1.55999980E-04   1.55960428E-04
   30.3265553       1.53000001E-04   1.53000001E-04
   30.5221558       1.49499989E-04   1.49439133E-04
   30.7177544       1.46000006E-04   1.46000006E-04
   30.9121838       1.41500001E-04   1.41414901E-04
   31.1066132       1.36999995E-04   1.36999995E-04
   31.2998581       1.32500005E-04   1.32412650E-04
   31.4931030       1.28000000E-04   1.28000000E-04
   31.6851501       1.25499995E-04   1.25466962E-04
   31.8771954       1.23000005E-04   1.23000005E-04
   32.0680275       1.21500001E-04   1.21487938E-04
   32.2588615       1.19999997E-04   1.19999997E-04
   32.4484634       1.18500022E-04   1.18485157E-04
   32.6380692       1.17000003E-04   1.17000003E-04
   32.8264313       1.13499962E-04   1.13427603E-04
   33.0147896       1.10000001E-04   1.10000001E-04
   33.2018929       1.06499996E-04   1.06443847E-04
   33.3889961       1.02999998E-04   1.02999998E-04
   33.5748291       1.00049998E-04   1.00004181E-04
   33.7606621       9.70999972E-05   9.70999972E-05
   33.9452095       9.60499965E-05   9.60385369E-05
   34.1297569       9.50000031E-05   9.50000031E-05
   34.3130035       9.42000115E-05   9.41990365E-05
   34.4962540       9.33999981E-05   9.33999981E-05
   34.6781845       9.17500147E-05   9.17297948E-05
   34.8601189       9.01000021E-05   9.01000021E-05
   35.0407257       8.75500045E-05   8.74968828E-05
   35.2213326       8.49999997E-05   8.49999997E-05
   35.4005966       8.23500231E-05   8.22988659E-05
   35.5798645       7.97000030E-05   7.97000030E-05
   35.7577744       7.84500153E-05   7.84307267E-05
   35.9356880       7.71999985E-05   7.71999985E-05
   36.1122284       7.64500146E-05   7.64404031E-05
   36.2887726       7.57000016E-05   7.57000016E-05
   36.4639320       7.50999970E-05   7.51005864E-05
   36.6390915       7.44999998E-05   7.44999998E-05
   36.8128586       7.26999788E-05   7.26752623E-05
   36.9866219       7.09000014E-05   7.09000014E-05
   37.1589813       6.87999709E-05   6.87687789E-05
   37.3313370       6.66999986E-05   6.66999986E-05
   37.5022736       6.51499940E-05   6.51191585E-05
   37.6732101       6.35999968E-05   6.35999968E-05
   37.8427124       6.30499926E-05   6.30459253E-05
   38.0122108       6.25000030E-05   6.25000030E-05
   38.1802673       6.24000022E-05   6.23977685E-05
   38.3483200       6.23000014E-05   6.23000014E-05
   38.5149155       6.13999873E-05   6.13944794E-05
   38.6815071       6.04999987E-05   6.04999987E-05
   38.8466263       5.90000200E-05   5.89761403E-05
   39.0117493       5.75000013E-05   5.75000013E-05
   39.1753845       5.57500025E-05   5.57191306E-05
   39.3390198       5.40000001E-05   5.40000001E-05
   39.5011597       5.32499907E-05   5.32362646E-05
   39.6632957       5.24999996E-05   5.24999996E-05
   39.8239212       5.23000017E-05   5.22990704E-05
   39.9845505       5.21000002E-05   5.21000002E-05
   40.1436539       5.18499983E-05   5.18542802E-05
   40.3027573       5.16000000E-05   5.16000000E-05
   40.4603271       5.06499964E-05   5.06337092E-05
   40.6178970       4.97000001E-05   4.97000001E-05
   40.7739182       4.82000178E-05   4.81715688E-05
   40.9299431       4.66999991E-05   4.66999991E-05
   41.0844116       4.56999842E-05   4.56869820E-05
   41.2388763       4.46999984E-05   4.46999984E-05
   41.3917694       4.43999998E-05   4.43992758E-05
   41.5446625       4.41000011E-05   4.41000011E-05
   41.6959763       4.42000019E-05   4.42010096E-05
   41.8472900       4.42999990E-05   4.42999990E-05
   41.9970093       4.38999996E-05   4.39048235E-05
   42.1467285       4.35000002E-05   4.35000002E-05
   42.2948456       4.24999853E-05   4.24920072E-05
   42.4429588       4.14999995E-05   4.14999995E-05
   42.5894547       4.03000122E-05   4.02829137E-05
   42.7359543       3.90999994E-05   3.90999994E-05
   42.8808250       3.85499989E-05   3.85446438E-05
   43.0256958       3.79999983E-05   3.79999983E-05
   43.1689301       3.80499987E-05   3.80455167E-05
   43.3121605       3.80999991E-05   3.80999991E-05
   43.4537430       3.80500023E-05   3.80545171E-05
   43.5953293       3.79999983E-05   3.79999983E-05
   43.7352524       3.74500014E-05   3.74440679E-05
   43.8751755       3.69000009E-05   3.69000009E-05
   44.0134277       3.59000114E-05   3.58773614E-05
   44.1516838       3.49000002E-05   3.49000002E-05
   44.2882538       3.41500090E-05   3.41404884E-05
   44.4248276       3.33999997E-05   3.33999997E-05
   44.5597076       3.31999981E-05   3.31984811E-05
   44.6945877       3.30000003E-05   3.30000003E-05
   44.8277664       3.31999981E-05   3.31979136E-05
   44.9609451       3.33999997E-05   3.33999997E-05
   45.0924110       3.32500022E-05   3.32528543E-05
   45.2238770       3.31000010E-05   3.31000010E-05
   45.3536224       3.23999993E-05   3.23855529E-05
   45.4833679       3.17000013E-05   3.17000013E-05
   45.6113815       3.08499912E-05   3.08353010E-05
   45.7393913       2.99999992E-05   2.99999992E-05
   45.8656616       2.95999998E-05   2.95983882E-05
   45.9919319       2.92000004E-05   2.92000004E-05
   46.1164551       2.93000012E-05   2.93045159E-05
   46.2409744       2.94000001E-05   2.94000001E-05
   46.3637314       2.95499976E-05   2.95569807E-05
   46.4864922       2.97000006E-05   2.97000006E-05
   46.6074829       2.93499943E-05   2.93497415E-05
   46.7284698       2.90000007E-05   2.90000007E-05
   46.8476791       2.82500005E-05   2.82359506E-05
   46.9668884       2.75000002E-05   2.75000002E-05
   47.0843124       2.68999902E-05   2.68905151E-05
   47.2017326       2.63000002E-05   2.63000002E-05
   47.3173561       2.61999994E-05   2.62049689E-05
   47.4329796       2.61000005E-05   2.61000005E-05
   47.5467987       2.63500060E-05   2.63547172E-05
   47.6606140       2.66000006E-05   2.66000006E-05
   47.7726173       2.66000006E-05   2.66055577E-05
   47.8846207       2.66000006E-05   2.66000006E-05
   47.9948006       2.60500019E-05   2.60413417E-05
   48.1049805       2.54999995E-05   2.54999995E-05
   48.2133293       2.48500000E-05   2.48375909E-05
   48.3216782       2.42000006E-05   2.42000006E-05
   48.4281845       2.38500070E-05   2.38561879E-05
   48.5346947       2.35000007E-05   2.35000007E-05
   48.6393547       2.37000004E-05   2.36999022E-05
   48.7440147       2.39000001E-05   2.39000001E-05
   48.8468170       2.41000016E-05   2.40976751E-05
   48.9496193       2.42999995E-05   2.42999995E-05
   49.0505600       2.40999998E-05   2.41019261E-05
   49.1515007       2.39000001E-05   2.39000001E-05
   49.2505722       2.32999864E-05   2.32916063E-05
   49.3496399       2.27000000E-05   2.27000000E-05
   49.4468307       2.21999908E-05   2.21904629E-05
   49.5440178       2.16999997E-05   2.16999997E-05
   49.6393204       2.16499993E-05   2.16572462E-05
   49.7346230       2.16000008E-05   2.16000008E-05
   49.8280334       2.19000012E-05   2.19016911E-05
   49.9214439       2.21999999E-05   2.21999999E-05
   49.9607239       2.12030445E-05   2.11760234E-05
   50.0000000       2.02061874E-05   2.02061874E-05
   52.5000000       1.68802435E-05   1.64708581E-05
   55.0000000       1.35543005E-05   1.35543005E-05
   57.5000000       1.14840896E-05   1.12513826E-05
   60.0000000       9.41387952E-06   9.41387952E-06
   62.5000000       8.07290053E-06   7.93422623E-06
   65.0000000       6.73192108E-06   6.73192108E-06
   67.5000000       5.83357314E-06   5.74747719E-06
   70.0000000       4.93522566E-06   4.93522566E-06
   72.5000000       4.31582339E-06   4.26053202E-06
   75.0000000       3.69642112E-06   3.69642112E-06
   77.5000000       3.25857104E-06   3.22205688E-06
   80.0000000       2.82072074E-06   2.82072074E-06
   82.5000000       2.50439143E-06   2.47957360E-06
   85.0000000       2.18806235E-06   2.18806235E-06
   87.5000000       1.95509574E-06   1.93783490E-06
   90.0000000       1.72212913E-06   1.72212913E-06
   92.5000000       1.54760460E-06   1.53539111E-06
   95.0000000       1.37308007E-06   1.37308007E-06
   97.5000000       1.24032726E-06   1.23149266E-06
   100.000000       1.10757423E-06   1.10757423E-06
   150.000000       5.84142185E-07   2.02614132E-07
   200.000000       6.07101569E-08   6.07101569E-08
   300.000000       3.20189528E-08   1.11060174E-08
   400.000000       3.32774341E-09   3.32774341E-09
   500.000000       1.96825223E-09   1.30665767E-09
   600.000000       6.08761097E-10   6.08761097E-10
   700.000000       3.95583372E-10   3.19143795E-10
   800.000000       1.82405660E-10   1.82405660E-10
   900.000000       1.27014219E-10   1.11363183E-10
   1000.00000       7.16227702E-11   7.16227702E-11
   1125.00000       4.98729599E-11   4.37274730E-11
   1250.00000       2.81231444E-11   2.81231444E-11
   1375.00000       2.06127303E-11   1.88649738E-11
   1500.00000       1.31023187E-11   1.31023187E-11
   1625.00000       9.98560349E-12   9.36936639E-12
   1750.00000       6.86888914E-12   6.86888914E-12
   1875.00000       5.39739651E-12   5.14473273E-12
   2000.00000       3.92590301E-12   3.92590301E-12
