5.75819999999999	2.7
5.78399999999999	2.43333333333333
5.8098			2.46666666666667
5.8356			2.33333333333333
5.8614			1.93333333333333
5.88720000000001	2.86666666666667
5.91300000000001	1.86666666666667
5.93880000000001	2.83333333333333
5.96460000000002	2.3
5.99040000000002	2.33333333333333
6.01620000000003	3.33333333333333
6.04200000000003	2.56666666666667
6.06780000000003	3.2
6.09359999999992	3.23333333333333
6.11939999999993	3.36666666666667
6.14519999999993	3
6.17099999999994	2.9
6.19679999999994	3.33333333333333
6.22259999999994	3.4
6.24839999999995	3.4
6.27419999999995	4.9
6.29999999999995	4.3
6.32579999999996	4.83333333333333
6.35159999999996	4.5
6.37739999999997	4.96666666666667
6.40319999999997	6.16666666666667
6.42899999999997	6.13333333333333
6.45479999999998	6.03333333333333
6.48059999999998	7.2
6.50639999999999	7.3
6.53219999999999	7.93333333333333
6.55799999999999	9.43333333333333
6.5838			8.43333333333333
6.6096			9.53333333333333
6.6354			9.6
6.66120000000001	9.9
6.68700000000001	9.73333333333333
6.71280000000002	10.6
6.73860000000002	11.9333333333333
6.76440000000002	12.7333333333333
6.79020000000003	12.4333333333333
6.81600000000003	14.2333333333333
6.84179999999992	14.7666666666667
6.86759999999992	15.3666666666667
6.89339999999993	16.3666666666667
6.91919999999993	16.4
6.94499999999994	15.8666666666667
6.97079999999994	16.8333333333333
6.99659999999994	19.2
7.02239999999995	18.7
7.04819999999995	20.5
7.07399999999996	21.2333333333333
7.09979999999996	20.7
7.12559999999996	20.7
7.15139999999997	21.5
7.17719999999997	23.5
7.20299999999997	24.9666666666667
7.22879999999998	24.2333333333333
7.25459999999998	24.6666666666667
7.28039999999999	25.5
7.30619999999999	25.1333333333333
7.33199999999999	26.3333333333333
7.3578	27.3333333333333
7.3836	27.1666666666667
7.40940000000001	28.7333333333333
7.43520000000001	30.1333333333333
7.46100000000001	30.5666666666667
7.48680000000002	28.0333333333333
7.51260000000002	30.4333333333333
7.53840000000002	31.2333333333333
7.56420000000003	29.8
7.59000000000003	29.9333333333333
7.61579999999992	29.9333333333333
7.64159999999993	29.6666666666667
7.66739999999993	30.3
7.69319999999993	28.6
7.71899999999994	30.6333333333333
7.74479999999994	32
7.77059999999994	29.9333333333333
7.79639999999995	29.8333333333333
7.82219999999995	28.6
7.84799999999996	30.1666666666667
7.87379999999996	30.5333333333333
7.89959999999996	29.0666666666667
7.92539999999997	31.8
7.95119999999997	30.4
7.97699999999998	29.8
8.00279999999998	28.8333333333333
8.02859999999998	29.3666666666667
8.05439999999999	27.2
8.08019999999999	28.8
8.10599999999999	28.5666666666667
8.1318	25.4
8.1576	25.7333333333333
8.18340000000001	25.1666666666667
8.20920000000001	26.7
8.23500000000001	25.4
8.26080000000002	24.5666666666667
8.28660000000002	23.8333333333333
8.31240000000003	23.3
8.33820000000003	22.6333333333333
8.36400000000003	23.4
8.38979999999992	22.7
8.41559999999993	22.4
8.44139999999993	21.1333333333333
8.46719999999993	20.5333333333333
8.49299999999994	20
8.51879999999994	19.5
8.54459999999995	19.1666666666667
8.57039999999995	20.5333333333333
8.59619999999995	19.8
8.62199999999996	20.6333333333333
8.64779999999996	21.4333333333333
8.67359999999996	19.5
8.69939999999997	21
8.72519999999997	20.6666666666667
8.75099999999998	20.1333333333333
8.77679999999998	21.4666666666667
8.80259999999998	21.3666666666667
8.82839999999999	21.1333333333333
8.85419999999999	22.0666666666667
8.88	21.2333333333333
8.9058	21.9333333333333
8.9316	23.6666666666667
8.95740000000001	23.6666666666667
8.98320000000001	24.8
9.00900000000001	24.5666666666667
9.03480000000002	25.3666666666667
9.06060000000002	25.8333333333333
9.08640000000003	26.2333333333333
9.11220000000003	27.5666666666667
9.13799999999992	27.9666666666667
9.16379999999992	28.4666666666667
9.18959999999993	29.8333333333333
9.21539999999993	30.3
9.24119999999994	36.1333333333333
9.26699999999994	34.6
9.29279999999994	36.0666666666667
9.31859999999995	35.5
9.34439999999995	36.6
9.37019999999995	36.6666666666667
9.39599999999996	37.8666666666667
9.42179999999996	39
9.44759999999997	42.2666666666667
9.47339999999997	41
9.49919999999997	42.7666666666667
9.52499999999998	45.6666666666667
9.55079999999998	45.8
9.57659999999998	47.1666666666667
9.60239999999999	48.5
9.62819999999999	48.4
9.654	48.9666666666667
9.6798	52.9666666666667
9.7056	54.4666666666667
9.73140000000001	55.3333333333333
9.75720000000001	56
9.78300000000002	53.9666666666667
9.80880000000002	58.8666666666667
9.83460000000002	59.7
9.86040000000003	60.7
9.88620000000003	63.0333333333333
9.91200000000003	61.8
9.93779999999992	65.3333333333333
9.96359999999993	64.7
9.98939999999993	65.9333333333333
10.0151999999999	63.2
10.0409999999999	64.9
10.0667999999999	66.6666666666667
10.0925999999999	65.0666666666667
10.1184	66.6333333333333
10.1442	63.1333333333333
10.17	64.6666666666667
10.1958	68.3
10.2216	67.8
10.2474	66.2666666666667
10.2732	66.8
10.299	65.9
10.3248	66.6
10.3506	65.7666666666667
10.3764	69.4333333333333
10.4022	65.9333333333333
10.428	68.5333333333333
10.4538	67.7333333333333
10.4796	71.1333333333333
10.5054	63.8666666666667
10.5312	62.1
10.557	62.2333333333333
10.5828	64.1666666666667
10.6086	65.8666666666667
10.6344	64.8333333333333
10.6602	63.9
10.6859999999999	64.7666666666667
10.7117999999999	65.1333333333333
10.7375999999999	60
10.7633999999999	63.4333333333333
10.7891999999999	62.2
10.8149999999999	63.6
10.8407999999999	63.1
10.8665999999999	62.5
10.8924	63.7666666666667
10.9182	60.1
10.944	60.1333333333333
10.9698	59.9333333333333
10.9956	60.7666666666667
11.0214	61.2333333333333
11.0472	61.9333333333333
11.073	64.1
11.0988	61.2
11.1246	61.9333333333333
11.1504	62.4666666666667
11.1762	62.6666666666667
11.202	62.8
11.2278	64.4666666666667
11.2536	65.4
11.2794	60.1666666666667
11.3052	61.8333333333333
11.331	62.2333333333333
11.3568	60.7666666666667
11.3826	63.3333333333333
11.4084	60.4666666666667
11.4341999999999	64.6666666666667
11.4599999999999	62.7666666666667
11.4857999999999	63.3
11.5115999999999	65.7333333333333
11.5373999999999	64.9666666666667
11.5631999999999	62.6
11.5889999999999	63.3
11.6147999999999	64.6333333333333
11.6405999999999	62.8
11.6664	64.3
11.6922	65.1
11.718	64.2666666666667
11.7438	65.2
11.7696	66.7666666666667
11.7954	67.4333333333333
11.8212	66.5333333333333
11.847	66.9666666666667
11.8728	67
11.8986	68.9
11.9244	66.1666666666667
11.9502	69.9666666666667
11.976	69.5
12.0018	68.3
12.0276	66.8666666666667
12.0534	67.6
12.0792	69.6666666666667
12.105	68.6666666666667
12.1308	70.1666666666667
12.1566	72.9333333333333
12.1824	74.3666666666667
12.2082	73.2
12.2339999999999	73.1333333333333
12.2597999999999	74.1333333333333
12.2855999999999	77.4333333333333
12.3113999999999	76.6666666666667
12.3371999999999	75.2666666666667
12.3629999999999	76.4
12.3887999999999	78.2666666666667
12.4146	79.4333333333333
12.4404	77.7666666666667
12.4662	82.5333333333333
12.492	80.5666666666667
12.5178	84.8
12.5436	80.9666666666667
12.5694	84.4333333333333
12.5952	84.7666666666667
12.621	87.0333333333333
12.6468	85
12.6726	87.9666666666667
12.6984	87.2333333333333
12.7242	88.0666666666667
12.75	88.9666666666667
12.7758	90.2666666666667
12.8016	91.9333333333333
12.8274	94.4333333333333
12.8532	92.9
12.879	93.4333333333333
12.9048	98.1
12.9306	97.3333333333333
12.9564	95.9666666666667
12.9821999999999	100.166666666667
13.0079999999999	101.166666666667
13.0337999999999	100.966666666667
13.0595999999999	102.7
13.0853999999999	102.466666666667
13.1111999999999	100.7
13.1369999999999	103.233333333333
13.1627999999999	103.5
13.1886	105.3
13.2144	104.833333333333
13.2402	101.766666666667
13.266	109.333333333333
13.2918	107.1
13.3176	106.166666666667
13.3434	106.9
13.3692	108
13.395	107.766666666667
13.4208	113.566666666667
13.4466	109
13.4724	110.733333333333
13.4982	110.466666666667
13.524	110.7
13.5498	110.4
13.5756	111.766666666667
13.6014	110.6
13.6272	110.333333333333
13.653	110.1
13.6788	114.3
13.7046	111.066666666667
13.7304	113.3
13.7562	111.5
13.7819999999999	112.066666666667
13.8077999999999	115.266666666667
13.8335999999999	113.2
13.8593999999999	111.433333333333
13.8851999999999	114.5
13.9109999999999	112.766666666667
13.9367999999999	112.5
13.9626	114.166666666667
13.9884	109.633333333333
14.0142	110.3
14.04	114.033333333333
14.0658	113.266666666667
14.0916	111.5
14.1174	110.533333333333
14.1432	108.033333333333
14.169	109.9
14.1948	108.366666666667
14.2206	109.433333333333
14.2464	108.866666666667
14.2722	107.6
14.298	111.8
14.3238	110.666666666667
14.3496	113.233333333333
14.3754	113
14.4012	109.233333333333
14.427	109.566666666667
14.4528	110.766666666667
14.4786	106.733333333333
14.5044	108.166666666667
14.5301999999999	107.233333333333
14.5559999999999	103.833333333333
14.5817999999999	106.666666666667
14.6075999999999	102.6
14.6333999999999	103.266666666667
14.6591999999999	105.733333333333
14.6849999999999	107.4
14.7107999999999	104.633333333333
14.7366	103.3
14.7624	103.133333333333
14.7882	104.5
14.814	104.6
14.8398	102.966666666667
14.8656	105.4
14.8914	103.033333333333
14.9172	97.7333333333333
14.943	102.233333333333
14.9688	100.8
14.9946	100.1
15.0204	101
15.0462	99.3666666666667
15.072	100.4
15.0978	97.3333333333333
15.1236	98.1666666666667
15.1494	100.4
15.1752	100.166666666667
15.201	100.133333333333
15.2268	101.266666666667
15.2526	99.7666666666667
15.2783999999999	100.6
15.3041999999999	98.3
15.3299999999999	99.4666666666667
15.3557999999999	98.9
15.3815999999999	98.2333333333333
15.4073999999999	97.0666666666667
15.4331999999999	95.8
15.4589999999999	96.8
15.4848	97.4
15.5106	96.0666666666667
15.5364	96.1
15.5622	97.0666666666667
15.588	97.1333333333333
15.6138	96.2666666666667
15.6396	96.7333333333333
15.6654	99.8333333333333
15.6912	94.6333333333333
15.717	94.5666666666667
15.7428	96.8333333333333
15.7686	97.7
15.7944	94.9333333333333
15.8202	96.2
15.846	95.1
15.8718	96
15.8976	96.7333333333333
15.9234	93.9
15.9492	97.3333333333333
15.975	95.6
16.0008	96.8333333333333
16.0266	97.4333333333333
16.0524	96.1
16.0781999999999	99.0333333333333
16.1039999999999	96.9333333333333
16.1297999999999	100.9
16.1555999999999	98.3666666666667
16.1813999999999	96.5333333333333
16.2071999999999	96.1333333333333
16.2329999999999	95.8333333333333
16.2588	101.233333333333
16.2846	101.033333333333
16.3104	100.333333333333
16.3362	103.266666666667
16.362	101.666666666667
16.3878	104.166666666667
16.4136	101.166666666667
16.4394	94.8666666666667
16.4652	101.866666666667
16.491	99.3666666666667
16.5168	101.466666666667
16.5426	101.1
16.5684	99.2
16.5942	101.833333333333
16.62	101.166666666667
16.6458	101.666666666667
16.6716	99.7
16.6974	103.233333333333
16.7232	102.733333333333
16.749	104.466666666667
16.7748	103
16.8006	101.966666666667
16.8263999999999	101.066666666667
16.8521999999999	102.666666666667
16.8779999999999	105.066666666667
16.9037999999999	101.066666666667
16.9295999999999	105.633333333333
16.9553999999999	104.766666666667
16.9811999999999	102.066666666667
17.0069999999999	103.7
17.0328	104.6
17.0586	103.966666666667
17.0844	102.4
17.1102	105.233333333333
17.136	104.466666666667
17.1618	104
17.1876	105.033333333333
17.2134	104.8
17.2392	108
17.265	105.5
17.2908	105.7
17.3166	103.366666666667
17.3424	105.033333333333
17.3682	102.233333333333
17.394	103.233333333333
17.4198	106.333333333333
17.4456	106.8
17.4714	107.366666666667
17.4972	105.433333333333
17.523	104.433333333333
17.5488	106.4
17.5746	103.6
17.6003999999999	104.366666666667
17.6261999999999	107.2
17.6519999999999	101.266666666667
17.6777999999999	104.466666666667
17.7035999999999	104.766666666667
17.7293999999999	103
17.7551999999999	104.066666666667
17.7809999999999	102.866666666667
17.8068	104.233333333333
17.8326	106.4
17.8584	103.5
17.8842	102.133333333333
17.91	105.433333333333
17.9358	104.7
17.9616	103.8
17.9874	104.366666666667
18.0132	101.333333333333
18.039	103.966666666667
18.0648	102.3
18.0906	105.233333333333
18.1164	102.166666666667
18.1422	102.333333333333
18.168	101.933333333333
18.1938	103.8
18.2196	103.1
18.2454	104.333333333333
18.2712	103.766666666667
18.297	103.833333333333
18.3228	104.133333333333
18.3486	103.833333333333
18.3743999999999	102.8
18.4001999999999	103.733333333333
18.4259999999999	105.033333333333
18.4517999999999	99.7666666666667
18.4775999999999	103.566666666667
18.5033999999999	103.933333333333
18.5291999999999	104.433333333333
18.555	103.3
18.5808	102.633333333333
18.6066	102.533333333333
18.6324	102.366666666667
18.6582	100.433333333333
18.684	103.133333333333
18.7098	104.4
18.7356	104.133333333333
18.7614	100.766666666667
18.7872	102.766666666667
18.813	101.566666666667
18.8388	99.8333333333333
18.8646	102.6
18.8904	103.7
18.9162	102.533333333333
18.942	101.7
18.9678	99.6333333333333
18.9936	103.933333333333
19.0194	105.7
19.0452	105.1
19.071	104.366666666667
19.0968	104.266666666667
19.1225999999999	100.8
19.1483999999999	101.533333333333
19.1741999999999	102.5
19.1999999999999	104.2
19.2257999999999	103.6
19.2515999999999	100.3
19.2773999999999	104.4
19.3031999999999	100.9
19.329	101.9
19.3548	101.5
19.3806	107.966666666667
19.4064	98.9333333333333
19.4322	103.1
19.458	101.833333333333
19.4838	100.3
19.5096	100.466666666667
19.5354	96.7333333333333
19.5612	101.633333333333
19.587	103.233333333333
19.6128	100.233333333333
19.6386	100.633333333333
19.6644	101.266666666667
19.6902	102.266666666667
19.716	100
19.7418	100.933333333333
19.7676	98.4333333333333
19.7934	98.1666666666667
19.8192	97.0333333333333
19.845	102.633333333333
19.8708	100.9
19.8966	98.4
19.9223999999999	98.7
19.9481999999999	100.733333333333
19.9739999999999	99.1333333333333
19.9997999999999	98.3666666666667
20.0255999999999	98.2666666666667
20.0513999999999	98.6333333333333
20.0771999999999	98.7
20.103	96.7666666666667
20.1288	96.3666666666667
20.1546	99.6666666666667
20.1804	99.7666666666667
20.2062	95.8333333333333
20.232	101.866666666667
20.2578	96.6333333333333
20.2836	97.7666666666667
20.3094	96.4666666666667
20.3352	98.5
20.361	98.1
20.3868	100.833333333333
20.4126	97.7
20.4384	97.7666666666667
20.4642	96.8333333333333
20.49	95.1
20.5158	98
20.5416	101.233333333333
20.5674	99.0333333333333
20.5932	98.3333333333333
20.619	95.1
20.6448	97.1333333333333
20.6705999999999	98.3333333333333
20.6963999999999	98.1666666666667
20.7221999999999	97.2
20.7479999999999	96.9
20.7737999999999	95.2
20.7995999999999	95.0666666666667
20.8253999999999	95.7
20.8511999999999	91.7666666666667
20.877	92.5666666666667
20.9028	94.5666666666667
20.9286	93.2666666666667
20.9544	94.8
20.9802	94.9666666666667
21.006	93.6
21.0318	93.6666666666667
21.0576	91.8666666666667
21.0834	92.1333333333333
21.1092	93.9
21.135	93.9
21.1608	91.7666666666667
21.1866	92.2666666666667
21.2124	92.2666666666667
21.2382	91.4666666666667
21.264	91.1666666666667
21.2898	93.3333333333333
21.3156	87.4666666666667
21.3414	94.9333333333333
21.3672	88.6333333333333
21.393	91.7333333333333
21.4187999999999	93.6666666666667
21.4445999999999	91.5333333333333
21.4703999999999	92
21.4961999999999	89.8333333333333
21.5219999999999	85.9333333333333
21.5477999999999	92.1666666666667
21.5735999999999	88.2666666666667
21.5993999999999	87.4
21.6252	90.4666666666667
21.651	92.4333333333333
21.6768	88.9666666666667
21.7026	90.5
21.7284	87.1333333333333
21.7542	89.1666666666667
21.78	88.4333333333333
21.8058	88.9666666666667
21.8316	89.3333333333333
21.8574	88.1
21.8832	86.3
21.909	84.9
21.9348	88.1
21.9606	87.6
21.9864	87.7666666666667
22.0122	88.4
22.038	87.7
22.0638	86.9
22.0896	86.8
22.1154	88.1666666666667
22.1412	89.4666666666667
22.167	84.5333333333333
22.1928	85.6
22.2185999999999	87.1333333333333
22.2443999999999	85.2333333333333
22.2701999999999	86.4
22.2959999999999	85.6
22.3217999999999	86.6333333333333
22.3475999999999	83.6666666666667
22.3733999999999	85.2666666666667
22.3992	86.0666666666667
22.425	84.6
22.4508	86.0333333333333
22.4766	83.3333333333333
22.5024	86.6333333333333
22.5282	82.5333333333333
22.554	85.2666666666667
22.5798	83.9
22.6056	82.2666666666667
22.6314	81.2
22.6572	82.2
22.683	84.9666666666667
22.7088	84.7666666666667
22.7346	83.3666666666667
22.7604	83.1
22.7862	81
22.812	84.9
22.8378	83.1666666666667
22.8636	83.0666666666667
22.8894	82.8333333333333
22.9152	81.7333333333333
22.941	81.6333333333333
22.9667999999999	80.8
22.9925999999999	82.4
23.0183999999999	81.4
23.0441999999999	83.1666666666667
23.0699999999999	85.9333333333333
23.0957999999999	80.9333333333333
23.1215999999999	82.2
23.1473999999999	80.1666666666667
23.1732	81.6
23.199	81.8333333333333
23.2248	80.4333333333333
23.2506	81.6
23.2764	83.7666666666667
23.3022	79.1666666666667
23.328	80
23.3538	81.3666666666667
23.3796	81.4333333333333
23.4054	79.6666666666667
23.4312	77.1666666666667
23.457	79.3666666666667
23.4828	80.4666666666667
23.5086	79.9333333333333
23.5344	80.6666666666667
23.5602	77.2666666666667
23.586	77.4666666666667
23.6118	78.6333333333333
23.6376	78.4666666666667
23.6634	78.6
23.6892	76.5333333333333
23.715	80.5333333333333
23.7408	78.6666666666667
23.7665999999999	77.8666666666667
23.7923999999999	78.1
23.8181999999999	75.7666666666667
23.8439999999999	78.9333333333333
23.8697999999999	77.7333333333333
23.8955999999999	76.7666666666667
23.9213999999999	76.5666666666667
23.9472	75.9666666666667
23.973	77.3666666666667
23.9988	75.5333333333333
24.0246	74.8666666666667
24.0504	79.7
24.0762	77.2333333333333
24.102	76.9666666666667
24.1278	76.6333333333333
24.1536	76.4333333333333
24.1794	74.3666666666667
24.2052	75
24.231	77.4333333333333
24.2568	74.7333333333333
24.2826	77.9333333333333
24.3084	76.3
24.3342	75.5333333333333
24.36	71.3333333333333
24.3858	74.8
24.4116	74.5666666666667
24.4374	75.2666666666667
24.4632	74.7
24.489	74.0666666666667
24.5147999999999	75.9
24.5405999999999	74.0333333333333
24.5663999999999	71.6333333333333
24.5921999999999	71.8666666666667
24.6179999999999	72.6
24.6437999999999	72.9333333333333
24.6695999999999	72.8
24.6954	74.5666666666667
24.7212	71.6333333333333
24.747	72.1333333333333
24.7728	73.3
24.7986	75.3333333333333
24.8244	73.5
24.8502	72.1666666666667
24.876	70.6333333333333
24.9018	71.3333333333333
24.9276	69.1666666666667
24.9534	71.3666666666667
24.9792	71.2
25.005	70.0333333333333
25.0308	70.0333333333333
25.0566	70
25.0824	71.3333333333333
25.1082	70.3333333333333
25.134	69.0333333333333
25.1598	70.2
25.1856	70.3
25.2114	71.2
25.2372	68.5
25.2629999999999	70
25.2887999999999	70.1333333333333
25.3145999999999	71.9333333333333
25.3403999999999	69
25.3661999999999	69.9333333333333
25.3919999999999	67.3333333333333
25.4177999999999	68.7333333333333
25.4435999999999	67.8333333333333
25.4694	67.7333333333333
25.4952	70.1666666666667
25.521	66
25.5468	66.3666666666667
25.5726	67.2
25.5984	66.4666666666667
25.6242	70.8333333333333
25.65	67.5666666666667
25.6758	68.0333333333333
25.7016	67.1
25.7274	68.3666666666667
25.7532	65.6333333333333
25.779	66
25.8048	66.5
25.8306	65.5666666666667
25.8564	65.1333333333333
25.8822	69.8
25.908	68.3
25.9338	65.2
25.9596	64.8666666666667
25.9854	64.5333333333333
26.0111999999999	68.2333333333333
26.037	69.3666666666667
26.0627999999999	65.6
26.0885999999999	65.8333333333333
26.1143999999999	63.4
26.1401999999999	63.5333333333333
26.1659999999999	63
26.1917999999999	63.6333333333333
26.2175999999999	64.1666666666667
26.2434	62.4666666666667
26.2692	66.3
26.295	62.7666666666667
26.3208	65.1333333333333
26.3466	64.4333333333333
26.3724	65.5333333333333
26.3982	63.2333333333333
26.424	64.8333333333333
26.4498	65.3333333333333
26.4756	63.7
26.5014	62.4
26.5272	63.3
26.553	66.2
26.5788	62.4
26.6046	63.1666666666667
26.6304	61.8333333333333
26.6562	64.3666666666667
26.682	63.3
26.7078	62.2
26.7336	62.4666666666667
26.7594	62.8333333333333
26.7852	64
26.8109999999999	62.3333333333333
26.8367999999999	63.5666666666667
26.8625999999999	61.6333333333333
26.8883999999999	62.8666666666667
26.9141999999999	61.0666666666667
26.9399999999999	63.4333333333333
26.9657999999999	62.5666666666667
26.9915999999999	62.5
27.0174	61.1333333333333
27.0432	63.4333333333333
27.069	63.2
27.0948	62.6333333333333
27.1206	61.3
27.1464	62.5666666666667
27.1722	63.0333333333333
27.198	62.9666666666667
27.2238	59.3
27.2496	60.3333333333333
27.2754	62.6333333333333
27.3012	60.7
27.327	61
27.3528	62.9333333333333
27.3786	59.7666666666667
27.4044	59.5
27.4302	59.9666666666667
27.456	62
27.4818	57.7
27.5076	60.5666666666667
27.5334	62.7666666666667
27.5591999999999	60.4
27.585	62.9
27.6107999999999	62.6
27.6365999999999	58.1666666666667
27.6623999999999	58.7333333333333
27.6881999999999	59.3
27.7139999999999	58.2666666666667
27.7397999999999	59.6333333333333
27.7655999999999	59.4
27.7914	59.4
27.8172	59.7333333333333
27.843	57.4666666666667
27.8688	58.0333333333333
27.8946	60.3
27.9204	58.4666666666667
27.9462	57.6666666666667
27.972	58.8
27.9978	56.7333333333333
28.0236	58.9333333333333
28.0494	56.9666666666667
28.0752	59.9666666666667
28.101	59.1666666666667
28.1268	59.7
28.1526	56.2666666666667
28.1784	58.6666666666667
28.2042	58.4666666666667
28.23	58.3666666666667
28.2558	58.9
28.2816	58.1333333333333
28.3074	58.0333333333333
28.3332	56.4
28.3589999999999	57.4333333333333
28.3847999999999	56.4666666666667
28.4105999999999	56.4666666666667
28.4363999999999	56.1333333333333
28.4621999999999	56.8666666666667
28.4879999999999	53.3
28.5137999999999	57.6666666666667
28.5396	55.2666666666667
28.5654	56.7
28.5912	56.4333333333333
28.617	55.8333333333333
28.6428	58.1
28.6686	56.2666666666667
28.6944	54.5666666666667
28.7202	57.3333333333333
28.746	55.6
28.7718	57.7666666666667
28.7976	57.0333333333333
28.8234	58.2333333333333
28.8492	56.8
28.875	55.7666666666667
28.9008	56.0333333333333
28.9266	56.1666666666667
28.9524	58.4333333333333
28.9782	54.5333333333333
29.004	55
29.0298	57.3
29.0556	54.7666666666667
29.0814	54
29.1071999999999	52.8666666666667
29.1329999999999	56.4333333333333
29.1587999999999	57.2666666666667
29.1845999999999	53.0333333333333
29.2103999999999	54.7333333333333
29.2361999999999	55.3333333333333
29.2619999999999	53.2666666666667
29.2877999999999	54
29.3136	53.7
29.3394	54.2
29.3652	53.7333333333333
29.391	54.3333333333333
29.4168	55.3333333333333
29.4426	52.6
29.4684	54.2333333333333
29.4942	55.5333333333333
29.52	53.6333333333333
29.5458	51.8333333333333
29.5716	52.6666666666667
29.5974	52.5666666666667
29.6232	55.9
29.649	52.7
29.6748	52.6666666666667
29.7006	51.8333333333333
29.7264	52.3666666666667
29.7522	53.9
29.778	52.1333333333333
29.8038	52.8333333333333
29.8296	52.1666666666667
29.8553999999999	50.3
29.8812	53.0666666666667
29.9069999999999	51.3333333333333
29.9327999999999	51.4333333333333
29.9585999999999	49
29.9843999999999	51.3666666666667
30.0101999999999	53.0666666666667
30.0359999999999	49.7333333333333
30.0617999999999	53.1666666666667
30.0876	52.4333333333333
30.1134	52.1333333333333
30.1392	51.5333333333333
30.165	52.7333333333333
30.1908	51.9666666666667
30.2166	53.3333333333333
30.2424	51.6
30.2682	53.4666666666667
30.294	50.8
30.3198	52.2666666666667
30.3456	54.0666666666667
30.3714	52.3
30.3972	51.3333333333333
30.423	50.1
30.4488	49.4333333333333
30.4746	49.5
30.5004	51.6
30.5262	50.3
30.552	52.7
30.5778	51.2333333333333
30.6036	49.5333333333333
30.6294	49.6333333333333
30.6551999999999	49.7333333333333
30.6809999999999	49.5333333333333
30.7067999999999	47.5333333333333
30.7325999999999	48.7
30.7583999999999	47.8
30.7841999999999	50.2666666666667
30.8099999999999	49.4
30.8357999999999	51.3666666666667
30.8616	53.4
30.8874	48.2666666666667
30.9132	49.4333333333333
30.939	48.4666666666667
30.9648	48.4333333333333
30.9906	49.8666666666667
31.0164	47.7666666666667
31.0422	50.6666666666667
31.068	49
31.0938	48.8666666666667
31.1196	50
31.1454	47.7333333333333
31.1712	48.8666666666667
31.197	49.4333333333333
31.2228	48.8666666666667
31.2486	48.2
31.2744	47.6333333333333
31.3002	47.9666666666667
31.326	48.0333333333333
31.3518	49.8
31.3776	46.4333333333333
31.4033999999999	48.8
31.4292	45.2333333333333
31.4549999999999	44.0666666666667
31.4807999999999	46.7
31.5065999999999	48.5333333333333
31.5323999999999	48.1333333333333
31.5581999999999	45.9333333333333
31.5839999999999	45.6333333333333
31.6098	48.6333333333333
31.6356	48.3333333333333
31.6614	46.7333333333333
31.6872	46.3333333333333
31.713	48.3333333333333
31.7388	48.2
31.7646	46.7
31.7904	45.3666666666667
31.8162	45.3666666666667
31.842	45.4666666666667
31.8678	47.5
31.8936	47.6666666666667
31.9194	45
31.9452	45.2666666666667
31.971	45.4333333333333
31.9968	45.2
32.0226	46.8666666666667
32.0484	46.5333333333333
32.0742	46.4333333333333
32.1	45.4
32.1258	45.1333333333333
32.1516	44.5666666666667
32.1774	44.6333333333333
32.2031999999999	47.7
32.2289999999999	45.7
32.2547999999999	44.6
32.2805999999999	42.5666666666667
32.3063999999999	46.2666666666667
32.3321999999999	44.2333333333333
32.3579999999999	43.4
32.3838	44.2333333333333
32.4096	44.8
32.4354	41.1666666666667
32.4612	44
32.487	43.8
32.5128	43.9
32.5386	42.5666666666667
32.5644	43.6333333333333
32.5902	42.8666666666667
32.616	43.2
32.6418	42
32.6676	42.7333333333333
32.6934	43.5666666666667
32.7192	43.2666666666667
32.745	44.3
32.7708	42.6
32.7966	44.7666666666667
32.8224	44.7666666666667
32.8482	44.5333333333333
32.874	41.5
32.8998	42.1666666666667
32.9256	42.9666666666667
32.9513999999999	44.1333333333333
32.9771999999999	42.1
33.0029999999999	41.9333333333333
33.0287999999999	42.8333333333333
33.0545999999999	42.9666666666667
33.0803999999999	44.2
33.1061999999999	43.4
33.1319999999999	40.4666666666667
33.1578	42.4333333333333
33.1836	41.5666666666667
33.2094	42.7333333333333
33.2352	40.3
33.261	42.1333333333333
33.2868	43.7333333333333
33.3126	42.8333333333333
33.3384	42.2333333333333
33.3642	40.0666666666667
33.39	41.5
33.4158	41.7333333333333
33.4416	41.3666666666667
33.4674	41.2666666666667
33.4932	40.6
33.519	40.2333333333333
33.5448	41.4
33.5706	41.4666666666667
33.5964	42.0666666666667
33.6222	43.4333333333333
33.648	41.0666666666667
33.6738	41.4666666666667
33.6995999999999	42.3333333333333
33.7254	41.4666666666667
33.7511999999999	41.4
33.7769999999999	39.8333333333333
33.8027999999999	42.9
33.8285999999999	42.1666666666667
33.8543999999999	39.5333333333333
33.8801999999999	39.7
33.9059999999999	40.6666666666667
33.9318	41.0333333333333
33.9576	41.9666666666667
33.9834	41.4333333333333
34.0092	40.9
34.035	42.7666666666667
34.0608	40.7666666666667
34.0866	40.1
34.1124	41.0333333333333
34.1382	41
34.164	41.2
34.1898	39.1666666666667
34.2156	38.8
34.2414	41.4666666666667
34.2672	41.0333333333333
34.293	40.7666666666667
34.3188	41.5333333333333
34.3446	40.7666666666667
34.3704	38.9333333333333
34.3962	40.9666666666667
34.422	38.7666666666667
34.4478	38.3333333333333
34.4736	40.8333333333333
34.4993999999999	38.4333333333333
34.5251999999999	38.2
34.5509999999999	37.3
34.5767999999999	39.4666666666667
34.6025999999999	39.9666666666667
34.6283999999999	40.6
34.6541999999999	39.7666666666667
34.68	38.5
34.7058	38.9
34.7316	40.7
34.7574	39.0666666666667
34.7832	39.4
34.809	38.7
34.8348	39.1333333333333
34.8606	38.8
34.8864	38.6
34.9122	37.2333333333333
34.938	38.4333333333333
34.9638	36.9333333333333
34.9896	39.8
35.0154	38.5
35.0412	38.1333333333333
35.067	38.1
35.0928	37.5
35.1186	37.1666666666667
35.1444	38.1666666666667
35.1702	38.5
35.196	40.6
35.2218	39.2
35.2475999999999	37.1666666666667
35.2733999999999	40.1333333333333
35.2991999999999	37.1666666666667
35.3249999999999	39.8
35.3507999999999	36
35.3765999999999	39.7666666666667
35.4023999999999	39.2333333333333
35.4281999999999	38.8
35.454	37.8666666666667
35.4798	35.6
35.5056	35.6
35.5314	38.2666666666667
35.5572	35.0666666666667
35.583	36.9
35.6088	35.4333333333333
35.6346	37.6
35.6604	34.3333333333333
35.6862	36.3
35.712	34.8
35.7378	35.7333333333333
35.7636	36.1333333333333
35.7894	35.1666666666667
35.8152	38.4333333333333
35.841	36.5
35.8668	35.8666666666667
35.8926	36.2
35.9184	36.3333333333333
35.9442	33.3
35.97	36
35.9957999999999	36.1666666666667
36.0216	32.1666666666667
36.0473999999999	34.4666666666667
36.0731999999999	35.0333333333333
36.0989999999999	35.1666666666667
36.1247999999999	34.9666666666667
36.1505999999999	34.5
36.1763999999999	35.4666666666667
36.2021999999999	34.5
36.228	34.7333333333333
36.2538	35.6333333333333
36.2796	36.5
36.3054	34.6666666666667
36.3312	34.6
36.357	33.3
36.3828	33.8666666666667
36.4086	35.5
36.4344	35.6333333333333
36.4602	35.7333333333333
36.486	33.6666666666667
36.5118	35.3333333333333
36.5376	35.6666666666667
36.5634	34.6333333333333
36.5892	34.4
36.615	34.1333333333333
36.6408	33.6333333333333
36.6666	35.4666666666667
36.6924	35.0333333333333
36.7182	32.8
36.744	31.8333333333333
36.7698	33.2333333333333
36.7955999999999	31.8666666666667
36.8213999999999	32.3333333333333
36.8471999999999	32.3333333333333
36.8729999999999	33.0666666666667
36.8987999999999	33.1
36.9245999999999	33.6666666666667
36.9503999999999	34.8
36.9761999999999	32
37.002	33.6666666666667
37.0278	32.7666666666667
37.0536	35.3666666666667
37.0794	32.2
37.1052	33.3333333333333
37.131	34
37.1568	32.1
37.1826	33.2333333333333
37.2084	33.7666666666667
37.2342	31.7333333333333
37.26	31.7666666666667
37.2858	31.7333333333333
37.3116	32.4333333333333
37.3374	32.3333333333333
37.3632	32.1
37.389	34.3
37.4148	34.6
37.4406	31.5
37.4664	33.7666666666667
37.4922	30.2333333333333
37.518	32.9
37.5437999999999	31.8666666666667
37.5696	33
37.5953999999999	34.0666666666667
37.6211999999999	32.6
37.6469999999999	33.0333333333333
37.6727999999999	32.1
37.6985999999999	32.0666666666667
37.7243999999999	31.2666666666667
37.7502	31.8666666666667
37.776	33.2
37.8018	30.4666666666667
37.8276	31.6
37.8534	32.3333333333333
37.8792	30.5333333333333
37.905	31.6333333333333
37.9308	29.9333333333333
37.9566	29.6333333333333
37.9824	31.9333333333333
38.0082	30.2
38.034	32.1
38.0598	31.1
38.0856	29.8
38.1114	31.2666666666667
38.1372	31.6333333333333
38.163	31.2666666666667
38.1888	32.0333333333333
38.2146	29.8666666666667
38.2404	30.9333333333333
38.2662	30.5
38.292	32.3666666666667
38.3178	31.3
38.3435999999999	30.0333333333333
38.3693999999999	30.3333333333333
38.3951999999999	31.7333333333333
38.4209999999999	29.7666666666667
38.4467999999999	31
38.4725999999999	30.3666666666667
38.4983999999999	30.0333333333333
38.5242	30.4333333333333
38.55	30.0333333333333
38.5758	29.2
38.6016	28.7333333333333
38.6274	28.9
38.6532	28.2333333333333
38.679	28.5333333333333
38.7048	30.1333333333333
38.7306	29.3666666666667
38.7564	28.3333333333333
38.7822	30.5
38.808	29.3666666666667
38.8338	28.8666666666667
38.8596	27.8666666666667
38.8854	28.4666666666667
38.9112	27.7666666666667
38.937	30.2333333333333
38.9628	28.1
38.9886	29.0666666666667
39.0144	28.0333333333333
39.0402	29.1333333333333
39.066	28.7666666666667
39.0917999999999	29.1333333333333
39.1175999999999	27.0666666666667
39.1433999999999	28.8666666666667
39.1691999999999	29.2666666666667
39.1949999999999	28.9
39.2207999999999	28.2
39.2465999999999	28.6
39.2723999999999	27.8333333333333
39.2982	28.4333333333333
39.324	29.6666666666667
39.3498	26.7666666666667
39.3756	27.1
39.4014	29.5333333333333
39.4272	25.2333333333333
39.453	27.5
39.4788	27.8333333333333
39.5046	27.2333333333333
39.5304	28.0666666666667
39.5562	27.9
39.582	25.9333333333333
39.6078	28.4
39.6336	27.4
39.6594	27.8666666666667
39.6852	27.1
39.711	28.6333333333333
39.7368	26.4666666666667
39.7626	26.8666666666667
39.7884	27.8
39.8142	26.1666666666667
39.8399999999999	28
39.8658	28.9333333333333
39.8915999999999	29.3333333333333
39.9173999999999	26.0666666666667
39.9431999999999	26.8666666666667
39.9689999999999	25.3333333333333
39.9947999999999	26.4333333333333
40.0205999999999	27.6
40.0463999999999	26.8666666666667
40.0722	23.6666666666667
40.098	27.5666666666667
40.1238	26.8
40.1496	26.8333333333333
40.1754	26.0333333333333
40.2012	24.3
40.227	27.0666666666667
40.2528	25.1666666666667
40.2786	25.8
40.3044	25.5333333333333
40.3302	26.6333333333333
40.356	25.5
40.3818	25.7666666666667
40.4076	23.2666666666667
40.4334	25.3333333333333
40.4592	27.4
40.485	26.2666666666667
40.5108	28.1666666666667
40.5366	24.6
40.5624	26.3333333333333
40.5882	26.5
40.614	24.6666666666667
40.6397999999999	25.3666666666667
40.6655999999999	26.1333333333333
40.6913999999999	25.7666666666667
40.7171999999999	25.7333333333333
40.7429999999999	25.5
40.7687999999999	26.4333333333333
40.7945999999999	23.5333333333333
40.8204	26.3666666666667
40.8462	26.8666666666667
40.872	26.0333333333333
40.8978	25.8666666666667
40.9236	25.7
40.9494	26.9
40.9752	26.4
41.001	26.3
41.0268	25.7666666666667
41.0526	26.1
41.0784	26.1666666666667
41.1042	24.6
41.13	24.6333333333333
41.1558	25.6333333333333
41.1816	25.3333333333333
41.2074	26
41.2332	23.4333333333333
41.259	25.8666666666667
41.2848	25.3
41.3106	26.6
41.3364	23.2
41.3622	25.8666666666667
41.3879999999999	26.1333333333333
41.4138	25.9666666666667
41.4395999999999	25.3666666666667
41.4653999999999	26.2333333333333
41.4911999999999	24.7666666666667
41.5169999999999	25.5
41.5427999999999	23.4666666666667
41.5685999999999	24.7333333333333
41.5944	25
41.6202	24.8
41.646	23.1666666666667
41.6718	24.5666666666667
41.6976	25.5333333333333
41.7234	23.8
41.7492	22.7333333333333
41.775	22.5333333333333
41.8008	25.0333333333333
41.8266	24.3333333333333
41.8524	23.8
41.8782	23.3666666666667
41.904	22.3333333333333
41.9298	22.6
41.9556	25.3
41.9814	23.6
42.0072	24.5
42.033	23.4333333333333
42.0588	22.7333333333333
42.0846	24.5333333333333
42.1104	22.8
42.1361999999999	23.5
42.162	24.8666666666667
42.1877999999999	23.9
42.2135999999999	23.6
42.2393999999999	23.4666666666667
42.2651999999999	22.7666666666667
42.2909999999999	25.3
42.3167999999999	23.6
42.3425999999999	23.4666666666667
42.3684	22.7666666666667
42.3942	22.4666666666667
42.42	23.2333333333333
42.4458	22
42.4716	23.6
42.4974	21.8
42.5232	23.3333333333333
42.549	21.6333333333333
42.5748	23.1666666666667
42.6006	23.6666666666667
42.6264	21.8666666666667
42.6522	22.1666666666667
42.678	22.0666666666667
42.7038	23.0333333333333
42.7296	23.0333333333333
42.7554	22.8
42.7812	22.4666666666667
42.807	22.3666666666667
42.8328	23.9666666666667
42.8586	23.1
42.8844	21.6666666666667
42.9102	20.7666666666667
42.9359999999999	21.5333333333333
42.9617999999999	22.3
42.9875999999999	22.1666666666667
43.0133999999999	21.5
43.0391999999999	21.9
43.0649999999999	23.4
43.0907999999999	23.7666666666667
43.1165999999999	21.8
43.1424	19.8333333333333
43.1682	24.4
43.194	21.6
43.2198	22.7
43.2456	21.1333333333333
43.2714	20.8666666666667
43.2972	22.8
43.323	21.3666666666667
43.3488	22.8333333333333
43.3746	22.2
43.4004	22.5
43.4262	20.5333333333333
43.452	22.7666666666667
43.4778	21.3333333333333
43.5036	21.4
43.5294	20.1666666666667
43.5552	21.9
43.581	21.2666666666667
43.6068	21.7666666666667
43.6326	21.2333333333333
43.6584	21.9
43.6841999999999	21.5666666666667
43.71	21.8666666666667
43.7357999999999	22.4666666666667
43.7615999999999	21.5
43.7873999999999	20.4
43.8131999999999	20.4
43.8389999999999	19.6
43.8647999999999	21.9333333333333
43.8905999999999	21.2666666666667
43.9164	21.7666666666667
43.9422	21.4666666666667
43.968	21.4666666666667
43.9938	20.5
44.0196	20.3
44.0454	19.9333333333333
44.0712	20.7
44.097	20.5333333333333
44.1228	19.9333333333333
44.1486	19.4
44.1744	19.8333333333333
44.2002	22.0333333333333
44.226	19.2333333333333
44.2518	19.2333333333333
44.2776	18.6
44.3034	19.3666666666667
44.3292	19.7666666666667
44.355	21.8333333333333
44.3808	19.8
44.4066	20.0666666666667
44.4324	18.4666666666667
44.4582	19.4666666666667
44.4839999999999	19.5
44.5097999999999	19.9333333333333
44.5355999999999	18.6
44.5613999999999	20
44.5871999999999	21.5
44.6129999999999	18.6333333333333
44.6387999999999	20.4
44.6646	18.8333333333333
44.6904	20.4666666666667
44.7162	21.2
44.742	20.5333333333333
44.7678	20.1666666666667
44.7936	19.8666666666667
44.8194	20.9
44.8452	17.9666666666667
44.871	21.2
44.8968	18.3333333333333
44.9226	19.3666666666667
44.9484	20.0666666666667
44.9742	20.3333333333333
45	20.0666666666667
45.0258	17.9
45.0516	17.4
45.0774	20.9333333333333
45.1032	19.8666666666667
45.129	18.6666666666667
45.1548	19.4333333333333
45.1806	19.8
45.2064	19.5666666666667
45.2321999999999	17.7333333333333
45.2579999999999	19.4333333333333
45.2837999999999	19.6666666666667
45.3095999999999	17.5333333333333
45.3353999999999	17.3
45.3611999999999	18.1666666666667
45.3869999999999	18.4333333333333
45.4127999999999	18.9333333333333
45.4386	18.2
45.4644	18.6
45.4902	17.9666666666667
45.516	17.4
45.5418	17.2333333333333
45.5676	18.3333333333333
45.5934	17.7
45.6192	18.3666666666667
45.645	17.9333333333333
45.6708	19.4333333333333
45.6966	18.0333333333333
45.7224	16.9333333333333
45.7482	18.0666666666667
45.774	18.6333333333333
45.7998	17.4
45.8256	17.4333333333333
45.8514	17.5
45.8772	18.2
45.903	17.6666666666667
45.9288	18.4
45.9546	17.6
45.9803999999999	18.0333333333333
46.0062	19.0333333333333
46.0319999999999	18.0333333333333
46.0577999999999	17.9666666666667
46.0835999999999	17.1666666666667
46.1093999999999	18
46.1351999999999	17.9666666666667
46.1609999999999	17.2666666666667
46.1867999999999	17.7
46.2126	16.5333333333333
46.2384	17.2
46.2642	17.6
46.29	16.6333333333333
46.3158	16.5
46.3416	16.4333333333333
46.3674	16.8333333333333
46.3932	18.4333333333333
46.419	17.6666666666667
46.4448	17.2333333333333
46.4706	16.9666666666667
46.4964	17.4
46.5222	18.4
46.548	17
46.5738	16.6333333333333
46.5996	16.6
46.6254	18.7
46.6512	16.4666666666667
46.677	16.7
46.7028	16.1666666666667
46.7286	16.9666666666667
46.7544	16.3333333333333
46.7801999999999	16.2
46.8059999999999	15.3
46.8317999999999	17.5
46.8575999999999	17.7666666666667
46.8833999999999	16.1666666666667
46.9091999999999	15.8666666666667
46.9349999999999	16.9
46.9607999999999	17.3333333333333
46.9866	16.3333333333333
47.0124	16.7333333333333
47.0382	16.1333333333333
47.064	16.5333333333333
47.0898	15.6
47.1156	14.8
47.1414	17
47.1672	17.7333333333333
47.193	15.4
47.2188	16.2666666666667
47.2446	15.7333333333333
47.2704	16
47.2962	16.4666666666667
47.322	16.8333333333333
47.3478	17.8666666666667
47.3736	16
47.3994	17.1
47.4252	17.8666666666667
47.451	16.1
47.4768	15.3666666666667
47.5026	15.7
47.5283999999999	16.9333333333333
47.5542	16.2333333333333
47.5799999999999	15.0666666666667
47.6057999999999	15.5
47.6315999999999	17.6666666666667
47.6573999999999	15.6666666666667
47.6831999999999	16.9666666666667
47.7089999999999	14.7666666666667
47.7348	15.8666666666667
47.7606	15.6333333333333
47.7864	16.1
47.8122	16.2333333333333
47.838	15.7666666666667
47.8638	16.2
47.8896	16.0666666666667
47.9154	15.4
47.9412	16.8333333333333
47.967	15.2666666666667
47.9928	15
48.0186	16.6333333333333
48.0444	14.8
48.0702	15.1333333333333
48.096	16.5
48.1218	15.8
48.1476	16.6
48.1734	16.2
48.1992	15.9333333333333
48.225	15.4666666666667
48.2508	16.9
48.2766	16.9333333333333
48.3024	15.9666666666667
48.3281999999999	15.2333333333333
48.3539999999999	16.1666666666667
48.3797999999999	14.8333333333333
48.4055999999999	15.4666666666667
48.4313999999999	14.7666666666667
48.4571999999999	16.2
48.4829999999999	15.2666666666667
48.5088	16.1333333333333
48.5346	15.5333333333333
48.5604	15
48.5862	16.3333333333333
48.612	15.6
48.6378	14.9
48.6636	15
48.6894	16.1666666666667
48.7152	14.9666666666667
48.741	15.1333333333333
48.7668	15.4333333333333
48.7926	16.7
48.8184	15.9666666666667
48.8442	14.1666666666667
48.87	15.1
48.8958	13.6333333333333
48.9216	15.5666666666667
48.9474	14.9666666666667
48.9732	14.5333333333333
48.999	15.2666666666667
49.0248	16.2333333333333
49.0506	15.3333333333333
49.0763999999999	15.9333333333333
49.1021999999999	15
49.1279999999999	14.8333333333333
49.1537999999999	15.0666666666667
49.1795999999999	13.6
49.2053999999999	14.0666666666667
49.2311999999999	14.3666666666667
49.2569999999999	14.5
49.2828	13.2333333333333
49.3086	13.7666666666667
49.3344	15.9666666666667
49.3602	14.3333333333333
49.386	13.4
49.4118	13.9333333333333
49.4376	15.9333333333333
49.4634	15.5666666666667
49.4892	15.1
49.515	14.9666666666667
49.5408	14.7
49.5666	16.2333333333333
49.5924	14.8333333333333
49.6182	14.5
49.644	14.4666666666667
49.6698	13.1666666666667
49.6956	14.4333333333333
49.7214	13.4666666666667
49.7472	16.6666666666667
49.773	13.4
49.7988	12.5
49.8245999999999	12.6666666666667
49.8504	13
49.8761999999999	14.2
49.9019999999999	13.7333333333333
49.9277999999999	13.8333333333333
49.9535999999999	12.9666666666667
49.9793999999999	14.4333333333333
50.0051999999999	13.4333333333333
50.0309999999999	13.9333333333333
50.0568	12.1333333333333
50.0826	13.5333333333333
50.1084	14.4
50.1342	14.7
50.16	14.2333333333333
50.1858	13.4333333333333
50.2116	13.7
50.2374	13.9333333333333
50.2632	14.0666666666667
50.289	14.0666666666667
50.3148	14.5666666666667
50.3406	13.1666666666667
50.3664	12.7666666666667
50.3922	13.6
50.418	14.5
50.4438	13.4333333333333
50.4696	13.3333333333333
50.4954	14.3333333333333
50.5212	13.8
50.547	13
50.5728	14.0666666666667
50.5986	12.8666666666667
50.6243999999999	13.7666666666667
50.6501999999999	13.9333333333333
50.6759999999999	13.8
50.7017999999999	13.0333333333333
50.7275999999999	12.7
50.7533999999999	13.5
50.7791999999999	14.2
50.805	13.8666666666667
50.8308	12.4666666666667
50.8566	12.5666666666667
50.8824	12.3
50.9082	13.0666666666667
50.934	13.1
50.9598	13.4333333333333
50.9856	12.7666666666667
51.0114	12.0333333333333
51.0372	13.3666666666667
51.063	13.2333333333333
51.0888	13.3666666666667
51.1146	12.7666666666667
51.1404	13.9333333333333
51.1662	12.7
51.192	12
51.2178	13.3666666666667
51.2436	12.9333333333333
51.2694	13.0666666666667
51.2952	13.8
51.321	11.9666666666667
51.3468	13.7666666666667
51.3725999999999	13.6
51.3983999999999	13.2333333333333
51.4241999999999	11.5333333333333
51.4499999999999	13.5
51.4757999999999	13.1
51.5015999999999	11.6666666666667
51.5273999999999	13.3
51.5531999999999	11.9333333333333
51.579	12.9333333333333
51.6048	13.3333333333333
51.6306	12.1
51.6564	12
51.6822	12.5333333333333
51.708	12.1
51.7338	10.8666666666667
51.7596	12.5333333333333
51.7854	11.7
51.8112	11.8333333333333
51.837	11.7
51.8628	12.5
51.8886	12.2666666666667
51.9144	14.1
51.9402	12.0333333333333
51.966	11.9
51.9918	11.1333333333333
52.0176	11.3666666666667
52.0434	12.3
52.0692	12.8666666666667
52.095	12.8
52.1207999999999	12.6666666666667
52.1466	13.0666666666667
52.1723999999999	11.7
52.1981999999999	12.7666666666667
52.2239999999999	11.9
52.2497999999999	13
52.2755999999999	11.7
52.3013999999999	11.5666666666667
52.3271999999999	13.5666666666667
52.353	12.2666666666667
52.3788	12.8
52.4046	12.0666666666667
52.4304	13.1
52.4562	11.3333333333333
52.482	11
52.5078	12.3333333333333
52.5336	12
52.5594	11.9
52.5852	11.4666666666667
52.611	12.3
52.6368	11.9666666666667
52.6626	12.6666666666667
52.6884	11.8
52.7142	11.9
52.74	12.3666666666667
52.7658	11.2666666666667
52.7916	11.3333333333333
52.8174	11.5
52.8432	12.7666666666667
52.869	11.2
52.8948	11.6666666666667
52.9205999999999	10.8
52.9463999999999	12.4666666666667
52.9721999999999	11.6
52.9979999999999	11.2333333333333
53.0237999999999	11.9
53.0495999999999	10.1666666666667
53.0753999999999	11.7
53.1011999999999	12.3
53.127	10.9
53.1528	11.1
53.1786	10.3
53.2044	11.1666666666667
53.2302	10.8333333333333
53.256	10.6333333333333
53.2818	10.9
53.3076	11.0333333333333
53.3334	11
53.3592	10.4333333333333
53.385	11.4
53.4108	11.2
53.4366	11.7666666666667
53.4624	11.0333333333333
53.4882	10.4333333333333
53.514	10.6
53.5398	11.3
53.5656	10.5666666666667
53.5914	10.8666666666667
53.6172	10.8333333333333
53.643	11
53.6687999999999	9.4
53.6946	11.0333333333333
53.7203999999999	12.1666666666667
53.7461999999999	10.6333333333333
53.7719999999999	10.7
53.7977999999999	9.93333333333333
53.8235999999999	9.93333333333333
53.8493999999999	10.4
53.8752	9.56666666666667
53.901	10.4
53.9268	10.1333333333333
53.9526	9.76666666666667
53.9784	10.2333333333333
54.0042	11.0333333333333
54.03	11.4333333333333
54.0558	10.0333333333333
54.0816	11.1
54.1074	9.36666666666667
54.1332	10.6333333333333
54.159	10.3666666666667
54.1848	9.83333333333333
54.2106	10.2333333333333
54.2364	10.6
54.2622	9.36666666666667
54.288	10.6666666666667
54.3138	10.4
54.3396	9.4
54.3654	10.3666666666667
54.3912	9.86666666666667
54.417	11.1
54.4428	10.2
54.4685999999999	10.0666666666667
54.4943999999999	11.0666666666667
54.5201999999999	10.5
54.5459999999999	11.4666666666667
54.5717999999999	9.5
54.5975999999999	9.53333333333333
54.6233999999999	10.4
54.6492	10.1666666666667
54.675	10.2333333333333
54.7008	10.6666666666667
54.7266	9.46666666666667
54.7524	10.1333333333333
54.7782	9.8
54.804	10.7
54.8298	8.9
54.8556	9.5
54.8814	10.1666666666667
54.9072	9.93333333333333
54.933	9.6
54.9588	9.5
54.9846	10.2
55.0104	9.8
55.0362	11.2
55.062	9.7
55.0878	9.26666666666667
55.1136	10.1333333333333
55.1394	9.23333333333333
55.1652	9.1
55.191	10.4333333333333
55.2167999999999	10.1666666666667
55.2425999999999	9.66666666666667
55.2683999999999	10.9
55.2941999999999	8.8
55.3199999999999	9.36666666666667
55.3457999999999	9.03333333333333
55.3715999999999	9.56666666666667
55.3973999999999	10.0666666666667
55.4232	10.4666666666667
55.449	9.06666666666667
55.4748	9.26666666666667
55.5006	9.56666666666667
55.5264	9.56666666666667
55.5522	8.83333333333333
55.578	9.36666666666667
55.6038	9.73333333333333
55.6296	10.3
55.6554	9.5
55.6812	9.06666666666667
55.707	9.86666666666667
55.7328	8.83333333333333
55.7586	10.2
55.7844	9.6
55.8102	9.5
55.836	10.1333333333333
55.8618	9.16666666666667
55.8876	7.96666666666667
55.9134	8.73333333333333
55.9392	8.63333333333333
55.9649999999999	9.8
55.9908	9.03333333333333
56.0165999999999	8.03333333333333
56.0423999999999	9.9
56.0681999999999	8.13333333333333
56.0939999999999	9.26666666666667
56.1197999999999	9.3
56.1455999999999	8.03333333333333
56.1713999999999	9.16666666666667
56.1972	8.53333333333333
56.223	7.43333333333333
56.2488	8.13333333333333
56.2746	8.96666666666667
56.3004	9.16666666666667
56.3262	8.03333333333333
56.352	8.4
56.3778	9.6
56.4036	8.06666666666667
56.4294	9.06666666666667
56.4552	9.06666666666667
56.481	8.53333333333333
56.5068	8.93333333333333
56.5326	9.53333333333333
56.5584	8.1
56.5842	7.7
56.61	8.63333333333333
56.6358	7.86666666666667
56.6616	8.76666666666667
56.6874	9
56.7132	7.3
56.739	9.83333333333333
56.7647999999999	8.76666666666667
56.7905999999999	8.36666666666667
56.8163999999999	7.03333333333333
56.8421999999999	8.66666666666667
56.8679999999999	9.16666666666667
56.8937999999999	8.86666666666667
56.9195999999999	7.63333333333333
56.9454	9.13333333333333
56.9712	8.7
56.997	9.7
57.0228	8.03333333333333
57.0486	8.7
57.0744	8.93333333333333
57.1002	8.9
57.126	8.13333333333333
57.1518	8.26666666666667
57.1776	8.03333333333333
57.2034	9.1
57.2292	8.3
57.255	8.5
57.2808	8.16666666666667
57.3066	8.3
57.3324	9.96666666666667
57.3582	8.66666666666667
57.384	8.26666666666667
57.4098	7.46666666666667
57.4356	9
57.4614	8.63333333333333
57.4872	7.03333333333333
57.5129999999999	9.13333333333333
57.5388	8.6
57.5645999999999	9.13333333333333
57.5903999999999	9.03333333333333
57.6161999999999	8.1
57.6419999999999	8.8
57.6677999999999	9.13333333333333
57.6935999999999	8.4
57.7194	8.33333333333333
57.7452	7.46666666666667
57.771	9.13333333333333
57.7968	8.46666666666667
57.8226	8.93333333333333
57.8484	8.2
57.8742	8.5
57.9	8.96666666666667
57.9258	8
57.9516	8.23333333333333
57.9774	8.63333333333333
58.0032	7.96666666666667
58.029	7.76666666666667
58.0548	8.7
58.0806	8.23333333333333
58.1064	7.86666666666667
58.1322	9.23333333333333
58.158	7.5
58.1838	8.76666666666667
58.2096	7.8
58.2354	8.46666666666667
58.2611999999999	7.8
58.287	7.06666666666667
58.3127999999999	7.23333333333333
58.3385999999999	8.23333333333333
58.3643999999999	8.23333333333333
58.3901999999999	7.86666666666667
58.4159999999999	7
58.4417999999999	7.3
58.4675999999999	9.06666666666667
58.4934	7.93333333333333
58.5192	7.33333333333333
58.545	8.33333333333333
58.5708	6.96666666666667
58.5966	8.03333333333333
58.6224	6.66666666666667
58.6482	7.2
58.674	8.63333333333333
58.6998	7.6
58.7256	7.4
58.7514	7.3
58.7772	7.93333333333333
58.803	7.83333333333333
58.8288	6.86666666666667
58.8546	7.9
58.8804	8.9
58.9062	7.4
58.932	7.1
58.9578	7.6
58.9836	7.73333333333333
59.0093999999999	6.93333333333333
59.0352	7.96666666666667
59.0609999999999	6.6
59.0868	7.56666666666667
59.1125999999999	8.16666666666667
59.1383999999999	6.53333333333333
59.1641999999999	7.63333333333333
59.1899999999999	8.33333333333333
59.2157999999999	7.76666666666667
59.2415999999999	6.9
59.2674	8.26666666666667
59.2932	7.73333333333333
59.319	7.53333333333333
59.3448	7.86666666666667
59.3706	6.5
59.3964	7.6
59.4222	6.26666666666667
59.448	7.26666666666667
59.4738	7.63333333333333
59.4996	6.6
59.5254	7.96666666666667
59.5512	7.1
59.577	7.6
59.6028	7.23333333333333
59.6286	7.26666666666667
59.6544	7.2
59.6802	7.43333333333333
59.706	7.6
59.7318	7.3
59.7576	7.73333333333333
59.7834	7.5
59.8091999999999	7.93333333333333
59.835	7.2
59.8607999999999	7.7
59.8865999999999	7.33333333333333
59.9123999999999	7.13333333333333
59.9381999999999	6.9
59.9639999999999	7.2
59.9897999999999	7.2
60.0155999999999	7.46666666666667
60.0414	7.63333333333333
60.0672	8.06666666666667
60.093	7.83333333333333
60.1188	6.76666666666667
60.1446	7.43333333333333
60.1704	7.6
60.1962	7.16666666666667
60.222	6.93333333333333
60.2478	6.96666666666667
60.2736	6.9
60.2994	7.93333333333333
60.3252	7
60.351	6.6
60.3768	7.06666666666667
60.4026	7.36666666666667
60.4284	7.7
60.4542	6.9
60.48	6.9
60.5058	7.03333333333333
60.5316	6.93333333333333
60.5573999999999	7
60.5832	7.1
60.6089999999999	6.7
60.6348	6.33333333333333
60.6605999999999	6.03333333333333
60.6863999999999	6.4
60.7121999999999	6.6
60.7379999999999	6.16666666666667
60.7637999999999	6.3
60.7896	7.33333333333333
60.8154	5.66666666666667
60.8412	7.43333333333333
60.867	6.66666666666667
60.8928	7.7
60.9186	6.73333333333333
60.9444	6.5
60.9702	6.63333333333333
60.996	5.86666666666667
61.0218	7.06666666666667
61.0476	7.06666666666667
61.0734	5.93333333333333
61.0992	6.23333333333333
61.125	6.86666666666667
61.1508	7.06666666666667
61.1766	7.06666666666667
61.2024	6.86666666666667
61.2282	5.86666666666667
61.254	6.53333333333333
61.2798	5.96666666666667
61.3056	6.7
61.3314	6.06666666666667
61.3571999999999	6.56666666666667
61.383	7.06666666666667
61.4087999999999	7.2
61.4345999999999	6.43333333333333
61.4603999999999	6.46666666666667
61.4861999999999	6.76666666666667
61.5119999999999	5.96666666666667
61.5377999999999	6.76666666666667
61.5636	6.26666666666667
61.5894	6.63333333333333
61.6152	7.03333333333333
61.641	6.66666666666667
61.6668	6.06666666666667
61.6926	6.9
61.7184	5.53333333333333
61.7442	6.16666666666667
61.77	5.93333333333333
61.7958	6.8
61.8216	5.96666666666667
61.8474	6.03333333333333
61.8732	6.33333333333333
61.899	4.76666666666667
61.9248	5.73333333333333
61.9506	5.9
61.9764	5.03333333333333
62.0022	5.8
62.028	7.26666666666667
62.0538	6.23333333333333
62.0796	6.1
62.1053999999999	6.5
62.1312	6.96666666666667
62.1569999999999	7.46666666666667
62.1827999999999	5.56666666666667
62.2085999999999	6.13333333333333
62.2343999999999	6.06666666666667
62.2601999999999	7.06666666666667
62.2859999999999	5.63333333333333
62.3117999999999	5.13333333333333
62.3376	5.4
62.3634	5.7
62.3892	6.53333333333333
62.415	6.53333333333333
62.4408	6.26666666666667
62.4666	6.23333333333333
62.4924	5.5
62.5182	5.63333333333333
62.544	5.46666666666667
62.5698	6.33333333333333
62.5956	5.53333333333333
62.6214	5.66666666666667
62.6472	6.06666666666667
62.673	5.56666666666667
62.6988	6.5
62.7246	6.63333333333333
62.7504	6.06666666666667
62.7762	5.26666666666667
62.802	6.56666666666667
62.8278	5.03333333333333
62.8535999999999	5.46666666666667
62.8794	5.5
62.9051999999999	4.9
62.931	6.5
62.9567999999999	5.23333333333333
62.9825999999999	6.7
63.0083999999999	4.63333333333333
63.0341999999999	5.43333333333333
63.0599999999999	5.43333333333333
63.0857999999999	6.2
63.1116	4.46666666666667
63.1374	5.9
63.1632	6.06666666666667
63.189	6.43333333333333
63.2148	6.26666666666667
63.2406	4.8
63.2664	5.96666666666667
63.2922	5.26666666666667
63.318	6.2
63.3438	4.86666666666667
63.3696	6.66666666666667
63.3954	5.36666666666667
63.4212	5.33333333333333
63.447	5.7
63.4728	6.33333333333333
63.4986	5.1
63.5244	4.8
63.5502	5.56666666666667
63.576	5.6
63.6018	5.5
63.6276	5.26666666666667
63.6533999999999	5.9
63.6792	5.36666666666667
63.7049999999999	6.36666666666667
63.7307999999999	6.3
63.7565999999999	5.5
63.7823999999999	4.63333333333333
63.8081999999999	5.63333333333333
63.8339999999999	4.43333333333333
63.8598	4.93333333333333
63.8856	5.6
63.9114	5.9
63.9372	5.73333333333333
63.963	4.96666666666667
63.9888	6.06666666666667
64.0146	5.16666666666667
64.0404	5.73333333333333
64.0662	5.26666666666667
64.092	5.66666666666667
64.1178	5.7
64.1436	5.06666666666667
64.1694	5.63333333333333
64.1952	5.5
64.221	4.4
64.2468	5.46666666666667
64.2726	5.93333333333333
64.2984	4.96666666666667
64.3242	5.13333333333333
64.35	5.5
64.3758	4.96666666666667
64.4015999999999	4.96666666666667
64.4274	4.9
64.4531999999999	4.96666666666667
64.4789999999999	5.33333333333333
64.5047999999999	6.2
64.5305999999999	5.66666666666667
64.5563999999999	4.46666666666667
64.5821999999999	5.63333333333333
64.6079999999999	5.56666666666667
64.6338	5.5
64.6596	4.53333333333333
64.6854	5.33333333333333
64.7112	5.5
64.737	5.6
64.7628	4.63333333333333
64.7886	3.8
64.8144	4.96666666666667
64.8402	5.4
64.866	5.36666666666667
64.8918	4.83333333333333
64.9176	5.7
64.9434	5.2
64.9692	6.06666666666667
64.995	6.03333333333333
65.0208	5.5
65.0466	5.33333333333333
65.0724	4.36666666666667
65.0982	4.56666666666667
65.124	5.8
65.1497999999999	5.86666666666667
65.1756	5.3
65.2013999999999	5.6
65.2272	5.16666666666667
65.2529999999999	5.4
65.2787999999999	4.5
65.3045999999999	5.63333333333333
65.3303999999999	4.43333333333333
65.3561999999999	5.16666666666667
65.3819999999999	5.36666666666667
65.4078	5.3
65.4336	5.56666666666667
65.4594	5.2
65.4852	4.83333333333333
65.511	4.86666666666667
65.5368	5.76666666666667
65.5626	5.13333333333333
65.5884	5.43333333333333
65.6142	4.66666666666667
65.64	4.86666666666667
65.6658	4.96666666666667
65.6916	3.9
65.7174	5.03333333333333
65.7432	4.06666666666667
65.769	5.03333333333333
65.7948	4.66666666666667
65.8206	5
65.8464	5.2
65.8722	6.23333333333333
65.898	5.26666666666667
65.9238	4.7
65.9495999999999	3.7
65.9754	4.53333333333333
66.0011999999999	3.96666666666667
66.0269999999999	4.26666666666667
66.0527999999999	5.23333333333333
66.0785999999999	4.1
66.1043999999999	3.23333333333333
66.1301999999999	5.8
66.1559999999999	5.6
66.1818	4.03333333333333
66.2076	4.9
66.2334	4.56666666666667
66.2592	5
66.285	5.1
66.3108	4.5
66.3366	4.53333333333333
66.3624	4.86666666666667
66.3882	4.76666666666667
66.414	4.13333333333333
66.4398	4.6
66.4656	5.1
66.4914	5.03333333333333
66.5172	5.46666666666667
66.543	5.23333333333333
66.5688	4.16666666666667
66.5946	4.1
66.6204	4.36666666666667
66.6462	4.4
66.672	5.26666666666667
66.6977999999999	5.3
66.7236	4.4
66.7493999999999	4.3
66.7752	5.23333333333333
66.8009999999999	4.93333333333333
66.8267999999999	5.2
66.8525999999999	4.5
66.8783999999999	4.63333333333333
66.9041999999999	4.53333333333333
66.93	4.4
66.9558	4.03333333333333
66.9816	4.53333333333333
67.0074	4.7
67.0332	4.43333333333333
67.059	4.73333333333333
67.0848	3.96666666666667
67.1106	5.06666666666667
67.1364	4.23333333333333
67.1622	4.7
67.188	4.26666666666667
67.2138	4.46666666666667
67.2396	5.76666666666667
67.2654	5
67.2912	4.53333333333333
67.317	4.4
67.3428	4.76666666666667
67.3686	4.16666666666667
67.3944	4
67.4202	4.53333333333333
67.446	4.13333333333333
67.4718	3.76666666666667
67.4975999999999	4.16666666666667
67.5234	4.43333333333333
67.5491999999999	4.56666666666667
67.5749999999999	3.33333333333333
67.6007999999999	4
67.6265999999999	4.76666666666667
67.6523999999999	3.53333333333333
67.6781999999999	4.56666666666667
67.704	4.4
67.7298	4
67.7556	3.76666666666667
67.7814	4.26666666666667
67.8072	4.9
67.833	3.8
67.8588	4.56666666666667
67.8846	4.4
67.9104	4.16666666666667
67.9362	4.7
67.962	4
67.9878	3.03333333333333
68.0136	4.66666666666667
68.0394	4.33333333333333
68.0652	4.23333333333333
68.091	3.66666666666667
68.1168	4.93333333333333
68.1426	3.83333333333333
68.1684	4.46666666666667
68.1942	4
68.22	4.23333333333333
68.2457999999999	4.03333333333333
68.2716	4.56666666666667
68.2973999999999	3.86666666666667
68.3231999999999	4.3
68.3489999999999	4
68.3747999999999	3.73333333333333
68.4005999999999	4.26666666666667
68.4263999999999	4.63333333333333
68.4521999999999	3.96666666666667
68.478	3.63333333333333
68.5038	3.73333333333333
68.5296	4.26666666666667
68.5554	4.06666666666667
68.5812	3.6
68.607	4.1
68.6328	3.76666666666667
68.6586	3.6
68.6844	4.43333333333333
68.7102	3.66666666666667
68.736	4.63333333333333
68.7618	4.4
68.7876	3.83333333333333
68.8134	3.2
68.8392	3.73333333333333
68.865	4.03333333333333
68.8908	3.2
68.9166	3.9
68.9424	4.16666666666667
68.9682	4.1
68.9939999999999	4.63333333333333
69.0198	3.53333333333333
69.0455999999999	3.9
69.0714	4.03333333333333
69.0971999999999	3.66666666666667
69.1229999999999	3.7
69.1487999999999	3.56666666666667
69.1745999999999	3.3
69.2003999999999	3.83333333333333
69.2261999999999	3.53333333333333
69.252	4.06666666666667
69.2778	3.93333333333333
69.3036	3.63333333333333
69.3294	3.86666666666667
69.3552	3.36666666666667
69.381	3.83333333333333
69.4068	3.5
69.4326	3.8
69.4584	3.06666666666667
69.4842	3.76666666666667
69.51	2.66666666666667
69.5358	4.06666666666667
69.5616	3.5
69.5874	3.9
69.6132	3.66666666666667
69.639	4.2
69.6648	2.86666666666667
69.6906	3.73333333333333
69.7164	4
69.7422	4.36666666666667
69.768	3.8
69.7937999999999	3.93333333333333
69.8196	3.46666666666667
69.8453999999999	3.93333333333333
69.8711999999999	3.06666666666667
69.8969999999999	4.1
69.9227999999999	3.5
69.9485999999999	3.86666666666667
69.9743999999999	4.36666666666667
70.0002	4.43333333333333
70.026	3.33333333333333
70.0518	3.86666666666667
70.0776	3.3
70.1034	4.16666666666667
70.1292	3.66666666666667
70.155	3.2
70.1808	3.2
70.2066	3.83333333333333
70.2324	3.4
70.2582	3.36666666666667
70.284	3.33333333333333
70.3098	3.83333333333333
70.3356	3.16666666666667
70.3614	3.36666666666667
70.3872	3.2
70.413	3.3
70.4388	3.36666666666667
70.4646	4.53333333333333
70.4904	3.63333333333333
70.5162	3.36666666666667
70.5419999999999	4.03333333333333
70.5678	3.7
70.5935999999999	3.06666666666667
70.6193999999999	3.2
70.6451999999999	3.16666666666667
70.6709999999999	3.16666666666667
70.6967999999999	3.53333333333333
70.7225999999999	3.66666666666667
70.7483999999999	2.86666666666667
70.7742	3.63333333333333
70.8	3.4
70.8258	3.5
70.8516	2.86666666666667
70.8774	2.8
70.9032	3.23333333333333
70.929	3.06666666666667
70.9548	2.9
70.9806	3.06666666666667
71.0064	3.36666666666667
71.0322	3.33333333333333
71.058	3.53333333333333
71.0838	3.36666666666667
71.1096	4.46666666666667
71.1354	3.83333333333333
71.1612	3.46666666666667
71.187	3.03333333333333
71.2128	3.4
71.2386	3.56666666666667
71.2644	3.6
71.2901999999999	3.36666666666667
71.316	2.86666666666667
71.3417999999999	3.26666666666667
71.3676	2.73333333333333
71.3933999999999	4.03333333333333
71.4191999999999	3.2
71.4449999999999	2.83333333333333
71.4707999999999	3.66666666666667
71.4965999999999	3
71.5223999999999	3.13333333333333
71.5482	4.1
71.574	3.4
71.5998	3.3
71.6256	3.26666666666667
71.6514	3.06666666666667
71.6772	2.6
71.703	2.86666666666667
71.7288	3.33333333333333
71.7546	3.2
71.7804	3.13333333333333
71.8062	2.6
71.832	2.5
71.8578	3.23333333333333
71.8836	2.93333333333333
71.9094	4.03333333333333
71.9352	3.46666666666667
71.961	3.4
71.9868	3
72.0126	3.4
72.0384	2.9
72.0642	2.46666666666667
72.0899999999999	3.33333333333333
72.1158	2.96666666666667
72.1415999999999	2.96666666666667
72.1673999999999	3.1
72.1931999999999	2.76666666666667
72.2189999999999	2.53333333333333
72.2447999999999	3.66666666666667
72.2705999999999	3.13333333333333
72.2963999999999	3.16666666666667
72.3222	2.96666666666667
72.348	2.43333333333333
72.3738	3.3
72.3996	3.13333333333333
72.4254	2.93333333333333
72.4512	2.1
72.477	3
72.5028	3.03333333333333
72.5286	2.43333333333333
72.5544	2.56666666666667
72.5802	2.86666666666667
72.606	2.7
72.6318	2.66666666666667
72.6576	2.86666666666667
72.6834	2.9
72.7092	3.03333333333333
72.735	2.8
72.7608	2.76666666666667
72.7866	3.1
72.8124	3.06666666666667
72.8381999999999	3.26666666666667
72.864	2.23333333333333
72.8897999999999	2.6
72.9156	2.83333333333333
72.9413999999999	2.86666666666667
72.9671999999999	2.8
72.9929999999999	2.8
73.0187999999999	3.06666666666667
73.0445999999999	2.16666666666667
73.0704	2.6
73.0962	2.9
73.122	2.46666666666667
73.1478	2.33333333333333
73.1736	2.7
73.1994	2.7
73.2252	2.53333333333333
73.251	2.76666666666667
73.2768	2.43333333333333
73.3026	2.1
73.3284	2.73333333333333
73.3542	2.2
73.38	2.46666666666667
73.4058	2.4
73.4316	2.33333333333333
73.4574	3.2
73.4832	3.26666666666667
73.509	2.66666666666667
73.5348	2.5
73.5606	2.1
73.5864	2.26666666666667
73.6122	3.03333333333333
73.6379999999999	2.73333333333333
73.6638	2.76666666666667
73.6895999999999	2.56666666666667
73.7153999999999	1.96666666666667
73.7411999999999	2.56666666666667
73.7669999999999	3.03333333333333
73.7927999999999	2.23333333333333
73.8185999999999	2.83333333333333
73.8444	2.4
73.8702	3.13333333333333
73.896	2.36666666666667
73.9218	2.6
73.9476	2.16666666666667
73.9734	2.36666666666667
73.9992	2.23333333333333
74.025	2.5
74.0508	3.36666666666667
74.0766	2.2
74.1024	2.86666666666667
74.1282	2.66666666666667
74.154	3.53333333333333
74.1798	3.2
74.2056	2.53333333333333
74.2314	2.23333333333333
74.2572	2.7
74.283	2.83333333333333
74.3088	2.96666666666667
74.3346	2.86666666666667
74.3604	2.46666666666667
74.3861999999999	2.16666666666667
74.412	2.46666666666667
74.4377999999999	2.66666666666667
74.4635999999999	2.33333333333333
74.4893999999999	2.4
74.5151999999999	2.26666666666667
74.5409999999999	2.33333333333333
74.5667999999999	1.96666666666667
74.5925999999999	2.43333333333333
74.6184	2.36666666666667
74.6442	2.56666666666667
74.67	2.26666666666667
74.6958	1.96666666666667
74.7216	2.53333333333333
74.7474	2.6
74.7732	1.76666666666667
74.799	2.53333333333333
74.8248	1.8
74.8506	2.2
74.8764	2.53333333333333
74.9022	2.43333333333333
74.928	2.83333333333333
74.9538	2.6
74.9796	2.36666666666667
75.0054	2.03333333333333
75.0312	2.3
75.057	2.56666666666667
75.0828	2.56666666666667
75.1086	2.83333333333333
75.1343999999999	2.7
75.1602	2.53333333333333
75.1859999999999	2.16666666666667
75.2118	2.73333333333333
75.2375999999999	2.43333333333333
75.2633999999999	2.3
75.2891999999999	1.56666666666667
75.3149999999999	2.93333333333333
75.3407999999999	2.03333333333333
75.3665999999999	2.8
75.3924	2.6
75.4182	2.8
75.444	1.8
75.4698	2.13333333333333
75.4956	1.93333333333333
75.5214	2.33333333333333
75.5472	2.7
75.573	3
75.5988	2.33333333333333
75.6246	2.36666666666667
75.6504	2.6
75.6762	2.63333333333333
75.702	2.86666666666667
75.7278	2.73333333333333
75.7536	2.6
75.7794	2.1
75.8052	2.16666666666667
75.831	1.8
75.8568	2.13333333333333
75.8826	2.43333333333333
75.9084	2
75.9341999999999	2.2
75.96	2.5
75.9857999999999	2.4
76.0115999999999	1.66666666666667
76.0373999999999	1.53333333333333
76.0631999999999	2.56666666666667
76.0889999999999	1.43333333333333
76.1147999999999	2.83333333333333
76.1405999999999	1.63333333333333
76.1664	1.9
76.1922	1.16666666666667
76.218	2.06666666666667
76.2438	2.33333333333333
76.2696	1.46666666666667
76.2954	2.23333333333333
76.3212	2.4
76.347	2.73333333333333
76.3728	1.66666666666667
76.3986	2.33333333333333
76.4244	2.43333333333333
76.4502	1.63333333333333
76.476	1.63333333333333
76.5018	2.5
76.5276	1.83333333333333
76.5534	2.06666666666667
76.5792	2.4
76.605	2.43333333333333
76.6308	2.2
76.6566	1.9
76.6823999999999	1.93333333333333
76.7082	2.13333333333333
76.7339999999999	1.86666666666667
76.7598	1.43333333333333
76.7855999999999	1.6
76.8113999999999	1.83333333333333
76.8371999999999	1.66666666666667
76.8629999999999	2.3
76.8887999999999	1.5
76.9146	2.23333333333333
76.9404	1.96666666666667
76.9662	1.9
76.992	1.56666666666667
77.0178	1.6
77.0436	2.56666666666667
77.0694	1.96666666666667
77.0952	1.73333333333333
77.121	1.83333333333333
77.1468	1.5
77.1726	1.46666666666667
77.1984	1.3
77.2242	1.63333333333333
77.25	2.23333333333333
77.2758	2
77.3016	1.4
77.3274	1.9
77.3532	2.1
77.379	2.16666666666667
77.4048	2.4
77.4306	1.96666666666667
77.4564	2.1
77.4821999999999	2.26666666666667
77.508	2.23333333333333
77.5337999999999	2.43333333333333
77.5595999999999	2.03333333333333
77.5853999999999	1.56666666666667
77.6111999999999	2.33333333333333
77.6369999999999	1.5
77.6627999999999	2.26666666666667
77.6886	1.5
77.7144	2.1
77.7402	1.63333333333333
77.766	1.76666666666667
77.7918	1.76666666666667
77.8176	2.23333333333333
77.8434	1.4
77.8692	1.56666666666667
77.895	1.96666666666667
77.9208	2.7
77.9466	1.7
77.9724	1.86666666666667
77.9982	1.8
78.024	2.36666666666667
78.0498	1.93333333333333
78.0756	2.66666666666667
78.1014	2.33333333333333
78.1272	1.76666666666667
78.153	1.43333333333333
78.1788	1.66666666666667
78.2046	1.46666666666667
78.2303999999999	1.7
78.2562	1.36666666666667
78.2819999999999	1.66666666666667
78.3077999999999	2.16666666666667
78.3335999999999	1.93333333333333
78.3593999999999	1.83333333333333
78.3851999999999	2.83333333333333
78.4109999999999	1.46666666666667
78.4367999999999	2.06666666666667
78.4626	2.03333333333333
78.4884	1.3
78.5142	2.06666666666667
78.54	1.16666666666667
78.5658	1.83333333333333
78.5916	1.7
78.6174	1.96666666666667
78.6432	2.06666666666667
78.669	1.53333333333333
78.6948	2.23333333333333
78.7206	1.96666666666667
78.7464	1.96666666666667
78.7722	2.23333333333333
78.798	2.23333333333333
78.8238	1.86666666666667
78.8496	2.03333333333333
78.8754	2.03333333333333
78.9012	1.2
78.927	1.86666666666667
78.9528	2.56666666666667
78.9785999999999	2.03333333333333
79.0044	2.2
79.0301999999999	1.8
79.056	2.23333333333333
79.0817999999999	1.73333333333333
79.1075999999999	2.16666666666667
79.1333999999999	1.5
79.1591999999999	1.56666666666667
79.1849999999999	2.3
79.2107999999999	1.03333333333333
79.2366	2
79.2624	1.53333333333333
79.2882	2.26666666666667
79.314	1.26666666666667
79.3398	2.5
79.3656	2.1
79.3914	1.7
79.4172	1.96666666666667
79.443	2.1
79.4688	2.03333333333333
79.4946	2.23333333333333
79.5204	1.46666666666667
79.5462	1.5
79.572	1.86666666666667
79.5978	1.73333333333333
79.6236	1.83333333333333
79.6494	1.23333333333333
79.6752	1.33333333333333
79.701	1.83333333333333
79.7268	1.36666666666667
79.7526	1.63333333333333
79.7783999999999	1.26666666666667
79.8042	1.1
79.8299999999999	1.36666666666667
79.8557999999999	1.8
79.8815999999999	1.66666666666667
79.9073999999999	1.46666666666667
79.9331999999999	1.66666666666667
79.9589999999999	2.23333333333333
79.9848	1.4
80.0106	1.73333333333333
80.0364	1.23333333333333
80.0622	1.8
80.088	1.73333333333333
80.1138	1.33333333333333
80.1396	1.86666666666667
80.1654	1.96666666666667
80.1912	1.46666666666667
80.217	1.4
80.2428	2
80.2686	2.5
80.2944	2
80.3202	2
80.346	1.1
80.3718	1.53333333333333
80.3976	1.83333333333333
80.4234	1.93333333333333
80.4492	1.36666666666667
80.475	1.73333333333333
80.5008	1.73333333333333
80.5265999999999	1.26666666666667
80.5524	1.76666666666667
80.5781999999999	1.9
80.6039999999999	1.26666666666667
80.6297999999999	1.96666666666667
80.6555999999999	1.86666666666667
80.6813999999999	1.66666666666667
80.7071999999999	2.3
80.7329999999999	1.96666666666667
80.7588	1.63333333333333
80.7846	1.4
80.8104	0.866666666666667
80.8362	1.36666666666667
80.862	1.43333333333333
80.8878	1.4
80.9136	1.56666666666667
80.9394	1.5
80.9652	1.43333333333333
80.991	1.6
81.0168	1.8
81.0426	1.43333333333333
81.0684	0.933333333333333
81.0942	1.3
81.12	1.56666666666667
81.1458	1.36666666666667
81.1716	1.6
81.1974	0.933333333333333
81.2232	0.933333333333333
81.249	1.4
81.2747999999999	1.73333333333333
81.3006	1.56666666666667
81.3263999999999	1.93333333333333
81.3522	1.36666666666667
81.3779999999999	2.2
81.4037999999999	1.56666666666667
81.4295999999999	1.63333333333333
81.4553999999999	1.2
81.4811999999999	0.966666666666667
81.5069999999999	0.933333333333333
81.5328	0.966666666666667
81.5586	1.4
81.5844	0.666666666666667
81.6102	1.63333333333333
81.636	1.86666666666667
81.6618	1.5
81.6876	1.86666666666667
81.7134	1.8
81.7392	1.73333333333333
81.765	1.96666666666667
81.7908	1.23333333333333
81.8166	1.16666666666667
81.8424	1.1
81.8682	1.53333333333333
81.894	1.36666666666667
81.9198	1.06666666666667
81.9456	1.36666666666667
81.9714	1.6
81.9972	1.5
82.023	1.56666666666667
82.0488	1.56666666666667
82.0745999999999	1.5
82.1004	1.6
82.1261999999999	1.6
82.1519999999999	1.36666666666667
82.1777999999999	1.76666666666667
82.2035999999999	1.43333333333333
82.2293999999999	1.2
82.2551999999999	1.33333333333333
82.2809999999999	1.2
82.3068	1.6
82.3326	1.16666666666667
82.3584	1.16666666666667
82.3842	1.26666666666667
82.41	2.06666666666667
82.4358	1.43333333333333
82.4616	1.4
82.4874	1.56666666666667
82.5132	0.9
82.539	1.13333333333333
82.5648	1.06666666666667
82.5906	1.43333333333333
82.6164	0.966666666666667
82.6422	1.56666666666667
82.668	1.66666666666667
82.6938	1.23333333333333
82.7196	1.56666666666667
82.7454	1.26666666666667
82.7712	1.4
82.797	0.966666666666667
82.8227999999999	0.966666666666667
82.8486	1.76666666666667
82.8743999999999	1.13333333333333
82.9002	1.43333333333333
82.9259999999999	1.43333333333333
82.9517999999999	1.2
82.9775999999999	1.43333333333333
83.0033999999999	1.2
83.0291999999999	1.53333333333333
83.055	0.933333333333333
83.0808	1.76666666666667
83.1066	1.56666666666667
83.1324	0.933333333333333
83.1582	0.9
83.184	1.2
83.2098	1.53333333333333
83.2356	1.26666666666667
83.2614	1.2
83.2872	1.03333333333333
83.313	0.9
83.3388	1.36666666666667
83.3646	2.1
83.3904	1.4
83.4162	1.46666666666667
83.442	1.7
83.4678	0.766666666666667
83.4936	1.3
83.5194	1.5
83.5452	1.16666666666667
83.571	1.93333333333333
83.5968	0.7
83.6225999999999	1.26666666666667
83.6484	1.4
83.6741999999999	1.23333333333333
83.6999999999999	0.8
83.7257999999999	1.03333333333333
83.7515999999999	1.6
83.7773999999999	1.76666666666667
83.8031999999999	1.16666666666667
83.829	1.46666666666667
83.8548	0.633333333333333
83.8806	1.06666666666667
83.9064	1.1
83.9322	1.26666666666667
83.958	1.4
83.9838	1.03333333333333
84.0096	1
84.0354	1.23333333333333
84.0612	1.76666666666667
84.087	1
84.1128	0.833333333333333
84.1386	0.866666666666667
84.1644	1.6
84.1902	1.1
84.216	0.9
84.2418	1.1
84.2676	1.3
84.2934	1
84.3192	1.13333333333333
84.345	1.23333333333333
84.3707999999999	1.26666666666667
84.3966	1.03333333333333
84.4223999999999	1.23333333333333
84.4481999999999	1.7
84.4739999999999	1.03333333333333
84.4997999999999	0.933333333333333
84.5255999999999	0.866666666666667
84.5513999999999	1.16666666666667
84.5771999999999	1.16666666666667
84.603	1.33333333333333
84.6288	1.1
84.6546	1.5
84.6804	1
84.7062	1.03333333333333
84.732	1.06666666666667
84.7578	1.33333333333333
84.7836	0.533333333333333
84.8094	0.833333333333333
84.8352	0.833333333333333
84.861	0.766666666666667
84.8868	1.13333333333333
84.9126	0.733333333333333
84.9384	0.866666666666667
84.9642	1.2
84.99	1.06666666666667
85.0158	1
85.0416	1.23333333333333
85.0674	1.16666666666667
85.0932	0.566666666666667
85.1189999999999	1.1
85.1448	1.4
85.1705999999999	1
85.1964	1.26666666666667
85.2221999999999	0.866666666666667
85.2479999999999	0.4
85.2737999999999	0.866666666666667
85.2995999999999	1.13333333333333
85.3253999999999	1.03333333333333
85.3511999999999	0.6
85.377	0.533333333333333
85.4028	1
85.4286	1
85.4544	0.8
85.4802	1.13333333333333
85.506	0.433333333333333
85.5318	1.36666666666667
85.5576	0.733333333333333
85.5834	1.03333333333333
85.6092	1.26666666666667
85.635	0.933333333333333
85.6608	1.4
85.6866	1
85.7124	0.866666666666667
85.7382	0.866666666666667
85.764	1.36666666666667
85.7898	0.633333333333333
85.8156	0.433333333333333
85.8414	1.3
85.8672	1
85.893	0.566666666666667
85.9187999999999	0.366666666666667
85.9446	1.16666666666667
85.9703999999999	0.666666666666667
85.9961999999999	1.46666666666667
86.0219999999999	1.1
86.0477999999999	0.533333333333333
86.0735999999999	0.933333333333333
86.0993999999999	0.933333333333333
86.1252	0.666666666666667
86.151	0.766666666666667
86.1768	0.666666666666667
86.2026	1.46666666666667
86.2284	0.766666666666667
86.2542	0.733333333333333
86.28	1
86.3058	0.666666666666667
86.3316	0.533333333333333
86.3574	1
86.3832	0.8
86.409	0.566666666666667
86.4348	0.666666666666667
86.4606	1.5
86.4864	1.13333333333333
86.5122	1.03333333333333
86.538	0.7
86.5638	0.633333333333333
86.5896	0.833333333333333
86.6154	1.4
86.6412	0.166666666666667
86.6669999999999	1.2
86.6928	0.7
86.7185999999999	0.8
86.7443999999999	0.7
86.7701999999999	0.833333333333333
86.7959999999999	0.966666666666667
86.8217999999999	0.766666666666667
86.8475999999999	1.16666666666667
86.8733999999999	0.4
86.8992	1.4
86.925	1.36666666666667
86.9508	1.26666666666667
86.9766	1.73333333333333
87.0024	0.333333333333333
87.0282	1
87.054	1.1
87.0798	0.7
87.1056	0.833333333333333
87.1314	0.566666666666667
87.1572	0.666666666666667
87.183	0.9
87.2088	0.866666666666667
87.2346	0.566666666666667
87.2604	0.933333333333333
87.2862	0.2
87.312	0.133333333333333
87.3378	0.6
87.3636	0.833333333333333
87.3894	0.7
87.4151999999999	0.966666666666667
87.441	0.866666666666667
87.4667999999999	0.666666666666667
87.4926	0.666666666666667
87.5183999999999	1.56666666666667
87.5441999999999	0.5
87.5699999999999	1.66666666666667
87.5957999999999	0.933333333333333
87.6215999999999	0.6
87.6473999999999	1.23333333333333
87.6732	0.5
87.699	0.666666666666667
87.7248	0.633333333333333
87.7506	0.766666666666667
87.7764	0.866666666666667
87.8022	0.866666666666667
87.828	0.966666666666667
87.8538	1.36666666666667
87.8796	0.866666666666667
87.9054	0.066666666666667
87.9312	0.433333333333333
87.957	0.3
87.9828	0.866666666666667
88.0086	0.733333333333333
88.0344	0.2
88.0602	0.6
88.086	0.6
88.1118	0.866666666666667
88.1376	0.933333333333333
88.1634	1.16666666666667
88.1892	0.533333333333333
88.2149999999999	0.533333333333333
88.2408	1.13333333333333
88.2665999999999	0.233333333333333
88.2923999999999	1.13333333333333
88.3181999999999	0.266666666666667
88.3439999999999	0.966666666666667
88.3697999999999	1.03333333333333
88.3955999999999	0.766666666666667
88.4213999999999	0.733333333333333
88.4472	0.9
88.473	1.16666666666667
88.4988	1
88.5246	0.333333333333333
88.5504	1.1
88.5762	0.133333333333333
88.602	0.933333333333333
88.6278	0.133333333333333
88.6536	0.566666666666667
88.6794	0.3
88.7052	0.4
88.731	0.366666666666667
88.7568	0.633333333333333
88.7826	0.433333333333333
88.8084	0.433333333333333
88.8342	0.166666666666667
88.86	0.433333333333333
88.8858	0.833333333333333
88.9116	0.8
88.9374	0.566666666666667
88.9631999999999	0.6
88.989	1.3
89.0147999999999	0.4
89.0406	0.7
89.0663999999999	0.533333333333333
89.0921999999999	0.433333333333333
89.1179999999999	0.966666666666667
89.1437999999999	0.7
89.1695999999999	0.633333333333333
89.1954	0.7
89.2212	0.466666666666667
89.247	0.3
89.2728	0.7
89.2986	0.3
89.3244	0.7
89.3502	0.033333333333333
89.376	0.1
89.4018	0.633333333333333
89.4276	0.133333333333333
89.4534	0.233333333333333
89.4792	0.2
89.505	0.4
89.5308	0.166666666666667
89.5566	0.5
89.5824	0.466666666666667
89.6082	0.366666666666667
89.634	0.166666666666667
89.6598	0.766666666666667
89.6856	0.4
89.7114	0.5
89.7372	0.366666666666667
89.7629999999999	0.333333333333333
89.7888	0.566666666666667
89.8145999999999	0.566666666666667
89.8403999999999	0.3
89.8661999999999	0.7
89.8919999999999	0.166666666666667
89.9177999999999	0.433333333333333
89.9435999999999	0.5
89.9694	0.6
89.9952	0.16
90.021	0.966666666666667
90.0468	0.366666666666667
90.0726	0.833333333333333
90.0984	0.633333333333333
90.1242	0.233333333333333
90.15	0.533333333333333
90.1758	1.1
90.2016	0.666666666666667
90.2274	0.2
90.2532	0.366666666666667
90.279	0.3
90.3048	0.633333333333333
90.3306	0.3
90.3564	0.633333333333333
90.3822	0.433333333333333
90.408	0.233333333333333
90.4338	0.133333333333333
90.4596	0.066666666666667
90.4854	0.3
90.5111999999999	0.966666666666667
90.537	0.166666666666667
90.5627999999999	0.07
90.5885999999999	0.7
90.6143999999999	0.766666666666667
90.6401999999999	0.4
90.6659999999999	0.333333333333333
90.6917999999999	0.8
90.7175999999999	0.6
90.7434	0.3
90.7692	0.5
90.795	0.166666666666667
90.8208	0.433333333333333
90.8466	0.933333333333333
90.8724	0.2
90.8982	0.3
90.924	0.566666666666667
90.9498	0.266666666666667
90.9756	0.6
91.0014	1.06666666666667
91.0272	0.766666666666667
91.053	0.07
91.0788	0.433333333333333
91.1046	0.366666666666667
91.1304	0.366666666666667
91.1562	0.133333333333333
91.182	0.3
91.2078	0.466666666666667
91.2336	0.533333333333333
91.2593999999999	0.1
91.2852	0.4
91.3109999999999	0.1
91.3368	0.666666666666667
91.3625999999999	0.3
91.3883999999999	1.13333333333333
91.4141999999999	0.433333333333333
91.4399999999999	0.7
91.4657999999999	0.6
91.4915999999999	0.033333333333333
91.5174	1.1
91.5432	0.333333333333333
91.569	0.333333333333333
91.5948	0.766666666666667
91.6206	0.933333333333333
91.6464	0.366666666666667
91.6722	0.866666666666667
91.698	0.5
91.7238	0.666666666666667
91.7496	0.3
91.7754	0.466666666666667
91.8012	0.133333333333333
91.827	0.433333333333333
91.8528	0.066666666666667
91.8786	0.5
91.9044	0.7
91.9302	0.2
91.956	0.3
91.9818	0.333333333333333
92.0076	0.566666666666667
92.0334	0.466666666666667
92.0591999999999	0.633333333333333
92.085	0.1
92.1107999999999	0.266666666666667
92.1365999999999	0.1
92.1623999999999	0.866666666666667
92.1881999999999	0.133333333333333
92.2139999999999	0.366666666666667
92.2397999999999	0.566666666666667
92.2655999999999	0.7
92.2914	0.3
92.3172	0.366666666666667
92.343	0.666666666666667
92.3688	0.2
92.3946	1
92.4204	0.1
92.4462	0.133333333333333
92.472	0.3
92.4978	0.766666666666667
92.5236	0.1
92.5494	0
92.5752	0.2
92.601	0.466666666666667
92.6268	0.2
92.6526	0.3
92.6784	0.566666666666667
92.7042	0.766666666666667
92.73	0.433333333333333
92.7558	0.7
92.7816	0.1
92.8073999999999	0.7
92.8332	0.5
92.8589999999999	0.3
92.8848	0.266666666666667
92.9105999999999	0.033333333333333
92.9363999999999	0.03
92.9621999999999	0.533333333333333
92.9879999999999	0.266666666666667
93.0137999999999	0.03
93.0396	0.633333333333333
93.0654	0.1
93.0912	0.07
93.117	0.166666666666667
93.1428	0.2
93.1686	0.233333333333333
93.1944	0.366666666666667
93.2202	0.166666666666667
93.246	0.966666666666667
93.2718	0.433333333333333
93.2976	0.066666666666667
93.3234	0.2
93.3492	0.5
93.375	0.03
93.4008	0.03
93.4266	0.4
93.4524	0.133333333333333
93.4782	0.533333333333333
93.504	0.233333333333333
93.5298	0.1
93.5556	0.433333333333333
93.5814	0.266666666666667
93.6071999999999	0.17
93.633	0.633333333333333
93.6587999999999	0.13
93.6845999999999	0.333333333333333
93.7103999999999	0.266666666666667
93.7361999999999	0.03
93.7619999999999	0.36
93.7877999999999	0.566666666666667
93.8136	0.3
93.8394	0.5
93.8652	0.166666666666667
93.891	0.13
93.9168	0.03
93.9426	0.2
93.9684	0.1
93.9942	0.133333333333333
94.02	0.06
94.0458	0.13
94.0716	0.066666666666667
94.0974	0.266666666666667
94.1232	0.233333333333333
94.149	0.666666666666667
94.1748	0.07
94.2006	0.466666666666667
94.2264	0.1
94.2522	0.5
94.278	0.566666666666667
94.3038	0.1
94.3296	0.466666666666667
94.3553999999999	0.466666666666667
94.3812	0.133333333333333
94.4069999999999	0.233333333333333
94.4327999999999	0.633333333333333
94.4585999999999	0.133333333333333
94.4843999999999	0.033333333333333
94.5101999999999	0.1
94.5359999999999	0.23
94.5617999999999	1
94.5876	0.07
94.6134	0.133333333333333
94.6392	0.333333333333333
94.665	0.23
94.6908	0.033
94.7166	0.1
94.7424	0.466666666666667
94.7682	0.233333333333333
94.794	0.1
94.8198	0.26
94.8456	0.26
94.8714	0.06
94.8972	0.333333333333333
94.923	0.033333333333333
94.9488	0.133333333333333
94.9746	0
95.0004	0.366666666666667
95.0262	0.37
95.052	0.433333333333333
95.0778	0.066666666666667
95.1035999999999	0.46
95.1294	0.166666666666667
95.1551999999999	0
95.181	0.23
95.2067999999999	0.233333333333333
95.2325999999999	0.033
95.2583999999999	0.26
95.2841999999999	0.366666666666667
95.3099999999999	0.266666666666667
95.3357999999999	0.066666666666667
95.3616	0.1
95.3874	0.6
95.4132	0.1
95.439	0.233333333333333
95.4648	0.066666666666667
95.4906	0.733333333333333
95.5164	0.3
95.5422	0.3
95.568	0.133333333333333
95.5938	0.3
95.6196	0.1
95.6454	0.333333333333333
95.6712	0.23
95.697	0.3
95.7228	0.166666666666667
95.7486	0.033333333333333
95.7744	0.166666666666667
95.8002	0.03
95.826	0.266666666666667
95.8518	0.33
95.8776	0.133333333333333
95.9033999999999	0
95.9292	0.003
95.9549999999999	0.001
95.9807999999999	0.001
96.0065999999999	0.001
100	0.001
