   deg       DCS_10eV
 3.80E-02  3.266829E+06
 4.00E-02  2.927067E+06
 5.00E-02  1.815299E+06
 1.00E-01  4.115694E+05
 1.50E-01  1.727554E+05
 2.00E-01  9.331209E+04
 2.50E-01  5.787001E+04
 3.00E-01  3.916756E+04
 3.50E-01  2.815746E+04
 4.00E-01  2.115595E+04
 4.50E-01  1.644050E+04
 5.00E-01  1.312043E+04
 5.50E-01  1.069859E+04
 6.00E-01  8.880171E+03
 6.50E-01  7.481620E+03
 7.00E-01  6.383932E+03
 7.50E-01  5.507278E+03
 8.00E-01  4.796533E+03
 8.50E-01  4.212668E+03
 9.00E-01  3.727433E+03
 9.50E-01  3.319991E+03
 1.00E+00  2.974700E+03
 2.00E+00  6.744316E+02
 3.00E+00  2.830913E+02
 4.00E+00  1.529088E+02
 5.00E+00  9.483057E+01
 6.00E+00  6.418319E+01
 7.00E+00  4.614113E+01
 8.00E+00  3.466789E+01
 9.00E+00  2.694076E+01
 1.00E+01  2.150023E+01
 1.10E+01  1.753159E+01
 1.20E+01  1.455178E+01
 1.30E+01  1.225999E+01
 1.40E+01  1.046123E+01
 1.50E+01  9.024679E+00
 1.60E+01  7.859995E+00
 1.70E+01  6.903225E+00
 1.80E+01  6.108080E+00
 1.90E+01  5.440411E+00
 2.00E+01  4.874588E+00
 2.10E+01  4.391083E+00
 2.20E+01  3.974808E+00
 2.30E+01  3.613964E+00
 2.40E+01  3.299217E+00
 2.50E+01  3.023107E+00
 2.60E+01  2.779618E+00
 2.70E+01  2.563854E+00
 2.80E+01  2.371798E+00
 2.90E+01  2.200133E+00
 3.00E+01  2.046098E+00
 3.10E+01  1.907382E+00
 3.20E+01  1.782038E+00
 3.30E+01  1.668417E+00
 3.40E+01  1.565117E+00
 3.50E+01  1.470935E+00
 3.60E+01  1.384839E+00
 3.70E+01  1.305940E+00
 3.80E+01  1.233464E+00
 3.90E+01  1.166739E+00
 4.00E+01  1.105179E+00
 4.10E+01  1.048269E+00
 4.20E+01  9.955577E-01
 4.30E+01  9.466451E-01
 4.40E+01  9.011788E-01
 4.50E+01  8.588457E-01
 4.60E+01  8.193673E-01
 4.70E+01  7.824951E-01
 4.80E+01  7.480070E-01
 4.90E+01  7.157038E-01
 5.00E+01  6.854067E-01
 5.10E+01  6.569547E-01
 5.20E+01  6.302023E-01
 5.30E+01  6.050183E-01
 5.40E+01  5.812836E-01
 5.50E+01  5.588904E-01
 5.60E+01  5.377403E-01
 5.70E+01  5.177440E-01
 5.80E+01  4.988199E-01
 5.90E+01  4.808936E-01
 6.00E+01  4.638967E-01
 6.10E+01  4.477669E-01
 6.20E+01  4.324466E-01
 6.30E+01  4.178833E-01
 6.40E+01  4.040283E-01
 6.50E+01  3.908370E-01
 6.60E+01  3.782680E-01
 6.70E+01  3.662832E-01
 6.80E+01  3.548473E-01
 6.90E+01  3.439277E-01
 7.00E+01  3.334941E-01
 7.10E+01  3.235184E-01
 7.20E+01  3.139744E-01
 7.30E+01  3.048378E-01
 7.40E+01  2.960861E-01
 7.50E+01  2.876981E-01
 7.60E+01  2.796541E-01
 7.70E+01  2.719358E-01
 7.80E+01  2.645261E-01
 7.90E+01  2.574089E-01
 8.00E+01  2.505690E-01
 8.10E+01  2.439926E-01
 8.20E+01  2.376663E-01
 8.30E+01  2.315778E-01
 8.40E+01  2.257154E-01
 8.50E+01  2.200681E-01
 8.60E+01  2.146258E-01
 8.70E+01  2.093786E-01
 8.80E+01  2.043175E-01
 8.90E+01  1.994339E-01
 9.00E+01  1.947197E-01
 9.10E+01  1.901671E-01
 9.20E+01  1.857690E-01
 9.30E+01  1.815186E-01
 9.40E+01  1.774093E-01
 9.50E+01  1.734350E-01
 9.60E+01  1.695900E-01
 9.70E+01  1.658688E-01
 9.80E+01  1.622662E-01
 9.90E+01  1.587772E-01
 1.00E+02  1.553971E-01
 1.01E+02  1.521216E-01
 1.02E+02  1.489464E-01
 1.03E+02  1.458675E-01
 1.04E+02  1.428811E-01
 1.05E+02  1.399835E-01
 1.06E+02  1.371713E-01
 1.07E+02  1.344412E-01
 1.08E+02  1.317901E-01
 1.09E+02  1.292150E-01
 1.10E+02  1.267130E-01
 1.11E+02  1.242815E-01
 1.12E+02  1.219178E-01
 1.13E+02  1.196195E-01
 1.14E+02  1.173842E-01
 1.15E+02  1.152097E-01
 1.16E+02  1.130937E-01
 1.17E+02  1.110343E-01
 1.18E+02  1.090294E-01
 1.19E+02  1.070772E-01
 1.20E+02  1.051758E-01
 1.21E+02  1.033236E-01
 1.22E+02  1.015188E-01
 1.23E+02  9.975997E-02
 1.24E+02  9.804542E-02
 1.25E+02  9.637376E-02
 1.26E+02  9.474358E-02
 1.27E+02  9.315354E-02
 1.28E+02  9.160235E-02
 1.29E+02  9.008875E-02
 1.30E+02  8.861157E-02
 1.31E+02  8.716965E-02
 1.32E+02  8.576189E-02
 1.33E+02  8.438724E-02
 1.34E+02  8.304467E-02
 1.35E+02  8.173321E-02
 1.36E+02  8.045191E-02
 1.37E+02  7.919986E-02
 1.38E+02  7.797619E-02
 1.39E+02  7.678006E-02
 1.40E+02  7.561066E-02
 1.41E+02  7.446720E-02
 1.42E+02  7.334893E-02
 1.43E+02  7.225513E-02
 1.44E+02  7.118509E-02
 1.45E+02  7.013814E-02
 1.46E+02  6.911363E-02
 1.47E+02  6.811092E-02
 1.48E+02  6.712941E-02
 1.49E+02  6.616851E-02
 1.50E+02  6.522765E-02
 1.51E+02  6.430630E-02
 1.52E+02  6.340391E-02
 1.53E+02  6.251997E-02
 1.54E+02  6.165400E-02
 1.55E+02  6.080552E-02
 1.56E+02  5.997405E-02
 1.57E+02  5.915916E-02
 1.58E+02  5.836041E-02
 1.59E+02  5.757738E-02
 1.60E+02  5.680967E-02
 1.61E+02  5.605688E-02
 1.62E+02  5.531864E-02
 1.63E+02  5.459457E-02
 1.64E+02  5.388433E-02
 1.65E+02  5.318755E-02
 1.66E+02  5.250392E-02
 1.67E+02  5.183310E-02
 1.68E+02  5.117478E-02
 1.69E+02  5.052865E-02
 1.70E+02  4.989442E-02
 1.71E+02  4.927180E-02
 1.72E+02  4.866052E-02
 1.73E+02  4.806029E-02
 1.74E+02  4.747087E-02
 1.75E+02  4.689199E-02
 1.76E+02  4.632341E-02
 1.77E+02  4.576488E-02
 1.78E+02  4.521618E-02
 1.79E+02  4.467708E-02
 1.80E+02  4.414736E-02
