# 1
# 1e9
# 1
# 360.
# 4316
1.5872	0
1.6128	74.7145216
1.6384	0
1.664	0
1.6896	0
1.7152	0
1.7408	0
1.7664	0
1.792	0
1.8176	0
1.8432	0
1.8688	5.7145216
1.8944	0
1.92	0
1.9456	0
1.9712	0
1.9968	37.7145216
2.0224	0
2.048	0
2.0736	0
2.0992	0
2.1248	0
2.1504	0
2.176	0
2.2016	20.2854784
2.2272	28.1419136
2.2528	0
2.2784	0
2.304	0
2.3296	2.7145216
2.3552	0
2.3808	0
2.4064	0
2.432	0
2.4576	0
2.4832	38.8185952
2.5088	90.5331168
2.5344	30.2476384
2.56	32.96216
2.5856	32.6766816
2.6112	15.3912032
2.6368	0
2.6624	33.8202464
2.688	76.534768
2.7136	8.2492896
2.7392	18.9638112
2.7648	47.6783328
2.7904	21.3928544
2.816	29.107376
2.8416	39.8218976
2.8672	12.5364192
2.8928	0
2.9184	1.9654624
2.944	0
2.9696	11.3945056
2.9952	0
3.0208	14.8235488
3.0464	0
3.072	6.252592
3.0976	39.9671136
3.1232	35.6816352
3.1488	0
3.1744	40.1106784
3.2	48.8252
3.2256	49.5397216
3.2512	39.2542432
3.2768	0.9687648
3.3024	50.6832864
3.328	19.397808
3.3536	32.1123296
3.3792	61.8268512
3.4048	25.5413728
3.4304	52.2558944
3.456	32.970416
3.4816	18.6849376
3.5072	36.3994592
3.5328	46.1139808
3.5584	46.8285024
3.584	63.543024
3.6096	73.2575456
3.6352	34.9720672
3.6608	56.6865888
3.6864	48.4011104
3.712	28.115632
3.7376	50.8301536
3.7632	80.5446752
3.7888	98.2591968
3.8144	119.9737184
3.84	51.68824
3.8656	55.4027616
3.8912	87.1172832
3.9168	42.8318048
3.9424	57.5463264
3.968	82.260848
3.9936	51.9753696
4.0192	81.6898912
4.0448	73.4044128
4.0704	88.1189344
4.096	127.833456
4.1216	82.5479776
4.1472	98.2624992
4.1728	80.9770208
4.1984	78.6915424
4.224	125.406064
4.2496	89.1205856
4.2752	98.8351072
4.3008	67.5496288
4.3264	72.2641504
4.352	107.978672
4.3776	120.6931936
4.4032	128.4077152
4.4288	148.1222368
4.4544	126.8367584
4.48	129.55128
4.5056	163.2658016
4.5312	143.9803232
4.5568	140.6948448
4.5824	173.4093664
4.608	125.123888
4.6336	188.8384096
4.6592	148.5529312
4.6848	164.2674528
4.7104	155.9819744
4.736	168.696496
4.7616	181.4110176
4.7872	172.1255392
4.8128	170.8400608
4.8384	206.5545824
4.864	186.269104
4.8896	143.9836256
4.9152	196.6981472
4.9408	173.4126688
4.9664	167.1271904
4.992	186.841712
5.0176	242.5562336
5.0432	183.2707552
5.0688	209.9852768
5.0944	261.6997984
5.12	204.41432
5.1456	196.1288416
5.1712	199.8433632
5.1968	206.5578848
5.2224	237.2724064
5.248	206.986928
5.2736	144.7014496
5.2992	187.4159712
5.3248	230.1304928
5.3504	188.8450144
5.376	184.559536
5.4016	236.2740576
5.4272	204.9885792
5.4528	155.7031008
5.4784	176.4176224
5.504	190.132144
5.5296	143.8466656
5.5552	188.5611872
5.5808	179.2757088
5.6064	155.9902304
5.632	174.704752
5.6576	144.4192736
5.6832	143.1337952
5.7088	178.8483168
5.7344	188.5628384
5.76	133.27736
5.7856	144.9918816
5.8112	116.7064032
5.8368	123.4209248
5.8624	122.1354464
5.888	128.849968
5.9136	109.5644896
5.9392	113.2790112
5.9648	112.9935328
5.9904	106.7080544
6.016	88.422576
6.0416	95.1370976
6.0672	115.8516192
6.0928	99.5661408
6.1184	115.2806624
6.144	140.995184
6.1696	151.7097056
6.1952	144.4242272
6.2208	151.1387488
6.2464	93.8532704
6.272	80.567792
6.2976	133.2823136
6.3232	158.9968352
6.3488	150.7113568
6.3744	131.4258784
6.4	179.1404
6.4256	176.8549216
6.4512	131.5694432
6.4768	166.2839648
6.5024	169.9984864
6.528	137.713008
6.5536	190.4275296
6.5792	216.1420512
6.6048	231.8565728
6.6304	209.5710944
6.656	250.285616
6.6816	288.0001376
6.7072	237.7146592
6.7328	299.4291808
6.7584	265.1437024
6.784	262.858224
6.8096	312.5727456
6.8352	367.2872672
6.8608	369.0017888
6.8864	360.7163104
6.912	408.430832
6.9376	419.1453536
6.9632	417.8598752
6.9888	530.5743968
7.0144	485.2889184
7.04	511.00344
7.0656	492.7179616
7.0912	572.4324832
7.1168	608.1470048
7.1424	593.8615264
7.168	652.576048
7.1936	681.2905696
7.2192	720.0050912
7.2448	691.7196128
7.2704	728.4341344
7.296	847.148656
7.3216	868.8631776
7.3472	950.5776992
7.3728	1016.2922208
7.3984	1022.0067424
7.424	1157.721264
7.4496	1171.4357856
7.4752	1195.1503072
7.5008	1360.8648288
7.5264	1382.5793504
7.552	1480.293872
7.5776	1565.0083936
7.6032	1665.7229152
7.6288	1657.4374368
7.6544	1851.1519584
7.68	1911.86648
7.7056	1985.5810016
7.7312	2140.2955232
7.7568	2156.0100448
7.7824	2283.7245664
7.808	2413.439088
7.8336	2445.1536096
7.8592	2628.8681312
7.8848	2707.5826528
7.9104	2874.2971744
7.936	3075.011696
7.9616	3182.7262176
7.9872	3125.4407392
8.0128	3273.1552608
8.0384	3387.8697824
8.064	3483.584304
8.0896	3531.2988256
8.1152	3718.0133472
8.1408	3798.7278688
8.1664	3830.4423904
8.192	3904.156912
8.2176	4041.8714336
8.2432	3968.5859552
8.2688	4098.3004768
8.2944	4063.0149984
8.32	4242.72952
8.3456	4233.4440416
8.3712	4348.1585632
8.3968	4414.8730848
8.4224	4448.5876064
8.448	4471.302128
8.4736	4480.0166496
8.4992	4491.7311712
8.5248	4591.4456928
8.5504	4573.1602144
8.576	4599.874736
8.6016	4725.5892576
8.6272	4785.3037792
8.6528	4754.0183008
8.6784	4741.7328224
8.704	4856.447344
8.7296	4793.1618656
8.7552	4971.8763872
8.7808	4962.5909088
8.8064	5061.3054304
8.832	5073.019952
8.8576	5209.7344736
8.8832	5262.4489952
8.9088	5394.1635168
8.9344	5380.8780384
8.96	5521.59256
8.9856	5606.3070816
9.0112	5567.0216032
9.0368	5660.7361248
9.0624	5752.4506464
9.088	5927.165168
9.1136	5995.8796896
9.1392	5988.5942112
9.1648	6213.3087328
9.1904	6229.0232544
9.216	6324.737776
9.2416	6453.4522976
9.2672	6376.1668192
9.2928	6556.8813408
9.3184	6735.5958624
9.344	6646.310384
9.3696	6785.0249056
9.3952	6765.7394272
9.4208	6966.4539488
9.4464	7054.1684704
9.472	7013.882992
9.4976	6999.5975136
9.5232	7157.3120352
9.5488	7180.0265568
9.5744	7077.7410784
9.6	7167.4556
9.6256	7132.1701216
9.6512	7170.8846432
9.6768	7049.5991648
9.7024	7160.3136864
9.728	7211.028208
9.7536	7111.7427296
9.7792	7172.4572512
9.8048	7177.1717728
9.8304	6999.8862944
9.856	7011.600816
9.8816	7100.3153376
9.9072	6954.0298592
9.9328	6927.7443808
9.9584	6924.4589024
9.984	6872.173424
10.0096	6851.8879456
10.0352	6709.6024672
10.0608	6707.3169888
10.0864	6629.0315104
10.112	6653.746032
10.1376	6752.4605536
10.1632	6624.1750752
10.1888	6462.8895968
10.2144	6488.6041184
10.24	6505.31864
10.2656	6399.0331616
10.2912	6549.7476832
10.3168	6291.4622048
10.3424	6454.1767264
10.368	6412.891248
10.3936	6253.6057696
10.4192	6380.3202912
10.4448	6290.0348128
10.4704	6255.7493344
10.496	6218.463856
10.5216	6161.1783776
10.5472	6237.8928992
10.5728	6255.6074208
10.5984	6091.3219424
10.624	6069.036464
10.6496	6105.7509856
10.6752	6069.4655072
10.7008	5992.1800288
10.7264	5941.8945504
10.752	5973.609072
10.7776	5848.3235936
10.8032	6036.0381152
10.8288	5828.7526368
10.8544	5916.4671584
10.88	5817.18168
10.9056	5833.8962016
10.9312	5883.6107232
10.9568	5761.3252448
10.9824	5764.0397664
11.008	5741.754288
11.0336	5698.4688096
11.0592	5739.1833312
11.0848	5729.8978528
11.1104	5683.6123744
11.136	5697.326896
11.1616	5543.0414176
11.1872	5560.7559392
11.2128	5642.4704608
11.2384	5619.1849824
11.264	5638.899504
11.2896	5533.6140256
11.3152	5600.3285472
11.3408	5649.0430688
11.3664	5557.7575904
11.392	5509.472112
11.4176	5546.1866336
11.4432	5522.9011552
11.4688	5486.6156768
11.4944	5492.3301984
11.52	5527.04472
11.5456	5467.7592416
11.5712	5437.4737632
11.5968	5468.1882848
11.6224	5452.9028064
11.648	5443.617328
11.6736	5409.3318496
11.6992	5415.0463712
11.7248	5383.7608928
11.7504	5422.4754144
11.776	5484.189936
11.8016	5405.9044576
11.8272	5439.6189792
11.8528	5406.3335008
11.8784	5475
11.904	5403
11.9296	5406
11.9552	5480
11.9808	5539
12.0064	5484
12.032	5553
12.0576	5489
12.0832	5409
12.1088	5534
12.1344	5684
12.16	5651
12.1856	5579
12.2112	5575
12.2368	5614
12.2624	5659
12.288	5694
12.3136	5732
12.3392	5825
12.3648	5926
12.3904	5934
12.416	5876
12.4416	6009
12.4672	5943
12.4928	5937
12.5184	6083
12.544	6166
12.5696	6156
12.5952	6213
12.6208	6281
12.6464	6255
12.672	6315
12.6976	6385
12.7232	6460
12.7488	6500
12.7744	6523
12.8	6650
12.8256	6650
12.8512	6561
12.8768	6713
12.9024	6682
12.928	6767
12.9536	6750
12.9792	6889
13.0048	6874
13.0304	6935
13.056	7048
13.0816	6918
13.1072	6907
13.1328	6974
13.1584	6803
13.184	6868
13.2096	6932
13.2352	6940
13.2608	6895
13.2864	7118
13.312	6919
13.3376	6958
13.3632	7072
13.3888	6935
13.4144	7002
13.44	7073
13.4656	6887
13.4912	7024
13.5168	6918
13.5424	6711
13.568	6856
13.5936	6936
13.6192	6894
13.6448	6985
13.6704	6888
13.696	6886
13.7216	6897
13.7472	6788
13.7728	6831
13.7984	6783
13.824	6804
13.8496	6831
13.8752	6770
13.9008	6755
13.9264	6679
13.952	6711
13.9776	6655
14.0032	6536
14.0288	6758
14.0544	6682
14.08	6550
14.1056	6641
14.1312	6673
14.1568	6477
14.1824	6545
14.208	6572
14.2336	6561
14.2592	6501
14.2848	6549
14.3104	6468
14.336	6489
14.3616	6465
14.3872	6558
14.4128	6452
14.4384	6499
14.464	6553
14.4896	6424
14.5152	6478
14.5408	6495
14.5664	6420
14.592	6387
14.6176	6450
14.6432	6351
14.6688	6372
14.6944	6422
14.72	6351
14.7456	6402
14.7712	6341
14.7968	6469
14.8224	6388
14.848	6401
14.8736	6360
14.8992	6300
14.9248	6375
14.9504	6326
14.976	6325
15.0016	6365
15.0272	6354
15.0528	6247
15.0784	6352
15.104	6477
15.1296	6314
15.1552	6421
15.1808	6420
15.2064	6416
15.232	6381
15.2576	6377
15.2832	6537
15.3088	6505
15.3344	6556
15.36	6576
15.3856	6562
15.4112	6398
15.4368	6530
15.4624	6487
15.488	6530
15.5136	6495
15.5392	6489
15.5648	6590
15.5904	6655
15.616	6646
15.6416	6686
15.6672	6580
15.6928	6546
15.7184	6585
15.744	6533
15.7696	6512
15.7952	6518
15.8208	6587
15.8464	6622
15.872	6503
15.8976	6528
15.9232	6481
15.9488	6565
15.9744	6531
16	6472
16.0256	6467
16.0512	6451
16.0768	6317
16.1024	6330
16.128	6561
16.1536	6350
16.1792	6288
16.2048	6319
16.2304	6310
16.256	6342
16.2816	6322
16.3072	6308
16.3328	6200
16.3584	6147
16.384	6201
16.4096	6078
16.4352	6240
16.4608	6017
16.4864	6182
16.512	6084
16.5376	6221
16.5632	6020
16.5888	5933
16.6144	6016
16.64	5908
16.6656	5890
16.6912	5868
16.7168	5962
16.7424	5831
16.768	5904
16.7936	5825
16.8192	5769
16.8448	5757
16.8704	5834
16.896	5685
16.9216	5700
16.9472	5639
16.9728	5713
16.9984	5759
17.024	5660
17.0496	5663
17.0752	5520
17.1008	5671
17.1264	5593
17.152	5605
17.1776	5582
17.2032	5510
17.2288	5517
17.2544	5571
17.28	5475
17.3056	5421
17.3312	5439
17.3568	5428
17.3824	5407
17.408	5495
17.4336	5481
17.4592	5309
17.4848	5350
17.5104	5466
17.536	5444
17.5616	5330
17.5872	5409
17.6128	5333
17.6384	5360
17.664	5371
17.6896	5355
17.7152	5246
17.7408	5222
17.7664	5285
17.792	5279
17.8176	5133
17.8432	5232
17.8688	5161
17.8944	5217
17.92	5205
17.9456	5175
17.9712	5166
17.9968	5130
18.0224	5139
18.048	5055
18.0736	5102
18.0992	5136
18.1248	5218
18.1504	5069
18.176	5043
18.2016	5166
18.2272	5000
18.2528	5082
18.2784	5072
18.304	5119
18.3296	5065
18.3552	5015
18.3808	5072
18.4064	5051
18.432	4934
18.4576	5017
18.4832	5001
18.5088	5005
18.5344	5004
18.56	4994
18.5856	4979
18.6112	4911
18.6368	5004
18.6624	4908
18.688	4875
18.7136	4849
18.7392	4819
18.7648	4928
18.7904	4848
18.816	4916
18.8416	4919
18.8672	4848
18.8928	4853
18.9184	4764
18.944	4881
18.9696	4862
18.9952	4857
19.0208	4765
19.0464	4709
19.072	4949
19.0976	4767
19.1232	4708
19.1488	4837
19.1744	4867
19.2	4652
19.2256	4693
19.2512	4644
19.2768	4673
19.3024	4654
19.328	4589
19.3536	4674
19.3792	4636
19.4048	4558
19.4304	4596
19.456	4627
19.4816	4538
19.5072	4541
19.5328	4573
19.5584	4555
19.584	4563
19.6096	4500
19.6352	4439
19.6608	4489
19.6864	4510
19.712	4457
19.7376	4368
19.7632	4445
19.7888	4472
19.8144	4382
19.84	4412
19.8656	4447
19.8912	4336
19.9168	4401
19.9424	4382
19.968	4370
19.9936	4251
20.0192	4247
20.0448	4388
20.0704	4289
20.096	4272
20.1216	4272
20.1472	4353
20.1728	4143
20.1984	4247
20.224	4245
20.2496	4193
20.2752	4121
20.3008	4166
20.3264	4203
20.352	4238
20.3776	4097
20.4032	4136
20.4288	4109
20.4544	4171
20.48	4157
20.5056	4062
20.5312	4207
20.5568	4124
20.5824	4101
20.608	4055
20.6336	4087
20.6592	4024
20.6848	4090
20.7104	3980
20.736	4110
20.7616	3963
20.7872	3957
20.8128	3959
20.8384	3911
20.864	4020
20.8896	3947
20.9152	3949
20.9408	3838
20.9664	3917
20.992	4002
21.0176	3944
21.0432	3892
21.0688	3902
21.0944	3795
21.12	3825
21.1456	3881
21.1712	3839
21.1968	3860
21.2224	3860
21.248	3786
21.2736	3797
21.2992	3867
21.3248	3820
21.3504	3827
21.376	3803
21.4016	3756
21.4272	3746
21.4528	3778
21.4784	3625
21.504	3720
21.5296	3774
21.5552	3722
21.5808	3706
21.6064	3719
21.632	3654
21.6576	3695
21.6832	3717
21.7088	3747
21.7344	3621
21.76	3708
21.7856	3766
21.8112	3547
21.8368	3676
21.8624	3675
21.888	3651
21.9136	3587
21.9392	3717
21.9648	3583
21.9904	3694
22.016	3638
22.0416	3565
22.0672	3606
22.0928	3673
22.1184	3627
22.144	3578
22.1696	3535
22.1952	3527
22.2208	3550
22.2464	3617
22.272	3502
22.2976	3487
22.3232	3513
22.3488	3492
22.3744	3576
22.4	3446
22.4256	3472
22.4512	3441
22.4768	3490
22.5024	3481
22.528	3518
22.5536	3512
22.5792	3581
22.6048	3513
22.6304	3484
22.656	3418
22.6816	3406
22.7072	3307
22.7328	3414
22.7584	3463
22.784	3399
22.8096	3421
22.8352	3398
22.8608	3396
22.8864	3302
22.912	3326
22.9376	3312
22.9632	3372
22.9888	3375
23.0144	3217
23.04	3355
23.0656	3317
23.0912	3253
23.1168	3236
23.1424	3269
23.168	3263
23.1936	3305
23.2192	3260
23.2448	3177
23.2704	3239
23.296	3213
23.3216	3250
23.3472	3169
23.3728	3121
23.3984	3248
23.424	3173
23.4496	3170
23.4752	3138
23.5008	3138
23.5264	3215
23.552	3091
23.5776	3167
23.6032	3170
23.6288	3145
23.6544	3162
23.68	3105
23.7056	3094
23.7312	3040
23.7568	2996
23.7824	3037
23.808	3049
23.8336	3069
23.8592	3011
23.8848	3124
23.9104	3035
23.936	3048
23.9616	3000
23.9872	2967
24.0128	3054
24.0384	2996
24.064	2934
24.0896	2975
24.1152	3041
24.1408	2973
24.1664	2967
24.192	2982
24.2176	2916
24.2432	2814
24.2688	2860
24.2944	2797
24.32	2799
24.3456	2868
24.3712	2805
24.3968	2808
24.4224	2982
24.448	2841
24.4736	2843
24.4992	2830
24.5248	2818
24.5504	2758
24.576	2799
24.6016	2776
24.6272	2729
24.6528	2853
24.6784	2821
24.704	2789
24.7296	2813
24.7552	2733
24.7808	2754
24.8064	2807
24.832	2804
24.8576	2690
24.8832	2800
24.9088	2796
24.9344	2782
24.96	2662
24.9856	2677
25.0112	2660
25.0368	2695
25.0624	2669
25.088	2685
25.1136	2572
25.1392	2654
25.1648	2569
25.1904	2658
25.216	2602
25.2416	2589
25.2672	2645
25.2928	2580
25.3184	2563
25.344	2604
25.3696	2556
25.3952	2682
25.4208	2537
25.4464	2529
25.472	2516
25.4976	2547
25.5232	2556
25.5488	2540
25.5744	2466
25.6	2501
25.6256	2492
25.6512	2491
25.6768	2508
25.7024	2504
25.728	2530
25.7536	2500
25.7792	2483
25.8048	2461
25.8304	2493
25.856	2479
25.8816	2442
25.9072	2518
25.9328	2488
25.9584	2428
25.984	2447
26.0096	2409
26.0352	2449
26.0608	2349
26.0864	2383
26.112	2336
26.1376	2368
26.1632	2427
26.1888	2361
26.2144	2354
26.24	2396
26.2656	2343
26.2912	2379
26.3168	2261
26.3424	2317
26.368	2411
26.3936	2346
26.4192	2325
26.4448	2382
26.4704	2316
26.496	2322
26.5216	2323
26.5472	2323
26.5728	2307
26.5984	2286
26.624	2309
26.6496	2213
26.6752	2263
26.7008	2223
26.7264	2241
26.752	2226
26.7776	2215
26.8032	2258
26.8288	2240
26.8544	2243
26.88	2203
26.9056	2222
26.9312	2244
26.9568	2203
26.9824	2204
27.008	2192
27.0336	2199
27.0592	2266
27.0848	2219
27.1104	2144
27.136	2172
27.1616	2248
27.1872	2141
27.2128	2177
27.2384	2148
27.264	2113
27.2896	2192
27.3152	2113
27.3408	2107
27.3664	2067
27.392	2079
27.4176	2089
27.4432	2144
27.4688	2087
27.4944	2062
27.52	2076
27.5456	2107
27.5712	2096
27.5968	2117
27.6224	2130
27.648	2097
27.6736	1999
27.6992	2089
27.7248	2090
27.7504	1942
27.776	2026
27.8016	2077
27.8272	2103
27.8528	2054
27.8784	2027
27.904	2069
27.9296	2008
27.9552	2032
27.9808	2053
28.0064	1937
28.032	2039
28.0576	2040
28.0832	2008
28.1088	1994
28.1344	1982
28.16	1994
28.1856	1998
28.2112	2011
28.2368	2047
28.2624	2025
28.288	2051
28.3136	1945
28.3392	1979
28.3648	1884
28.3904	1999
28.416	2103
28.4416	1963
28.4672	1973
28.4928	1938
28.5184	1918
28.544	1888
28.5696	1908
28.5952	1953
28.6208	1873
28.6464	1911
28.672	1826
28.6976	1928
28.7232	1909
28.7488	1919
28.7744	1901
28.8	1873
28.8256	1827
28.8512	1891
28.8768	1853
28.9024	1878
28.928	1869
28.9536	1867
28.9792	1927
29.0048	1805
29.0304	1820
29.056	1827
29.0816	1804
29.1072	1844
29.1328	1841
29.1584	1922
29.184	1796
29.2096	1777
29.2352	1758
29.2608	1791
29.2864	1774
29.312	1815
29.3376	1745
29.3632	1827
29.3888	1758
29.4144	1747
29.44	1773
29.4656	1752
29.4912	1782
29.5168	1775
29.5424	1774
29.568	1724
29.5936	1736
29.6192	1770
29.6448	1662
29.6704	1725
29.696	1732
29.7216	1687
29.7472	1676
29.7728	1719
29.7984	1682
29.824	1662
29.8496	1677
29.8752	1696
29.9008	1714
29.9264	1695
29.952	1681
29.9776	1651
30.0032	1729
30.0288	1608
30.0544	1643
30.08	1686
30.1056	1683
30.1312	1654
30.1568	1647
30.1824	1658
30.208	1608
30.2336	1661
30.2592	1729
30.2848	1598
30.3104	1581
30.336	1681
30.3616	1683
30.3872	1550
30.4128	1626
30.4384	1579
30.464	1553
30.4896	1588
30.5152	1606
30.5408	1501
30.5664	1607
30.592	1581
30.6176	1512
30.6432	1579
30.6688	1699
30.6944	1537
30.72	1568
30.7456	1530
30.7712	1509
30.7968	1578
30.8224	1530
30.848	1503
30.8736	1530
30.8992	1509
30.9248	1505
30.9504	1596
30.976	1486
31.0016	1435
31.0272	1547
31.0528	1462
31.0784	1573
31.104	1563
31.1296	1437
31.1552	1452
31.1808	1471
31.2064	1489
31.232	1468
31.2576	1409
31.2832	1472
31.3088	1455
31.3344	1483
31.36	1437
31.3856	1442
31.4112	1517
31.4368	1414
31.4624	1427
31.488	1352
31.5136	1394
31.5392	1468
31.5648	1385
31.5904	1413
31.616	1329
31.6416	1336
31.6672	1341
31.6928	1350
31.7184	1365
31.744	1330
31.7696	1395
31.7952	1387
31.8208	1339
31.8464	1335
31.872	1410
31.8976	1333
31.9232	1370
31.9488	1371
31.9744	1398
32	1332
32.0256	1308
32.0512	1279
32.0768	1348
32.1024	1293
32.128	1321
32.1536	1314
32.1792	1318
32.2048	1285
32.2304	1353
32.256	1299
32.2816	1303
32.3072	1367
32.3328	1317
32.3584	1307
32.384	1331
32.4096	1265
32.4352	1303
32.4608	1283
32.4864	1329
32.512	1333
32.5376	1298
32.5632	1299
32.5888	1288
32.6144	1269
32.64	1285
32.6656	1235
32.6912	1239
32.7168	1196
32.7424	1340
32.768	1193
32.7936	1285
32.8192	1234
32.8448	1251
32.8704	1237
32.896	1260
32.9216	1266
32.9472	1232
32.9728	1218
32.9984	1215
33.024	1245
33.0496	1201
33.0752	1259
33.1008	1203
33.1264	1230
33.152	1184
33.1776	1196
33.2032	1208
33.2288	1197
33.2544	1172
33.28	1184
33.3056	1182
33.3312	1193
33.3568	1186
33.3824	1187
33.408	1143
33.4336	1154
33.4592	1179
33.4848	1156
33.5104	1121
33.536	1144
33.5616	1215
33.5872	1132
33.6128	1122
33.6384	1182
33.664	1087
33.6896	1186
33.7152	1161
33.7408	1151
33.7664	1109
33.792	1061
33.8176	1110
33.8432	1101
33.8688	1055
33.8944	1105
33.92	1063
33.9456	1142
33.9712	1137
33.9968	1085
34.0224	1118
34.048	1133
34.0736	1099
34.0992	1078
34.1248	1103
34.1504	1084
34.176	1083
34.2016	1071
34.2272	1090
34.2528	1026
34.2784	1065
34.304	1082
34.3296	1049
34.3552	996
34.3808	1058
34.4064	1039
34.432	1050
34.4576	1016
34.4832	985
34.5088	1070
34.5344	1055
34.56	1042
34.5856	1043
34.6112	996
34.6368	1022
34.6624	991
34.688	1054
34.7136	968
34.7392	990
34.7648	1022
34.7904	1010
34.816	982
34.8416	962
34.8672	1038
34.8928	1019
34.9184	977
34.944	980
34.9696	991
34.9952	1012
35.0208	942
35.0464	1022
35.072	958
35.0976	1028
35.1232	919
35.1488	931
35.1744	963
35.2	937
35.2256	969
35.2512	973
35.2768	983
35.3024	992
35.328	945
35.3536	956
35.3792	921
35.4048	908
35.4304	888
35.456	922
35.4816	979
35.5072	928
35.5328	947
35.5584	959
35.584	922
35.6096	1004
35.6352	961
35.6608	952
35.6864	950
35.712	883
35.7376	916
35.7632	882
35.7888	960
35.8144	890
35.84	974
35.8656	908
35.8912	923
35.9168	910
35.9424	892
35.968	900
35.9936	913
36.0192	903
36.0448	890
36.0704	850
36.096	914
36.1216	900
36.1472	886
36.1728	850
36.1984	928
36.224	877
36.2496	908
36.2752	868
36.3008	897
36.3264	870
36.352	899
36.3776	888
36.4032	872
36.4288	869
36.4544	865
36.48	826
36.5056	873
36.5312	863
36.5568	828
36.5824	876
36.608	828
36.6336	850
36.6592	852
36.6848	841
36.7104	818
36.736	811
36.7616	810
36.7872	852
36.8128	808
36.8384	832
36.864	804
36.8896	823
36.9152	768
36.9408	840
36.9664	787
36.992	767
37.0176	845
37.0432	823
37.0688	828
37.0944	787
37.12	773
37.1456	853
37.1712	757
37.1968	786
37.2224	836
37.248	842
37.2736	811
37.2992	857
37.3248	748
37.3504	769
37.376	810
37.4016	798
37.4272	795
37.4528	770
37.4784	805
37.504	735
37.5296	730
37.5552	789
37.5808	757
37.6064	792
37.632	741
37.6576	778
37.6832	745
37.7088	780
37.7344	749
37.76	752
37.7856	789
37.8112	784
37.8368	778
37.8624	723
37.888	725
37.9136	767
37.9392	745
37.9648	741
37.9904	739
38.016	764
38.0416	732
38.0672	728
38.0928	700
38.1184	734
38.144	767
38.1696	727
38.1952	719
38.2208	734
38.2464	750
38.272	761
38.2976	709
38.3232	718
38.3488	722
38.3744	690
38.4	761
38.4256	720
38.4512	718
38.4768	718
38.5024	707
38.528	744
38.5536	708
38.5792	724
38.6048	707
38.6304	718
38.656	706
38.6816	686
38.7072	714
38.7328	719
38.7584	769
38.784	710
38.8096	687
38.8352	690
38.8608	687
38.8864	685
38.912	709
38.9376	695
38.9632	674
38.9888	676
39.0144	672
39.04	699
39.0656	689
39.0912	693
39.1168	696
39.1424	654
39.168	689
39.1936	700
39.2192	662
39.2448	681
39.2704	685
39.296	673
39.3216	641
39.3472	643
39.3728	653
39.3984	704
39.424	646
39.4496	648
39.4752	614
39.5008	628
39.5264	673
39.552	670
39.5776	639
39.6032	636
39.6288	678
39.6544	694
39.68	651
39.7056	643
39.7312	696
39.7568	625
39.7824	612
39.808	624
39.8336	601
39.8592	653
39.8848	685
39.9104	644
39.936	597
39.9616	616
39.9872	623
40.0128	634
40.0384	613
40.064	640
40.0896	647
40.1152	646
40.1408	641
40.1664	591
40.192	646
40.2176	626
40.2432	598
40.2688	594
40.2944	616
40.32	631
40.3456	576
40.3712	625
40.3968	610
40.4224	586
40.448	623
40.4736	599
40.4992	579
40.5248	585
40.5504	595
40.576	590
40.6016	624
40.6272	577
40.6528	597
40.6784	597
40.704	586
40.7296	636
40.7552	623
40.7808	580
40.8064	533
40.832	581
40.8576	589
40.8832	581
40.9088	626
40.9344	570
40.96	567
40.9856	564
41.0112	552
41.0368	531
41.0624	572
41.088	609
41.1136	547
41.1392	566
41.1648	606
41.1904	604
41.216	538
41.2416	562
41.2672	574
41.2928	531
41.3184	571
41.344	533
41.3696	533
41.3952	609
41.4208	600
41.4464	509
41.472	558
41.4976	547
41.5232	577
41.5488	532
41.5744	548
41.6	529
41.6256	530
41.6512	561
41.6768	554
41.7024	521
41.728	558
41.7536	543
41.7792	555
41.8048	514
41.8304	504
41.856	574
41.8816	537
41.9072	535
41.9328	549
41.9584	570
41.984	516
42.0096	518
42.0352	472
42.0608	544
42.0864	529
42.112	546
42.1376	555
42.1632	555
42.1888	506
42.2144	526
42.24	518
42.2656	510
42.2912	504
42.3168	510
42.3424	504
42.368	508
42.3936	536
42.4192	504
42.4448	534
42.4704	552
42.496	538
42.5216	574
42.5472	494
42.5728	544
42.5984	542
42.624	521
42.6496	524
42.6752	505
42.7008	476
42.7264	531
42.752	516
42.7776	519
42.8032	488
42.8288	498
42.8544	508
42.88	507
42.9056	509
42.9312	487
42.9568	501
42.9824	537
43.008	521
43.0336	504
43.0592	479
43.0848	502
43.1104	486
43.136	552
43.1616	507
43.1872	485
43.2128	505
43.2384	476
43.264	468
43.2896	430
43.3152	488
43.3408	484
43.3664	499
43.392	481
43.4176	524
43.4432	487
43.4688	484
43.4944	476
43.52	467
43.5456	470
43.5712	459
43.5968	458
43.6224	478
43.648	512
43.6736	473
43.6992	466
43.7248	467
43.7504	433
43.776	441
43.8016	464
43.8272	454
43.8528	464
43.8784	432
43.904	461
43.9296	424
43.9552	447
43.9808	479
44.0064	444
44.032	464
44.0576	457
44.0832	454
44.1088	453
44.1344	436
44.16	458
44.1856	434
44.2112	442
44.2368	459
44.2624	411
44.288	443
44.3136	463
44.3392	455
44.3648	411
44.3904	469
44.416	450
44.4416	464
44.4672	456
44.4928	451
44.5184	481
44.544	457
44.5696	430
44.5952	401
44.6208	450
44.6464	403
44.672	451
44.6976	414
44.7232	439
44.7488	439
44.7744	420
44.8	433
44.8256	435
44.8512	455
44.8768	438
44.9024	392
44.928	456
44.9536	431
44.9792	477
45.0048	410
45.0304	416
45.056	409
45.0816	436
45.1072	428
45.1328	424
45.1584	443
45.184	416
45.2096	432
45.2352	451
45.2608	431
45.2864	423
45.312	407
45.3376	440
45.3632	424
45.3888	420
45.4144	437
45.44	441
45.4656	411
45.4912	392
45.5168	368
45.5424	375
45.568	441
45.5936	421
45.6192	445
45.6448	379
45.6704	361
45.696	418
45.7216	390
45.7472	408
45.7728	413
45.7984	396
45.824	385
45.8496	412
45.8752	400
45.9008	420
45.9264	422
45.952	409
45.9776	393
46.0032	386
46.0288	399
46.0544	397
46.08	422
46.1056	390
46.1312	376
46.1568	401
46.1824	404
46.208	411
46.2336	382
46.2592	414
46.2848	393
46.3104	423
46.336	384
46.3616	378
46.3872	393
46.4128	333
46.4384	351
46.464	355
46.4896	423
46.5152	393
46.5408	381
46.5664	379
46.592	387
46.6176	407
46.6432	362
46.6688	365
46.6944	366
46.72	378
46.7456	381
46.7712	354
46.7968	381
46.8224	350
46.848	345
46.8736	386
46.8992	369
46.9248	376
46.9504	319
46.976	375
47.0016	378
47.0272	396
47.0528	323
47.0784	373
47.104	378
47.1296	386
47.1552	370
47.1808	359
47.2064	333
47.232	340
47.2576	365
47.2832	375
47.3088	366
47.3344	375
47.36	337
47.3856	339
47.4112	364
47.4368	341
47.4624	382
47.488	321
47.5136	369
47.5392	364
47.5648	375
47.5904	316
47.616	352
47.6416	339
47.6672	344
47.6928	336
47.7184	366
47.744	323
47.7696	387
47.7952	352
47.8208	373
47.8464	397
47.872	359
47.8976	372
47.9232	350
47.9488	313
47.9744	307
48	330
48.0256	327
48.0512	328
48.0768	325
48.1024	305
48.128	337
48.1536	300
48.1792	322
48.2048	354
48.2304	327
48.256	310
48.2816	337
48.3072	311
48.3328	322
48.3584	294
48.384	350
48.4096	324
48.4352	351
48.4608	314
48.4864	326
48.512	313
48.5376	292
48.5632	330
48.5888	317
48.6144	297
48.64	307
48.6656	302
48.6912	309
48.7168	333
48.7424	312
48.768	309
48.7936	333
48.8192	332
48.8448	314
48.8704	332
48.896	295
48.9216	298
48.9472	314
48.9728	309
48.9984	299
49.024	269
49.0496	301
49.0752	291
49.1008	297
49.1264	305
49.152	297
49.1776	316
49.2032	313
49.2288	288
49.2544	299
49.28	310
49.3056	332
49.3312	303
49.3568	366
49.3824	273
49.408	309
49.4336	301
49.4592	286
49.4848	312
49.5104	272
49.536	312
49.5616	322
49.5872	301
49.6128	324
49.6384	306
49.664	293
49.6896	292
49.7152	308
49.7408	289
49.7664	288
49.792	305
49.8176	283
49.8432	309
49.8688	303
49.8944	301
49.92	285
49.9456	290
49.9712	289
49.9968	276
50.0224	289
50.048	294
50.0736	311
50.0992	319
50.1248	265
50.1504	311
50.176	285
50.2016	276
50.2272	283
50.2528	270
50.2784	294
50.304	305
50.3296	268
50.3552	263
50.3808	290
50.4064	276
50.432	257
50.4576	262
50.4832	284
50.5088	282
50.5344	282
50.56	301
50.5856	294
50.6112	268
50.6368	259
50.6624	280
50.688	293
50.7136	235
50.7392	286
50.7648	251
50.7904	264
50.816	272
50.8416	264
50.8672	267
50.8928	244
50.9184	271
50.944	277
50.9696	258
50.9952	270
51.0208	264
51.0464	259
51.072	268
51.0976	235
51.1232	253
51.1488	223
51.1744	271
51.2	247
51.2256	232
51.2512	288
51.2768	278
51.3024	247
51.328	270
51.3536	273
51.3792	230
51.4048	297
51.4304	256
51.456	283
51.4816	238
51.5072	236
51.5328	278
51.5584	245
51.584	237
51.6096	248
51.6352	234
51.6608	250
51.6864	261
51.712	238
51.7376	218
51.7632	243
51.7888	212
51.8144	247
51.84	242
51.8656	252
51.8912	251
51.9168	226
51.9424	238
51.968	245
51.9936	226
52.0192	221
52.0448	227
52.0704	235
52.096	245
52.1216	280
52.1472	289
52.1728	246
52.1984	240
52.224	252
52.2496	220
52.2752	232
52.3008	235
52.3264	253
52.352	212
52.3776	226
52.4032	219
52.4288	256
52.4544	249
52.48	224
52.5056	258
52.5312	231
52.5568	244
52.5824	222
52.608	189
52.6336	246
52.6592	239
52.6848	217
52.7104	229
52.736	247
52.7616	239
52.7872	220
52.8128	219
52.8384	185
52.864	203
52.8896	207
52.9152	243
52.9408	211
52.9664	222
52.992	223
53.0176	235
53.0432	240
53.0688	213
53.0944	254
53.12	260
53.1456	240
53.1712	188
53.1968	206
53.2224	204
53.248	201
53.2736	191
53.2992	229
53.3248	233
53.3504	219
53.376	225
53.4016	209
53.4272	203
53.4528	206
53.4784	217
53.504	224
53.5296	236
53.5552	220
53.5808	205
53.6064	226
53.632	191
53.6576	197
53.6832	221
53.7088	185
53.7344	200
53.76	229
53.7856	214
53.8112	237
53.8368	214
53.8624	198
53.888	206
53.9136	210
53.9392	250
53.9648	212
53.9904	216
54.016	209
54.0416	212
54.0672	239
54.0928	184
54.1184	199
54.144	192
54.1696	201
54.1952	207
54.2208	229
54.2464	220
54.272	208
54.2976	215
54.3232	236
54.3488	210
54.3744	203
54.4	210
54.4256	171
54.4512	178
54.4768	178
54.5024	193
54.528	189
54.5536	199
54.5792	207
54.6048	187
54.6304	203
54.656	195
54.6816	193
54.7072	199
54.7328	169
54.7584	185
54.784	160
54.8096	186
54.8352	185
54.8608	194
54.8864	179
54.912	157
54.9376	201
54.9632	166
54.9888	165
55.0144	187
55.04	186
55.0656	206
55.0912	206
55.1168	166
55.1424	174
55.168	189
55.1936	177
55.2192	168
55.2448	193
55.2704	188
55.296	167
55.3216	177
55.3472	167
55.3728	161
55.3984	198
55.424	193
55.4496	216
55.4752	162
55.5008	192
55.5264	198
55.552	163
55.5776	175
55.6032	175
55.6288	143
55.6544	152
55.68	163
55.7056	187
55.7312	147
55.7568	187
55.7824	171
55.808	165
55.8336	138
55.8592	178
55.8848	175
55.9104	171
55.936	174
55.9616	153
55.9872	153
56.0128	159
56.0384	169
56.064	152
56.0896	173
56.1152	161
56.1408	172
56.1664	189
56.192	155
56.2176	214
56.2432	154
56.2688	189
56.2944	156
56.32	180
56.3456	143
56.3712	142
56.3968	166
56.4224	174
56.448	132
56.4736	150
56.4992	182
56.5248	166
56.5504	149
56.576	181
56.6016	168
56.6272	183
56.6528	146
56.6784	163
56.704	162
56.7296	170
56.7552	181
56.7808	149
56.8064	167
56.832	157
56.8576	171
56.8832	186
56.9088	140
56.9344	167
56.96	137
56.9856	149
57.0112	175
57.0368	158
57.0624	139
57.088	153
57.1136	162
57.1392	158
57.1648	168
57.1904	166
57.216	129
57.2416	148
57.2672	158
57.2928	163
57.3184	157
57.344	157
57.3696	162
57.3952	154
57.4208	150
57.4464	169
57.472	124
57.4976	146
57.5232	146
57.5488	148
57.5744	137
57.6	139
57.6256	96
57.6512	145
57.6768	166
57.7024	154
57.728	159
57.7536	155
57.7792	151
57.8048	147
57.8304	162
57.856	122
57.8816	120
57.9072	148
57.9328	138
57.9584	147
57.984	120
58.0096	147
58.0352	147
58.0608	138
58.0864	134
58.112	152
58.1376	129
58.1632	151
58.1888	119
58.2144	144
58.24	118
58.2656	161
58.2912	141
58.3168	117
58.3424	133
58.368	152
58.3936	130
58.4192	126
58.4448	159
58.4704	138
58.496	147
58.5216	131
58.5472	121
58.5728	135
58.5984	141
58.624	147
58.6496	131
58.6752	142
58.7008	147
58.7264	138
58.752	141
58.7776	148
58.8032	148
58.8288	147
58.8544	147
58.88	145
58.9056	141
58.9312	135
58.9568	112
58.9824	138
59.008	131
59.0336	130
59.0592	131
59.0848	119
59.1104	140
59.136	106
59.1616	96
59.1872	113
59.2128	151
59.2384	111
59.264	142
59.2896	129
59.3152	130
59.3408	110
59.3664	136
59.392	148
59.4176	122
59.4432	131
59.4688	119
59.4944	116
59.52	140
59.5456	107
59.5712	132
59.5968	136
59.6224	125
59.648	105
59.6736	124
59.6992	126
59.7248	129
59.7504	138
59.776	133
59.8016	105
59.8272	106
59.8528	138
59.8784	100
59.904	121
59.9296	95
59.9552	107
59.9808	128
60.0064	104
60.032	130
60.0576	119
60.0832	107
60.1088	103
60.1344	100
60.16	137
60.1856	102
60.2112	131
60.2368	128
60.2624	120
60.288	143
60.3136	96
60.3392	138
60.3648	108
60.3904	113
60.416	124
60.4416	135
60.4672	116
60.4928	100
60.5184	123
60.544	148
60.5696	112
60.5952	122
60.6208	127
60.6464	103
60.672	124
60.6976	119
60.7232	118
60.7488	116
60.7744	121
60.8	110
60.8256	101
60.8512	114
60.8768	110
60.9024	115
60.928	116
60.9536	117
60.9792	100
61.0048	131
61.0304	142
61.056	111
61.0816	108
61.1072	115
61.1328	113
61.1584	123
61.184	114
61.2096	128
61.2352	97
61.2608	132
61.2864	120
61.312	104
61.3376	104
61.3632	117
61.3888	114
61.4144	111
61.44	105
61.4656	107
61.4912	106
61.5168	133
61.5424	126
61.568	103
61.5936	105
61.6192	121
61.6448	96
61.6704	106
61.696	105
61.7216	110
61.7472	97
61.7728	101
61.7984	100
61.824	114
61.8496	119
61.8752	90
61.9008	84
61.9264	107
61.952	109
61.9776	98
62.0032	113
62.0288	109
62.0544	75
62.08	86
62.1056	107
62.1312	95
62.1568	84
62.1824	87
62.208	117
62.2336	83
62.2592	87
62.2848	101
62.3104	105
62.336	98
62.3616	78
62.3872	90
62.4128	84
62.4384	107
62.464	78
62.4896	101
62.5152	95
62.5408	94
62.5664	124
62.592	119
62.6176	90
62.6432	89
62.6688	73
62.6944	99
62.72	91
62.7456	88
62.7712	80
62.7968	84
62.8224	98
62.848	103
62.8736	58
62.8992	100
62.9248	109
62.9504	119
62.976	91
63.0016	99
63.0272	90
63.0528	74
63.0784	93
63.104	95
63.1296	87
63.1552	109
63.1808	94
63.2064	78
63.232	93
63.2576	94
63.2832	80
63.3088	76
63.3344	103
63.36	81
63.3856	87
63.4112	99
63.4368	91
63.4624	73
63.488	95
63.5136	78
63.5392	73
63.5648	81
63.5904	76
63.616	90
63.6416	88
63.6672	79
63.6928	84
63.7184	90
63.744	99
63.7696	85
63.7952	91
63.8208	89
63.8464	76
63.872	82
63.8976	84
63.9232	63
63.9488	86
63.9744	86
64	84
64.0256	91
64.0512	66
64.0768	86
64.1024	106
64.128	84
64.1536	92
64.1792	83
64.2048	75
64.2304	87
64.256	78
64.2816	80
64.3072	79
64.3328	82
64.3584	95
64.384	87
64.4096	91
64.4352	78
64.4608	88
64.4864	76
64.512	90
64.5376	71
64.5632	65
64.5888	78
64.6144	71
64.64	96
64.6656	73
64.6912	69
64.7168	90
64.7424	79
64.768	70
64.7936	68
64.8192	89
64.8448	95
64.8704	66
64.896	41
64.9216	95
64.9472	77
64.9728	75
64.9984	72
65.024	55
65.0496	103
65.0752	60
65.1008	78
65.1264	77
65.152	86
65.1776	70
65.2032	65
65.2288	74
65.2544	87
65.28	75
65.3056	93
65.3312	95
65.3568	82
65.3824	74
65.408	77
65.4336	55
65.4592	82
65.4848	69
65.5104	88
65.536	72
65.5616	55
65.5872	74
65.6128	69
65.6384	78
65.664	80
65.6896	55
65.7152	76
65.7408	78
65.7664	70
65.792	90
65.8176	71
65.8432	91
65.8688	77
65.8944	70
65.92	57
65.9456	68
65.9712	57
65.9968	81
66.0224	65
66.048	73
66.0736	59
66.0992	79
66.1248	59
66.1504	68
66.176	72
66.2016	58
66.2272	69
66.2528	70
66.2784	65
66.304	73
66.3296	49
66.3552	72
66.3808	61
66.4064	61
66.432	60
66.4576	72
66.4832	61
66.5088	78
66.5344	68
66.56	71
66.5856	99
66.6112	70
66.6368	63
66.6624	53
66.688	56
66.7136	70
66.7392	57
66.7648	90
66.7904	58
66.816	62
66.8416	70
66.8672	56
66.8928	56
66.9184	70
66.944	70
66.9696	55
66.9952	69
67.0208	73
67.0464	46
67.072	48
67.0976	52
67.1232	62
67.1488	86
67.1744	74
67.2	42
67.2256	55
67.2512	83
67.2768	51
67.3024	67
67.328	65
67.3536	79
67.3792	54
67.4048	68
67.4304	73
67.456	73
67.4816	65
67.5072	81
67.5328	57
67.5584	40
67.584	66
67.6096	57
67.6352	77
67.6608	62
67.6864	54
67.712	72
67.7376	51
67.7632	55
67.7888	63
67.8144	69
67.84	50
67.8656	44
67.8912	47
67.9168	41
67.9424	61
67.968	64
67.9936	59
68.0192	58
68.0448	51
68.0704	39
68.096	38
68.1216	67
68.1472	59
68.1728	62
68.1984	58
68.224	51
68.2496	50
68.2752	72
68.3008	62
68.3264	72
68.352	56
68.3776	35
68.4032	56
68.4288	59
68.4544	54
68.48	71
68.5056	41
68.5312	36
68.5568	62
68.5824	72
68.608	66
68.6336	55
68.6592	40
68.6848	46
68.7104	54
68.736	45
68.7616	59
68.7872	62
68.8128	52
68.8384	56
68.864	50
68.8896	55
68.9152	53
68.9408	70
68.9664	45
68.992	48
69.0176	55
69.0432	48
69.0688	59
69.0944	64
69.12	67
69.1456	47
69.1712	43
69.1968	72
69.2224	64
69.248	61
69.2736	39
69.2992	47
69.3248	55
69.3504	39
69.376	60
69.4016	39
69.4272	35
69.4528	47
69.4784	57
69.504	42
69.5296	39
69.5552	34
69.5808	55
69.6064	33
69.632	43
69.6576	51
69.6832	49
69.7088	45
69.7344	45
69.76	48
69.7856	63
69.8112	34
69.8368	47
69.8624	53
69.888	61
69.9136	37
69.9392	51
69.9648	50
69.9904	59
70.016	24
70.0416	62
70.0672	45
70.0928	45
70.1184	23
70.144	29
70.1696	48
70.1952	51
70.2208	46
70.2464	52
70.272	29
70.2976	58
70.3232	58
70.3488	37
70.3744	39
70.4	42
70.4256	20
70.4512	35
70.4768	49
70.5024	36
70.528	33
70.5536	22
70.5792	43
70.6048	54
70.6304	33
70.656	47
70.6816	35
70.7072	31
70.7328	31
70.7584	39
70.784	57
70.8096	34
70.8352	51
70.8608	30
70.8864	33
70.912	33
70.9376	47
70.9632	20
70.9888	36
71.0144	47
71.04	35
71.0656	42
71.0912	30
71.1168	24
71.1424	46
71.168	29
71.1936	35
71.2192	42
71.2448	43
71.2704	12
71.296	58
71.3216	47
71.3472	46
71.3728	36
71.3984	25
71.424	14
71.4496	50
71.4752	30
71.5008	37
71.5264	29
71.552	35
71.5776	30
71.6032	44
71.6288	52
71.6544	37
71.68	44
71.7056	41
71.7312	55
71.7568	29
71.7824	36
71.808	54
71.8336	37
71.8592	36
71.8848	57
71.9104	54
71.936	45
71.9616	37
71.9872	57
72.0128	25
72.0384	29
72.064	39
72.0896	43
72.1152	29
72.1408	28
72.1664	13
72.192	35
72.2176	46
72.2432	20
72.2688	23
72.2944	45
72.32	30
72.3456	37
72.3712	49
72.3968	24
72.4224	45
72.448	40
72.4736	27
72.4992	20
72.5248	26
72.5504	16
72.576	19
72.6016	16
72.6272	45
72.6528	33
72.6784	36
72.704	30
72.7296	49
72.7552	28
72.7808	30
72.8064	33
72.832	33
72.8576	35
72.8832	57
72.9088	21
72.9344	34
72.96	29
72.9856	32
73.0112	42
73.0368	39
73.0624	36
73.088	33
73.1136	53
73.1392	30
73.1648	7
73.1904	29
73.216	34
73.2416	20
73.2672	30
73.2928	19
73.3184	31
73.344	40
73.3696	27
73.3952	30
73.4208	17
73.4464	21
73.472	21
73.4976	41
73.5232	41
73.5488	30
73.5744	51
73.6	18
73.6256	19
73.6512	20
73.6768	30
73.7024	32
73.728	24
73.7536	24
73.7792	22
73.8048	25
73.8304	37
73.856	19
73.8816	23
73.9072	20
73.9328	45
73.9584	45
73.984	29
74.0096	14
74.0352	26
74.0608	19
74.0864	8
74.112	28
74.1376	23
74.1632	38
74.1888	22
74.2144	35
74.24	30
74.2656	32
74.2912	17
74.3168	36
74.3424	17
74.368	10
74.3936	27
74.4192	12
74.4448	20
74.4704	24
74.496	29
74.5216	36
74.5472	33
74.5728	13
74.5984	40
74.624	18
74.6496	16
74.6752	20
74.7008	21
74.7264	34
74.752	17
74.7776	25
74.8032	12
74.8288	26
74.8544	26
74.88	28
74.9056	22
74.9312	16
74.9568	20
74.9824	16
75.008	25
75.0336	29
75.0592	26
75.0848	8
75.1104	23
75.136	17
75.1616	11
75.1872	28
75.2128	40
75.2384	23
75.264	35
75.2896	13
75.3152	30
75.3408	24
75.3664	36
75.392	27
75.4176	37
75.4432	29
75.4688	26
75.4944	21
75.52	21
75.5456	20
75.5712	16
75.5968	1
75.6224	25
75.648	32
75.6736	4
75.6992	20
75.7248	20
75.7504	16
75.776	11
75.8016	24
75.8272	8
75.8528	37
75.8784	27
75.904	22
75.9296	21
75.9552	20
75.9808	30
76.0064	20
76.032	21
76.0576	21
76.0832	22
76.1088	33
76.1344	1
76.16	14
76.1856	0
76.2112	16
76.2368	19
76.2624	33
76.288	29
76.3136	13
76.3392	22
76.3648	20
76.3904	25
76.416	26
76.4416	17
76.4672	22
76.4928	21
76.5184	12
76.544	28
76.5696	16
76.5952	6
76.6208	15
76.6464	20
76.672	18
76.6976	20
76.7232	17
76.7488	8
76.7744	18
76.8	30
76.8256	9
76.8512	13
76.8768	8
76.9024	17
76.928	32
76.9536	21
76.9792	17
77.0048	11
77.0304	10
77.056	9
77.0816	25
77.1072	27
77.1328	12
77.1584	25
77.184	34
77.2096	25
77.2352	14
77.2608	32
77.2864	17
77.312	6
77.3376	4
77.3632	0
77.3888	23
77.4144	10
77.44	33
77.4656	14
77.4912	15
77.5168	18
77.5424	22
77.568	10
77.5936	7
77.6192	13
77.6448	16
77.6704	11
77.696	12
77.7216	20
77.7472	30
77.7728	11
77.7984	19
77.824	18
77.8496	19
77.8752	14
77.9008	13
77.9264	22
77.952	9
77.9776	17
78.0032	19
78.0288	15
78.0544	11
78.08	16
78.1056	19
78.1312	25
78.1568	18
78.1824	21
78.208	24
78.2336	0
78.2592	9
78.2848	26
78.3104	13
78.336	22
78.3616	13
78.3872	4
78.4128	33
78.4384	9
78.464	23
78.4896	32
78.5152	16
78.5408	0
78.5664	26
78.592	22
78.6176	2
78.6432	12
78.6688	7
78.6944	10
78.72	20
78.7456	7
78.7712	11
78.7968	14
78.8224	24
78.848	15
78.8736	21
78.8992	12
78.9248	9
78.9504	1
78.976	7
79.0016	9
79.0272	11
79.0528	7
79.0784	24
79.104	9
79.1296	23
79.1552	20
79.1808	21
79.2064	2
79.232	12
79.2576	12
79.2832	19
79.3088	9
79.3344	9
79.36	23
79.3856	6
79.4112	0
79.4368	19
79.4624	21
79.488	25
79.5136	0
79.5392	20
79.5648	20
79.5904	13
79.616	17
79.6416	12
79.6672	2
79.6928	15
79.7184	2
79.744	10
79.7696	17
79.7952	6
79.8208	4
79.8464	0
79.872	9
79.8976	11
79.9232	5
79.9488	1
79.9744	6
80	1
80.0256	7
80.0512	8
80.0768	0
80.1024	11
80.128	20
80.1536	17
80.1792	1
80.2048	16
80.2304	23
80.256	3
80.2816	9
80.3072	2
80.3328	7
80.3584	6
80.384	6
80.4096	4
80.4352	9
80.4608	18
80.4864	14
80.512	2
80.5376	19
80.5632	22
80.5888	20
80.6144	8
80.64	11
80.6656	24
80.6912	0
80.7168	0
80.7424	18
80.768	23
80.7936	0
80.8192	15
80.8448	9
80.8704	15
80.896	15
80.9216	11
80.9472	0
80.9728	4
80.9984	6
81.024	0
81.0496	22
81.0752	9
81.1008	0
81.1264	5
81.152	3
81.1776	4
81.2032	3
81.2288	4
81.2544	5
81.28	0
81.3056	0
81.3312	21
81.3568	4
81.3824	5
81.408	18
81.4336	8
81.4592	22
81.4848	24
81.5104	20
81.536	1
81.5616	2
81.5872	1
81.6128	20
81.6384	28
81.664	10
81.6896	9
81.7152	5
81.7408	13
81.7664	15
81.792	2
81.8176	0
81.8432	6
81.8688	0
81.8944	1
81.92	24
81.9456	14
81.9712	0
81.9968	8
82.0224	14
82.048	4
82.0736	15
82.0992	4
82.1248	9
82.1504	13
82.176	6
82.2016	17
82.2272	8
82.2528	0
82.2784	10
82.304	1
82.3296	31
82.3552	8
82.3808	21
82.4064	2
82.432	0
82.4576	15
82.4832	4
82.5088	0
82.5344	0
82.56	0
82.5856	20
82.6112	0
82.6368	11
82.6624	1
82.688	10
82.7136	0
82.7392	1
82.7648	11
82.7904	21
82.816	13
82.8416	15
82.8672	15
82.8928	0
82.9184	7
82.944	0
82.9696	0
82.9952	3
83.0208	0
83.0464	0
83.072	13
83.0976	8
83.1232	18
83.1488	2
83.1744	0
83.2	0
83.2256	16
83.2512	0
83.2768	0
83.3024	0
83.328	16
83.3536	6
83.3792	22
83.4048	0
83.4304	0
83.456	0
83.4816	2
83.5072	11
83.5328	7
83.5584	11
83.584	3
83.6096	0
83.6352	7
83.6608	3
83.6864	0
83.712	12
83.7376	0
83.7632	0
83.7888	4
83.8144	0
83.84	9
83.8656	0
83.8912	1
83.9168	0
83.9424	0
83.968	3
83.9936	14
84.0192	5
84.0448	0
84.0704	0
84.096	14
84.1216	0
84.1472	0
84.1728	0
84.1984	14
84.224	1
84.2496	0
84.2752	0
84.3008	10
84.3264	6
84.352	0
84.3776	3
84.4032	4
84.4288	0
84.4544	0
84.48	2
84.5056	0
84.5312	0
84.5568	0
84.5824	0
84.608	0
84.6336	0
84.6592	0
84.6848	0
84.7104	0
84.736	18
84.7616	0
84.7872	0
84.8128	1
84.8384	0
84.864	0
84.8896	0
84.9152	0
84.9408	0
84.9664	0
84.992	13
85.0176	0
85.0432	0
85.0688	0
85.0944	0
85.12	0
85.1456	0
85.1712	0
85.1968	8
85.2224	4
85.248	5
85.2736	1
85.2992	0
85.3248	0
85.3504	0
85.376	0
85.4016	0
85.4272	0
85.4528	9
85.4784	0
85.504	4
85.5296	0
85.5552	0
85.5808	3
85.6064	0
85.632	0
85.6576	5
85.6832	0
85.7088	0
85.7344	0
85.76	0
85.7856	0
85.8112	0
85.8368	9
85.8624	3
85.888	0
85.9136	0
85.9392	0
85.9648	0
85.9904	5
86.016	0
86.0416	0
86.0672	3
86.0928	0
86.1184	9
86.144	0
86.1696	2
86.1952	0
86.2208	0
86.2464	0
86.272	1
86.2976	2
86.3232	0
86.3488	0
86.3744	0
86.4	0
86.4256	8
86.4512	0
86.4768	0
86.5024	0
86.528	0
86.5536	6
86.5792	5
86.6048	6
86.6304	0
86.656	10
86.6816	0
86.7072	0
86.7328	0
86.7584	8
86.784	0
86.8096	0
86.8352	0
86.8608	0
86.8864	4
86.912	5
86.9376	0
86.9632	0
86.9888	15
87.0144	0
87.04	0
87.0656	0
87.0912	0
87.1168	0
87.1424	0
87.168	0
87.1936	9
87.2192	0
87.2448	0
87.2704	0
87.296	0
87.3216	4
87.3472	0
87.3728	0
87.3984	0
87.424	0
87.4496	5
87.4752	0
87.5008	0
87.5264	0
87.552	3
87.5776	0
87.6032	0
87.6288	0
87.6544	0
87.68	0
87.7056	0
87.7312	7
87.7568	0
87.7824	0
87.808	0
87.8336	0
87.8592	0
87.8848	12
87.9104	1
87.936	0
87.9616	0
87.9872	0
88.0128	0
88.0384	0
88.064	0
88.0896	0
88.1152	0
88.1408	0
88.1664	0
88.192	0
88.2176	0
88.2432	0
88.2688	0
88.2944	0
88.32	0
88.3456	0
88.3712	0
88.3968	0
88.4224	0
88.448	0
88.4736	0
88.4992	0
88.5248	0
88.5504	0
88.576	0
88.6016	0
88.6272	0
88.6528	0
88.6784	0
88.704	1
88.7296	0
88.7552	0
88.7808	0
88.8064	0
88.832	0
88.8576	0
88.8832	0
88.9088	0
88.9344	0
88.96	8
88.9856	0
89.0112	0
89.0368	0
89.0624	0
89.088	0
89.1136	0
89.1392	1
89.1648	0
89.1904	0
89.216	0
89.2416	0
89.2672	0
89.2928	0
89.3184	0
89.344	0
89.3696	0
89.3952	2
89.4208	0
89.4464	0
89.472	0
89.4976	0
89.5232	0
89.5488	0
89.5744	0
89.6	4
89.6256	0
89.6512	0
89.6768	0
89.7024	0
89.728	0
89.7536	0
89.7792	0
89.8048	0
89.8304	0
89.856	0
89.8816	0
89.9072	0
89.9328	0
89.9584	0
89.984	0
90.0096	2
90.0352	0
90.0608	2
90.0864	0
90.112	0
90.1376	0
90.1632	0
90.1888	5
90.2144	0
90.24	1
90.2656	0
90.2912	0
90.3168	0
90.3424	0
90.368	0
90.3936	0
90.4192	0
90.4448	0
90.4704	0
90.496	0
280.7276 0.108481
280.7981 0.08875
280.8686 0.0690242
280.939 0.0493198
281.0095 0.0295887
281.08 0.00985756
281.1504 0.00742248
281.2209 0.0052325
281.2914 0.00304785
281.3618 0.000863202
281.4323 0.00532841
281.5027 0.00532841
281.5732 0.00532841
281.6437 0.00532841
281.7141 0.00532841
281.7846 0.00532841
281.8551 0.00532841
281.9255 0.00532841
281.996 0.00532841
282.0665 0.00532841
282.1369 0.026722
282.2074 0.0566996
282.2779 0.0817165
282.3483 0.0796278
282.4188 0.0775337
282.4893 0.075445
282.5597 0.0733562
282.6302 0.0712622
282.7007 0.0615964
282.7711 0.0457444
282.8416 0.0298551
282.912 0.0140031
282.9825 0.00532841
283.053 0.00532841
283.1234 0.00532841
283.1939 0.00532841
283.2644 0.00532841
283.3348 0.00532841
283.4053 0.00532841
283.4758 0.00532841
283.5462 0.00766225
283.6167 0.0235409
283.6872 0.0394249
283.7576 0.0552823
283.8281 0.0711662
283.8986 0.0673191
283.969 0.0557352
284.0395 0.0441352
284.11 0.0325299
284.1804 0.020946
284.2509 0.0117864
284.3214 0.022033
284.3918 0.0322635
284.4623 0.0425101
284.5327 0.0527406
284.6032 0.0629871
284.6737 0.078626
284.7441 0.0998065
284.8146 0.121014
284.8851 0.142221
284.9555 0.163401
285.026 0.184608
285.0965 0.248053
285.1669 0.316817
285.2374 0.385665
285.3079 0.454519
285.3783 0.523282
285.4488 0.604204
285.5193 0.716032
285.5897 0.827715
285.6602 0.939543
285.7307 1.05142
285.8011 1.16305
285.8716 1.37828
285.942 1.646
286.0125 1.91429
286.083 2.18247
286.1534 2.4503
286.2239 2.79977
286.2944 4.53494
286.3648 6.26786
286.4353 8.00303
286.5058 9.7382
286.5762 11.4711
286.6467 20.4018
286.7172 38.1347
286.7876 55.8447
286.8581 73.5776
286.9286 91.3104
286.999 109.02
287.0695 144.047
287.14 182.636
287.2104 221.142
287.2809 259.731
287.3513 298.236
287.4218 322.386
287.4923 296.567
287.5627 270.781
287.6332 244.962
287.7037 219.143
287.7741 193.358
287.8446 166.607
287.9151 139.283
287.9855 111.993
288.056 84.6689
288.1265 57.3443
288.1969 30.0552
288.2674 25.6143
288.3379 21.2032
288.4083 16.7979
288.4788 12.3868
288.5493 7.97568
288.6197 5.0884
288.6902 4.54368
288.7607 3.99872
288.8311 3.45494
288.9016 2.90997
288.972 2.36619
289.0425 2.13836
289.113 1.99635
289.1834 1.85454
289.2539 1.71254
289.3244 1.57053
289.3948 1.44007
289.4653 1.3658
289.5358 1.29153
289.6062 1.21737
289.6767 1.1431
289.7472 1.06883
289.8176 1.00021
289.8881 0.935829
289.9586 0.871446
290.029 0.807148
290.0995 0.74277
290.17 0.67836
290.2404 0.647338
290.3109 0.617728
290.3813 0.588187
290.4518 0.558577
290.5223 0.528983
290.5927 0.490443
290.6632 0.434143
290.7337 0.377848
290.8041 0.321623
290.8746 0.265323
290.9451 0.209023
291.0155 0.160374
291.086 0.114449
291.1565 0.068518
291.2269 0.0226511
291.2974 0
291.3679 0
291.4383 0
291.5088 0.052261
291.5793 0.106733
291.6497 0.161083
291.7202 0.215556
291.7906 0.506583
291.8611 1.03014
291.9316 1.55347
292.002 2.07611
292.0725 2.59944
292.143 3.12277
292.2134 3.64555
292.2839 4.16903
292.3544 4.69251
292.4248 5.21531
292.4953 5.73879
292.5658 6.21331
292.6362 6.57027
292.7067 6.92769
292.7772 7.28511
292.8476 7.64206
292.9181 7.99948
292.9886 9.46279
293.059 11.4562
293.1295 13.4522
293.2 15.4491
293.2704 17.4417
293.3409 19.2775
293.4113 18.9633
293.4818 18.6484
293.5523 18.3336
293.6227 18.0193
293.6932 17.7045
293.7637 16.6621
293.8341 14.7817
293.9046 12.899
293.9751 11.0162
294.0455 9.13588
294.116 7.25312
294.1865 7.0697
294.2569 7.20086
294.3274 7.33219
294.3979 7.46352
294.4683 7.59468
294.5388 7.88748
294.6093 8.6973
294.6797 9.50538
294.7502 10.3152
294.8206 11.1233
294.8911 11.9331
294.9616 12.1171
295.032 11.9385
295.323 11.2031
295.514 10.7679
295.705 10.3328
295.896 10.3553
296.087 10.3852
296.278 10.2373
296.469 10.0732
296.66 10.0091
296.851 9.9628
297.042 9.96456
297.233 9.98028
297.424 10.0375
297.615 10.112
297.806 10.251
297.997 10.4266
298.188 10.7187
298.379 11.1006
298.57 11.557
298.761 12.0888
298.952 12.6383
299.143 13.2115
299.334 13.7678
299.525 14.2936
299.716 14.8395
299.908 15.4383
300.098 16.1639
300.29 17.3707
300.48 18.4962
300.672 19.2317
300.863 19.8455
301.054 19.1706
301.245 18.492
301.436 17.5943
301.627 16.6965
301.818 16.3625
302.009 16.0628
302.2 16.4577
302.391 16.9524
302.582 17.3354
302.773 17.6916
302.964 18.0781
303.155 18.4757
303.346 18.8054
303.537 19.1009
303.728 19.2049
303.919 19.1795
304.11 19.2615
304.301 19.4413
304.492 19.4651
304.683 19.3022
304.874 19.1918
305.256 19.0652
305.447 18.8111
305.638 18.5511
305.829 18.2728
306.02 18.0162
306.211 17.8591
306.402 17.6985
306.593 17.5068
306.784 17.3134
306.975 17.0756
307.166 16.8378
307.357 16.5602
307.548 16.2814
307.739 16.0888
307.93 15.9065
308.121 15.6488
308.312 15.3754
308.503 15.1793
308.694 15.0076
308.885 14.8289
309.076 14.647
309.267 14.5724
309.458 14.5641
309.649 14.4932
309.84 14.3708
310.031 14.1617
310.222 13.8571
310.413 13.5878
310.604 13.3696
310.795 13.1784
310.986 13.0395
311.177 12.8836
311.368 12.6821
311.559 12.5178
311.75 12.5031
311.941 12.4825
312.132 12.4227
312.323 12.3615
312.514 12.279
312.705 12.1965
312.896 12.0585
313.087 11.9199
313.278 11.8385
313.469 11.7619
313.66 11.584
313.851 11.3887
314.042 11.3444
314.233 11.3426
314.424 11.2503
314.615 11.1215
314.806 11.0885
314.997 11.1086
315.188 11.0376
315.379 10.8982
315.57 10.7432
315.761 10.5726
315.952 10.4959
316.143 10.5414
316.334 10.5432
316.525 10.4677
316.716 10.3887
316.907 10.3011
317.098 10.2316
317.289 10.2247
317.48 10.206
317.671 10.1218
317.862 10.0296
318.053 9.85022
318.244 9.67375
318.435 9.67606
318.626 9.67838
318.817 9.65253
319.008 9.62496
319.199 9.53319
319.39 9.43218
319.581 9.29949
319.772 9.15915
319.963 9.06729
320.155 8.9927
320.345 8.99067
320.537 9.0246
320.728 8.95866
320.919 8.82681
321.11 8.75174
321.301 8.72726
321.492 8.67501
321.683 8.59024
321.874 8.5095
322.065 8.43497
322.256 8.34778
322.447 8.23365
322.638 8.15123
322.829 8.16334
323.02 8.16296
323.211 8.10694
323.402 8.05535
323.593 8.03963
323.784 8.02464
323.975 8.02645
324.166 8.02825
324.357 7.88314
324.548 7.73407
324.739 7.67191
324.93 7.61936
325.121 7.66353
325.312 7.72718
325.503 7.68284
325.694 7.60522
325.885 7.54331
326.076 7.48845
326.267 7.43677
326.458 7.38704
326.649 7.34647
326.84 7.31323
327.031 7.23585
327.222 7.112
327.413 7.03434
327.604 7.02223
327.795 7.01591
327.986 7.02054
330 6.46661
340 4.55938
350 3.21466
360 2.26655
370 1.59807
380 1.12674
390 0.794427
400 0.560123
410 0.394924
420 0.278447
430 0.196323
440 0.138421
450 0.0975958
460 0.0688115
470 0.0485166
480 0.0342074
490 0.0241185
500 0.0170051
510 0.0119897
520 0.00845353
527.498 0.248106
527.552 0.166415
527.605 0.0466539
527.659 0.0466539
527.712 0.477923
527.766 0.0466539
527.819 0.0466539
527.873 0.0466539
527.926 0.0466539
527.98 0.401037
528.033 0.0466539
528.087 0.0466539
528.14 0.473537
528.194 0.018335
528.247 0.0466539
528.301 0.0466539
528.354 0.0466539
528.408 0.192354
528.462 0.52495
528.515 1.63237
528.569 0.85526
528.622 1.16182
528.676 1.49768
528.729 1.51551
528.783 0.863051
528.836 0.535774
528.89 1.04593
528.943 1.29992
528.997 1.51877
529.05 1.25256
529.104 1.20684
529.157 1.0346
529.211 1.06711
529.264 1.63167
529.318 0.830066
529.371 1.34974
529.425 1.74014
529.478 2.12383
529.532 3.1615
529.585 2.6756
529.639 2.99327
529.692 3.56184
529.746 4.99369
529.799 6.02685
529.853 7.04838
529.906 9.23948
529.96 11.6585
530.013 14.2562
530.067 17.7366
530.12 22.6222
530.174 28.473
530.228 34.6117
530.281 42.6847
530.335 50.1526
530.388 58.9921
530.442 67.4659
530.495 76.2714
530.549 83.9422
530.602 89.5943
530.656 95.4023
530.709 100.75
530.763 103.397
530.816 102.91
530.87 103.749
530.923 99.8139
530.977 95.852
531.03 91.865
531.084 85.6847
531.137 77.789
531.191 70.5721
531.244 64.1712
531.298 57.1759
531.351 49.1995
531.405 43.6556
531.458 37.4152
531.512 32.9051
531.565 27.2684
531.619 23.8576
531.672 19.7068
531.726 16.3421
531.779 13.6735
531.833 11.093
531.887 9.95748
531.94 8.3232
531.994 7.41499
532.047 5.95491
532.101 5.08238
532.154 4.12565
532.208 3.91086
532.261 2.98566
532.315 2.69412
532.368 2.27037
532.422 1.88267
532.475 1.39477
532.529 1.29945
532.582 1.57331
532.636 1.21142
532.689 0.714785
532.743 0.415406
532.796 0.765078
532.85 0.742264
532.903 0.843269
532.957 0.693464
533.01 0.623483
533.064 0.213208
533.117 0.0466539
533.171 0.0466539
533.224 0.0872428
533.278 0.271479
533.331 0.267607
533.385 0.0466539
533.438 0.0466539
533.492 0.0466539
533.545 0.0466539
533.599 0.0466539
533.653 0.0466539
533.706 0.0466539
533.76 0.0466539
533.813 0.00466539
533.867 0.0466539
533.92 0.0466539
533.974 0.0466539
534.027 0.12172
534.081 0.0466539
534.134 0.0466539
534.188 0.0466539
534.241 0.0466539
534.295 0.00466539
534.348 0.0466539
534.402 0.0466539
534.455 0.0466539
534.509 0.0466539
534.562 0.0466539
534.616 0.0466539
534.669 0.0466539
534.723 0.0466539
534.776 0.0466539
534.83 0.0466539
534.883 0.0466539
534.937 0.0466539
534.99 0.0466539
535.044 0.0466539
535.097 0.0466539
535.151 0.0466539
535.204 0.0466539
535.258 0.0466539
535.312 0.0466539
535.365 0.0466539
535.419 0.0466539
535.472 0.0466539
535.526 0.0466539
535.579 0.0466539
535.633 0.0466539
535.686 0.0466539
535.74 0.0466539
535.793 0.0466539
535.847 0.0466539
535.9 0.187735
535.954 0.0466539
536.007 0.0466539
536.061 0.0466539
536.114 0.0466539
536.168 0.0466539
536.221 0.0466539
536.275 0.0466539
536.328 0.0466539
536.382 0.0466539
536.435 0.0466539
536.489 0.0466539
536.542 0.0466539
536.596 0.0466539
536.649 0.0466539
536.703 0.0466539
536.756 0.0466539
536.81 0.0466539
536.863 0.0466539
536.917 0.335675
536.97 0.50139
537.024 0.243067
537.078 0.567125
537.131 0.724395
537.185 0.343839
537.238 0.606501
537.292 1.23931
537.345 0.898414
537.399 1.38124
537.452 2.06891
537.506 2.63595
537.559 3.3254
537.613 3.12441
537.666 3.14844
537.72 4.68876
537.773 4.88061
537.827 5.08486
537.88 5.26531
537.934 5.23042
537.987 5.68786
538.041 6.4472
538.094 6.92722
538.148 7.8282
538.201 8.37452
538.255 8.25275
538.308 10.0461
538.362 10.5192
538.415 11.7882
538.469 11.9743
538.522 12.4399
538.576 13.4999
538.629 14.2011
538.683 14.9327
538.737 15.6185
538.79 16.7741
538.844 16.6346
538.897 17.4398
538.951 19.459
539.004 18.3459
539.058 19.7903
539.111 20.086
539.165 20.5573
539.218 20.6725
539.272 21.4619
539.325 21.8239
539.379 20.8404
539.432 20.185
539.486 20.7523
539.539 20.3473
539.593 20.0581
539.646 19.9456
539.7 19.8425
539.753 18.4826
539.807 17.8411
539.86 17.0302
539.914 16.7363
539.967 15.9889
540.021 15.3833
540.074 14.8991
540.128 14.0299
540.181 13.2643
540.235 12.2277
540.288 12.4413
540.342 12.0462
540.396 11.6212
540.449 10.8495
540.503 11.7037
540.556 12.5561
540.61 12.0989
540.663 12.083
540.717 13.0427
540.77 13.8228
540.824 14.5132
540.877 14.3388
540.931 15.1981
540.984 15.5032
541.038 16.0444
541.091 16.6075
541.145 17.208
541.198 17.5196
541.252 17.1646
541.305 17.9129
541.359 18.6939
541.412 18.88
541.466 18.4779
541.519 18.3697
541.573 18.3249
541.626 18.7587
541.68 19.4212
541.733 19.5733
541.787 19.0069
541.84 18.7373
541.894 18.8819
541.947 17.7963
542.001 18.3785
542.055 18.7513
542.108 17.4893
542.161 17.3899
542.215 17.4935
542.269 17.5467
542.322 16.7232
542.376 16.8338
542.429 16.5945
542.483 15.8704
542.536 15.4085
542.59 15.8084
542.643 15.5298
542.697 15.6068
542.75 14.3775
542.804 14.8571
542.857 14.2865
542.911 13.7523
542.964 14.4661
543.018 13.75
543.071 14.1694
543.125 13.2662
543.178 13.5209
543.232 13.4206
543.285 12.8001
543.339 12.5295
543.392 12.7026
543.446 11.9356
543.499 11.9249
543.553 12.5318
543.606 11.7294
543.66 11.6711
543.714 11.1094
543.767 10.5775
543.821 10.815
543.874 11.2083
543.928 10.9097
543.981 10.5346
544.035 11.1178
544.088 10.1544
544.142 9.37711
544.195 8.98942
544.249 9.01414
544.302 9.13778
544.356 9.57539
544.409 9.11491
544.463 8.62225
544.516 7.36474
544.57 8.68337
544.623 8.00782
544.677 8.1991
544.73 7.92011
544.784 7.58467
544.837 7.3918
544.891 7.43542
544.944 7.46211
544.998 7.61093
545.051 6.25666
545.105 7.01488
545.158 6.74168
545.212 7.15727
545.265 6.3642
545.319 7.21792
545.372 6.40246
545.426 6.80237
545.48 6.58945
545.533 6.4325
545.587 6.56276
545.64 6.43092
545.694 7.08169
545.747 5.60869
545.801 5.95173
545.854 6.73347
545.908 6.30024
545.961 5.27222
546.015 5.80804
546.068 6.02736
546.122 5.48944
546.175 6.23268
546.229 5.6392
546.282 6.26697
546.336 5.35312
546.389 5.97534
546.443 5.87447
546.496 5.67153
546.55 5.72495
546.603 5.70171
546.657 5.48468
546.71 5.53171
546.764 5.17905
546.817 5.34491
546.871 5.29088
546.924 5.3247
546.978 5.19664
547.031 4.85709
547.085 5.44554
547.139 5.94128
547.192 5.28071
547.246 6.05246
547.299 5.57342
547.353 5.5541
547.406 4.99771
547.46 4.89208
547.513 4.74139
547.567 5.68786
547.62 5.37976
547.674 5.15325
547.727 6.39299
547.781 5.42464
547.834 5.09797
547.888 4.91802
547.941 4.58048
547.995 5.54692
548.048 5.77972
548.102 6.16266
548.155 6.36056
548.209 5.5702
548.262 5.2007
548.316 5.34327
548.369 5.76083
548.423 5.06228
548.476 5.90886
548.53 5.17131
548.583 5.0166
548.637 5.13328
548.69 5.05239
548.744 5.179
548.798 5.18722
548.851 5.33819
548.905 5.79731
548.958 5.10772
549.012 5.51123
549.065 5.28071
549.119 5.1233
549.172 5.19837
549.226 4.32696
549.279 5.27399
549.333 4.71163
549.386 4.95786
549.44 5.07021
549.493 4.71713
549.547 5.45776
549.6 5.16491
549.654 4.53541
549.707 4.9385
549.761 4.66325
549.814 4.87701
549.868 4.72646
549.921 5.1101
549.975 5.06759
550.028 5.05383
550.082 5.0905
550.135 4.41341
550.189 4.75025
550.242 4.90706
550.296 4.81156
550.35 4.8786
550.403 4.30924
550.457 4.72786
550.51 4.56793
550.564 4.42769
550.617 4.25493
550.671 5.02841
550.724 4.58305
550.778 4.48619
550.831 4.11166
560 2.99289
570 1.85499
580 1.14972
590 0.712595
600 0.441665
610 0.273743
620 0.169666
630 0.105158
640 0.065177
650 0.0466539
