181 33 KTC
     0.1      0.15      0.2       0.3	    0.4	      0.5	0.7	  1         1.5       2         3         4         5         7	        10	  15        20	      30        40        50        70	      100       150       200       300       400       500	  700       1000      2000      5000      10000		   10e6		   
  0 15.6      6.59      53.8      129       206       232       222       186       151       135       120       114       137       61        45.7      67.7      73.7      89.3      109       125       153       180       202       209       212       211       215       223       237       268       313       348       	   348       	   
  1 15.6      6.59      53.8      129       206       232       222       186       150       135       119       112       136       59.5      43.8      64.5      69.8      84.4      103       118       144       169       188       193       192       189       191       195       202       218       231       231       	   231       	   
  2 15.7      6.6       53.7      129       205       231       222       186       150       134       117       109       134       55.8      39.5      57.8      62.2      75.7      92.7      107       131       153       168       171       166       161       159       158       159       158       144       122       	   122       	   
  3 15.7      6.6       53.6      129       205       231       221       186       149       132       114       105       132       51.8      35.2      51.6      55.6      68.4      84.3      97.9      120       139       151       152       144       136       132       127       124       114       89.1      64.5      	   64.5      	   
  4 15.7      6.61      53.4      129       204       230       221       185       148       130       111       101       129       48.4      31.7      46.4      49.8      61.6      76.4      89.2      109       126       136       134       124       115       109       102       95.7      80.9      54        34.2      	   34.2      	   
  5 15.7      6.61      53.2      128       204       229       220       184       147       128       108       97.5      126       45.4      28.6      41.5      44.4      55.5      69.3      81.3      99.5      114       121       118       106       95.6      88.8      80.4      72.6      56        32.1      18.3      	   18.3      	   
  6 15.7      6.62      53        128       203       228       219       184       146       126       106       94.2      124       42.6      25.6      37        39.5      50        62.9      74        90.6      103       108       104       89.8      79.1      71.8      62.8      54.4      38.2      19.1      10.1      	   10.1      	   
  7 15.7      6.64      52.7      127       202       227       218       183       145       125       103       91        122       39.9      23        33        35.2      45        57        67.4      82.4      93.2      95.9      90.4      75.7      64.8      57.4      48.3      40        25.6      11.3      5.82      	   5.82      	   
  8 15.7      6.65      52.3      126       201       226       217       182       143       123       101       87.8      119       37.5      20.7      29.4      31.2      40.5      51.7      61.3      74.8      83.9      84.8      78.5      63.4      52.6      45.4      36.7      29.1      16.9      6.82      3.52      	   3.52      	   
  9 15.7      6.66      52        125       199       225       216       180       142       121       98.3      84.8      117       35.3      18.6      26.1      27.7      36.4      46.8      55.7      67.8      75.3      74.6      67.7      52.6      42.2      35.5      27.4      20.8      11.1      4.22      2.28      	   2.28      	   
 10 15.8      6.67      51.5      124       198       223       214       179       141       120       95.9      82        115       33.3      16.8      23.2      24.5      32.6      42.4      50.6      61.3      67.4      65.3      58.1      43.4      33.6      27.4      20.3      14.7      7.22      2.71      1.53      	   1.53      	   
 11 15.8      6.69      51        123       196       221       213       178       139       118       93.7      79.3      112       31.3      15.1      20.5      21.7      29.3      38.3      45.8      55.4      60.1      57        49.5      35.4      26.4      20.9      14.8      10.3      4.71      1.85      1.07      	   1.07      	   
 12 15.8      6.71      50.5      122       194       219       211       177       138       116       91.5      76.7      110       29.6      13.7      18.1      19.1      26.3      34.6      41.5      49.9      53.4      49.4      42        28.7      20.6      15.8      10.7      7.09      3.12      1.34      0.763     	   0.763     	   
 13 15.8      6.73      50        121       192       218       209       175       136       114       89.4      74.1      107       28.1      12.4      16        16.8      23.5      31.3      37.5      44.8      47.3      42.7      35.4      23.1      15.9      11.8      7.61      4.88      2.12      1.01      0.546     	   0.546     	   
 14 15.9      6.75      49.4      120       190       215       207       173       135       113       87.2      71.7      105       26.6      11.2      14.1      14.8      21.1      28.2      33.8      40.1      41.8      36.7      29.6      18.4      12.1      8.69      5.38      3.37      1.51      0.794     0.414     	   0.414     	   
 15 15.9      6.78      48.8      119       188       213       205       172       133       111       85.2      69.4      103       25.3      10.2      12.4      13        18.9      25.4      30.5      35.9      36.7      31.3      24.6      14.5      9.13      6.34      3.78      2.34      1.13      0.621     0.306     	   0.306     	   
 16 15.9      6.8       48.1      117       186       211       203       170       132       109       83.2      67.2      100       24        9.34      10.9      11.4      16.9      22.9      27.4      32        32.2      26.7      20.4      11.3      6.81      4.57      2.66      1.67      0.9       0.507     0.246     	   0.246     	   
 17 16        6.82      47.4      116       184       208       201       168       130       108       81.3      65.1      97.6      22.9      8.55      9.58      10        15.1      20.6      24.6      28.5      28.1      22.6      16.7      8.78      5.02      3.27      1.88      1.24      0.745     0.408     0.194     	   0.194     	   
 18 16        6.85      46.7      114       181       206       199       166       129       106       79.5      63        95        21.8      7.84      8.39      8.75      13.5      18.5      22        25.2      24.5      19        13.6      6.72      3.66      2.32      1.36      0.964     0.643     0.34      0.166     	   0.166     	   
 19 16        6.87      45.9      112       178       203       196       164       127       104       77.7      61.1      92.4      20.8      7.23      7.35      7.65      12.1      16.6      19.7      22.3      21.2      15.9      11        5.1       2.63      1.64      1.01      0.79      0.56      0.282     0.142     	   0.142     	   
 20 16.1      6.9       45.1      111       176       200       194       162       125       103       75.9      59.2      89.8      19.9      6.67      6.43      6.68      10.8      14.9      17.6      19.7      18.3      13.2      8.85      3.81      1.88      1.17      0.79      0.68      0.491     0.238     0.125     	   0.125     	   
 21 16.1      6.93      44.3      109       173       197       191       160       123       101       74.2      57.4      87.2      19.1      6.18      5.61      5.83      9.63      13.3      15.7      17.3      15.8      11        7.05      2.81      1.33      0.847     0.65      0.608     0.433     0.204     0.11      	   0.11      	   
 22 16.2      6.96      43.5      107       170       194       189       158       122       99.5      72.5      55.7      84.5      18.3      5.74      4.89      5.09      8.61      11.9      14        15.2      13.5      9.01      5.57      2.05      0.931     0.63      0.561     0.553     0.379     0.176     0.0957    	   0.0957    	   
 23 16.2      6.99      42.6      105       167       191       186       156       120       97.8      70.8      54        81.9      17.5      5.35      4.26      4.44      7.71      10.7      12.5      13.3      11.6      7.37      4.36      1.47      0.657     0.492     0.508     0.511     0.334     0.156     0.0845    	   0.0845    	   
 24 16.2      7.02      41.7      103       164       188       183       154       118       96.2      69.2      52.4      79.1      16.8      5         3.71      3.88      6.91      9.58      11.1      11.7      9.86      5.99      3.37      1.03      0.469     0.403     0.469     0.469     0.291     0.138     0.0736    	   0.0736    	   
 25 16.3      7.05      40.8      101       161       185       180       152       116       94.6      67.7      50.9      76.4      16.2      4.69      3.22      3.4       6.21      8.59      9.86      10.2      8.38      4.84      2.58      0.713     0.347     0.352     0.443     0.433     0.257     0.125     0.0646    	   0.0646    	   
 26 16.3      7.08      39.9      99.5      158       181       177       149       115       92.9      66.1      49.4      73.7      15.5      4.4       2.8       2.97      5.6       7.71      8.77      8.91      7.11      3.89      1.95      0.484     0.271     0.322     0.419     0.396     0.225     0.113     0.0566    	   0.0566    	   
 27 16.4      7.1       39        97.4      155       178       175       147       113       91.3      64.6      48        70.9      14.9      4.14      2.43      2.62      5.06      6.93      7.81      7.78      6.02      3.1       1.45      0.325     0.227     0.307     0.399     0.363     0.199     0.103     0.0495    	   0.0495    	   
 28 16.4      7.13      38        95.3      151       174       172       145       111       89.7      63.2      46.6      68.2      14.3      3.9       2.11      2.31      4.59      6.25      6.97      6.8       5.08      2.46      1.07      0.219     0.206     0.299     0.378     0.33      0.176     0.0927    0.0435    	   0.0435    	   
 29 16.4      7.16      37        93.2      148       171       169       143       109       88.1      61.7      45.2      65.4      13.8      3.68      1.84      2.05      4.19      5.66      6.23      5.94      4.3       1.94      0.768     0.152     0.2       0.296     0.358     0.299     0.156     0.0837    0.0388    	   0.0388    	   
 30 16.5      7.19      36.1      91.1      145       168       166       140       107       86.5      60.3      44        62.7      13.2      3.48      1.6       1.83      3.85      5.14      5.6       5.21      3.63      1.52      0.543     0.116     0.204     0.296     0.339     0.271     0.14      0.0751    0.0345    	   0.0345    	   
 31 16.5      7.22      35.1      88.9      142       164       163       138       106       84.9      58.9      42.7      60        12.7      3.29      1.39      1.65      3.56      4.7       5.05      4.58      3.07      1.18      0.377     0.1       0.213     0.297     0.319     0.245     0.127     0.068     0.0318    	   0.0318    	   
 32 16.6      7.25      34.1      86.7      138       161       159       135       104       83.3      57.5      41.5      57.2      12.2      3.12      1.2       1.5       3.31      4.32      4.57      4.04      2.6       0.913     0.258     0.102     0.227     0.298     0.301     0.221     0.116     0.0606    0.0286    	   0.0286    	   
 33 16.6      7.28      33.1      84.5      135       157       156       133       102       81.6      56.2      40.3      54.5      11.7      2.96      1.05      1.38      3.11      3.99      4.17      3.58      2.21      0.705     0.175     0.114     0.242     0.3       0.284     0.2       0.107     0.055     0.0272    	   0.0272    	   
 34 16.6      7.3       32        82.3      131       153       153       130       99.9      80        54.9      39.1      51.9      11.3      2.8       0.915     1.29      2.94      3.72      3.82      3.2       1.89      0.544     0.123     0.135     0.259     0.301     0.267     0.18      0.0994    0.0491    0.025     	   0.025     	   
 35 16.7      7.33      31        80        128       150       150       128       98        78.4      53.6      38        49.3      10.8      2.66      0.799     1.21      2.81      3.49      3.53      2.86      1.62      0.422     0.0922    0.161     0.275     0.302     0.252     0.163     0.0933    0.0447    0.024     	   0.024     	   
 36 16.7      7.35      30        77.8      124       146       146       125       96.1      76.8      52.3      36.9      46.6      10.4      2.53      0.7       1.15      2.7       3.3       3.28      2.58      1.4       0.33      0.0799    0.19      0.292     0.303     0.237     0.148     0.0876    0.0405    0.0226    	   0.0226    	   
 37 16.7      7.37      29        75.5      121       142       143       123       94.2      75.2      51        35.9      44.1      9.96      2.41      0.615     1.11      2.61      3.14      3.08      2.35      1.21      0.264     0.081     0.222     0.307     0.303     0.223     0.135     0.0827    0.037     0.0215    	   0.0215    	   
 38 16.8      7.4       28        73.3      117       139       140       120       92.3      73.6      49.7      34.8      41.6      9.54      2.29      0.541     1.08      2.54      3.01      2.9       2.15      1.06      0.217     0.0922    0.254     0.321     0.302     0.21      0.123     0.0784    0.0343    0.0208    	   0.0208    	   
 39 16.8      7.42      26.9      71        114       135       137       118       90.3      72        48.5      33.8      39.2      9.13      2.18      0.478     1.06      2.49      2.9       2.75      1.97      0.931     0.186     0.111     0.285     0.334     0.299     0.197     0.113     0.074     0.0315    0.0196    	   0.0196    	   
 40 16.8      7.44      25.9      68.8      111       131       133       115       88.4      70.4      47.3      32.9      36.8      8.74      2.08      0.424     1.05      2.45      2.8       2.61      1.82      0.825     0.168     0.135     0.316     0.345     0.296     0.185     0.104     0.0706    0.0298    0.0192    	   0.0192    	   
 41 16.9      7.46      24.9      66.5      107       127       130       112       86.4      68.8      46.1      31.9      34.5      8.37      1.99      0.376     1.04      2.42      2.72      2.5       1.69      0.736     0.159     0.163     0.344     0.354     0.292     0.173     0.0963    0.0666    0.0275    0.0178    	   0.0178    	   
 42 16.9      7.48      23.9      64.3      104       124       127       110       84.4      67.2      44.9      30.9      32.3      8         1.91      0.336     1.04      2.39      2.64      2.4       1.57      0.662     0.158     0.193     0.37      0.36      0.286     0.162     0.0894    0.0637    0.0264    0.0174    	   0.0174    	   
 43 16.9      7.51      22.9      62.1      100       120       123       107       82.5      65.6      43.7      30        30.1      7.65      1.84      0.301     1.04      2.37      2.58      2.3       1.47      0.599     0.163     0.223     0.393     0.364     0.279     0.151     0.0827    0.0602    0.0248    0.0162    	   0.0162    	   
 44 16.9      7.52      21.9      59.8      97        116       120       104       80.5      64        42.5      29.1      28        7.31      1.78      0.27      1.05      2.34      2.51      2.21      1.38      0.546     0.171     0.254     0.414     0.365     0.27      0.14      0.0767    0.0573    0.024     0.0156    	   0.0156    	   
 45 16.9      7.54      21        57.6      93.6      113       117       102       78.5      62.4      41.4      28.2      26        6.99      1.72      0.243     1.05      2.32      2.45      2.13      1.29      0.5       0.183     0.284     0.43      0.363     0.26      0.129     0.071     0.0543    0.023     0.0147    	   0.0147    	   
 46 17        7.55      20        55.5      90.3      109       113       99        76.6      60.8      40.2      27.4      24.1      6.68      1.68      0.22      1.05      2.29      2.38      2.04      1.21      0.461     0.197     0.312     0.443     0.359     0.249     0.118     0.0657    0.0514    0.0221    0.0139    	   0.0139    	   
 47 17        7.56      19.1      53.3      87        106       110       96.3      74.6      59.2      39.1      26.5      22.3      6.38      1.64      0.199     1.05      2.26      2.32      1.96      1.13      0.428     0.212     0.339     0.452     0.352     0.236     0.108     0.061     0.0489    0.0214    0.0133    	   0.0133    	   
 48 17        7.58      18.2      51.2      83.8      102       107       93.6      72.6      57.7      38        25.7      20.5      6.1       1.61      0.182     1.05      2.22      2.25      1.88      1.06      0.398     0.228     0.362     0.456     0.342     0.222     0.0966    0.0564    0.0463    0.0204    0.0125    	   0.0125    	   
 49 17        7.59      17.2      49.1      80.6      98.4      103       91        70.7      56.1      36.9      24.9      18.9      5.84      1.6       0.167     1.04      2.18      2.18      1.8       0.991     0.373     0.243     0.383     0.458     0.33      0.207     0.0862    0.0527    0.0444    0.0198    0.012     	   0.012     	   
 50 17        7.6       16.4      47        77.4      94.9      100       88.3      68.7      54.5      35.8      24.1      17.3      5.59      1.59      0.153     1.04      2.13      2.1       1.71      0.926     0.35      0.258     0.4       0.455     0.315     0.191     0.0756    0.049     0.0423    0.019     0.0113    	   0.0113    	   
 51 17        7.61      15.5      44.9      74.3      91.4      96.7      85.7      66.7      53        34.7      23.3      15.9      5.37      1.59      0.142     1.02      2.08      2.02      1.63      0.863     0.33      0.272     0.415     0.448     0.299     0.174     0.0658    0.0462    0.0406    0.0185    0.0109    	   0.0109    	   
 52 17        7.61      14.6      42.9      71.2      88        93.5      83        64.8      51.4      33.6      22.5      14.5      5.15      1.61      0.133     1.01      2.02      1.93      1.54      0.803     0.313     0.285     0.426     0.438     0.28      0.156     0.0561    0.0435    0.0388    0.0178    0.0102    	   0.0102    	   
 53 17        7.62      13.8      41        68.2      84.6      90.3      80.4      62.8      49.9      32.6      21.7      13.3      4.96      1.63      0.126     0.99      1.95      1.84      1.45      0.744     0.297     0.297     0.433     0.425     0.26      0.138     0.0474    0.0414    0.0372    0.0173    0.00979   	   0.00979   	   
 54 17        7.62      13        39        65.2      81.2      87.1      77.8      60.9      48.3      31.5      21        12.1      4.79      1.66      0.122     0.968     1.87      1.75      1.37      0.689     0.283     0.306     0.437     0.408     0.238     0.121     0.0393    0.0397    0.0356    0.0167    0.00932   	   0.00932   	   
 55 17        7.63      12.2      37.1      62.3      77.9      83.9      75.2      59        46.8      30.5      20.3      11        4.63      1.7       0.119     0.943     1.8       1.66      1.28      0.635     0.27      0.314     0.437     0.388     0.216     0.103     0.0321    0.0383    0.034     0.0162    0.00889   	   0.00889   	   
 56 17        7.63      11.5      35.3      59.4      74.7      80.8      72.6      57.1      45.3      29.5      19.5      10.1      4.49      1.75      0.119     0.915     1.72      1.57      1.19      0.583     0.259     0.32      0.434     0.367     0.193     0.0861    0.0261    0.0375    0.0325    0.0156    0.0085    	   0.0085    	   
 57 17        7.63      10.8      33.4      56.6      71.5      77.7      70.1      55.2      43.8      28.5      18.8      9.19      4.37      1.8       0.122     0.885     1.63      1.47      1.11      0.534     0.249     0.325     0.428     0.343     0.17      0.0699    0.021     0.0368    0.031     0.0152    0.00811   	   0.00811   	   
 58 17        7.63      10.1      31.7      53.9      68.3      74.6      67.6      53.3      42.3      27.5      18.2      8.41      4.26      1.87      0.127     0.853     1.54      1.37      1.02      0.488     0.239     0.327     0.419     0.318     0.148     0.0552    0.0173    0.0368    0.0296    0.0147    0.00772   	   0.00772   	   
 59 17        7.63      9.42      29.9      51.2      65.2      71.6      65.1      51.5      40.9      26.5      17.5      7.72      4.18      1.94      0.136     0.82      1.45      1.28      0.938     0.443     0.231     0.328     0.407     0.291     0.126     0.0416    0.0146    0.0371    0.0282    0.0144    0.00739   	   0.00739   	   
 60 17        7.63      8.79      28.3      48.6      62.2      68.7      62.6      49.6      39.4      25.5      16.8      7.12      4.11      2.02      0.147     0.786     1.36      1.18      0.856     0.401     0.224     0.327     0.393     0.264     0.105     0.0298    0.0132    0.0377    0.0269    0.014     0.00703   	   0.00703   	   
 61 17        7.62      8.19      26.6      46.1      59.3      65.7      60.2      47.8      38        24.6      16.2      6.61      4.06      2.1       0.161     0.751     1.27      1.08      0.778     0.362     0.218     0.324     0.376     0.237     0.0852    0.0198    0.0129    0.0387    0.0256    0.0137    0.00674   	   0.00674   	   
 62 16.9      7.62      7.62      25.1      43.6      56.4      62.8      57.8      46        36.6      23.6      15.5      6.17      4.02      2.19      0.178     0.717     1.18      0.992     0.702     0.326     0.212     0.32      0.358     0.21      0.0675    0.0117    0.0138    0.0401    0.0244    0.0134    0.00643   	   0.00643   	   
 63 16.9      7.61      7.09      23.6      41.2      53.5      60        55.4      44.2      35.2      22.7      14.9      5.82      4         2.27      0.199     0.683     1.09      0.902     0.63      0.292     0.208     0.315     0.338     0.184     0.0518    0.0057    0.0159    0.0416    0.0231    0.0131    0.00613   	   0.00613   	   
 64 16.9      7.6       6.59      22.1      38.9      50.8      57.3      53.1      42.5      33.8      21.8      14.3      5.55      4         2.37      0.223     0.65      0.997     0.814     0.562     0.261     0.205     0.308     0.317     0.158     0.0382    0.00183   0.0191    0.0432    0.022     0.0129    0.00589   	   0.00589   	   
 65 16.9      7.6       6.12      20.7      36.7      48.1      54.6      50.8      40.8      32.4      20.9      13.7      5.34      4         2.46      0.251     0.619     0.91      0.73      0.497     0.233     0.202     0.3       0.295     0.135     0.0271    0.000138  0.0232    0.0449    0.0207    0.0126    0.00557   	   0.00557   	   
 66 16.9      7.58      5.69      19.3      34.6      45.5      51.9      48.6      39.1      31.1      20        13.1      5.2       4.03      2.55      0.282     0.589     0.827     0.65      0.436     0.209     0.201     0.291     0.272     0.113     0.0184    0.000604  0.0282    0.0467    0.0196    0.0125    0.00541   	   0.00541   	   
 67 16.9      7.57      5.3       18.1      32.5      43        49.3      46.4      37.4      29.8      19.1      12.5      5.13      4.06      2.65      0.316     0.562     0.747     0.575     0.38      0.187     0.201     0.281     0.249     0.0926    0.0124    0.00315   0.0339    0.0483    0.0185    0.0121    0.00508   	   0.00508   	   
 68 16.8      7.56      4.95      16.8      30.5      40.6      46.8      44.2      35.7      28.5      18.3      11.9      5.11      4.1       2.75      0.354     0.537     0.671     0.504     0.329     0.169     0.201     0.27      0.226     0.0748    0.00891   0.00776   0.0404    0.0499    0.0176    0.012     0.00496   	   0.00496   	   
 69 16.8      7.55      4.63      15.7      28.6      38.2      44.4      42.1      34.1      27.2      17.5      11.4      5.15      4.16      2.84      0.394     0.515     0.6       0.438     0.282     0.154     0.203     0.259     0.203     0.0595    0.00803   0.0142    0.0471    0.0512    0.0165    0.0117    0.00468   	   0.00468   	   
 70 16.8      7.54      4.36      14.6      26.8      36        42        40        32.5      26        16.7      10.8      5.24      4.22      2.93      0.438     0.496     0.534     0.378     0.241     0.143     0.205     0.247     0.181     0.0467    0.00966   0.0223    0.0542    0.0524    0.0157    0.0116    0.00453   	   0.00453   	   
 71 16.8      7.53      4.12      13.6      25.1      33.8      39.7      38        31        24.8      15.9      10.3      5.37      4.29      3.02      0.484     0.48      0.473     0.324     0.204     0.135     0.207     0.235     0.16      0.0365    0.0137    0.032     0.0614    0.0532    0.0148    0.0114    0.00434   	   0.00434   	   
 72 16.7      7.51      3.92      12.6      23.5      31.7      37.4      36.1      29.5      23.6      15.1      9.77      5.55      4.36      3.1       0.533     0.468     0.417     0.275     0.173     0.129     0.21      0.223     0.14      0.0289    0.0199    0.0428    0.0685    0.0538    0.014     0.0111    0.00414   	   0.00414   	   
 73 16.7      7.5       3.77      11.8      22        29.7      35.3      34.1      28        22.4      14.3      9.26      5.76      4.44      3.17      0.585     0.459     0.367     0.233     0.147     0.127     0.214     0.211     0.12      0.0239    0.0283    0.0547    0.0755    0.054     0.0133    0.011     0.00403   	   0.00403   	   
 74 16.7      7.48      3.66      11        20.5      27.9      33.2      32.3      26.5      21.2      13.6      8.77      5.99      4.53      3.24      0.638     0.453     0.323     0.196     0.126     0.128     0.218     0.198     0.103     0.0213    0.0383    0.0672    0.082     0.0538    0.0126    0.0106    0.00379   	   0.00379   	   
 75 16.7      7.46      3.58      10.2      19.2      26.1      31.2      30.5      25.1      20.1      12.8      8.29      6.25      4.61      3.31      0.693     0.451     0.285     0.166     0.111     0.132     0.222     0.186     0.0861    0.0212    0.05      0.0803    0.0883    0.0533    0.0122    0.0105    0.00375   	   0.00375   	   
 76 16.6      7.45      3.55      9.55      18        24.4      29.3      28.7      23.8      19        12.1      7.83      6.53      4.7       3.37      0.749     0.453     0.253     0.142     0.1       0.138     0.227     0.174     0.0713    0.0234    0.0628    0.0933    0.0936    0.0522    0.0116    0.0102    0.00351   	   0.00351   	   
 77 16.6      7.43      3.57      8.97      16.8      22.8      27.4      27        22.4      18        11.4      7.37      6.83      4.79      3.41      0.805     0.457     0.226     0.123     0.0944    0.147     0.231     0.163     0.0579    0.0276    0.0767    0.106     0.0986    0.051     0.0113    0.0101    0.00346   	   0.00346   	   
 78 16.6      7.41      3.63      8.46      15.8      21.3      25.7      25.4      21.1      16.9      10.8      6.93      7.13      4.87      3.45      0.863     0.465     0.206     0.111     0.0935    0.158     0.236     0.151     0.0461    0.0335    0.091     0.119     0.102     0.0491    0.011     0.00979   0.00328   	   0.00328   	   
 79 16.6      7.4       3.73      8.02      14.8      19.9      24        23.8      19.9      15.9      10.1      6.5       7.44      4.95      3.48      0.92      0.475     0.191     0.103     0.0969    0.17      0.241     0.141     0.0359    0.0411    0.106     0.131     0.106     0.047     0.0109    0.00959   0.00318   	   0.00318   	   
 80 16.5      7.37      3.88      7.66      14        18.6      22.4      22.3      18.6      15        9.49      6.09      7.75      5.03      3.5       0.976     0.488     0.182     0.102     0.105     0.185     0.245     0.13      0.0272    0.05      0.12      0.142     0.108     0.0445    0.0108    0.00935   0.00308   	   0.00308   	   
 81 16.5      7.36      4.06      7.39      13.3      17.4      20.9      20.9      17.5      14        8.88      5.69      8.05      5.1       3.51      1.03      0.504     0.177     0.105     0.116     0.201     0.249     0.121     0.0199    0.0599    0.134     0.152     0.109     0.0417    0.0107    0.00906   0.00295   	   0.00295   	   
 82 16.5      7.34      4.3       7.2       12.6      16.4      19.5      19.5      16.3      13.1      8.29      5.3       8.35      5.16      3.51      1.09      0.521     0.178     0.113     0.131     0.217     0.253     0.112     0.014     0.0705    0.148     0.161     0.109     0.0388    0.0108    0.00887   0.00291   	   0.00291   	   
 83 16.5      7.32      4.59      7.08      12.1      15.4      18.2      18.2      15.2      12.2      7.72      4.93      8.62      5.22      3.51      1.14      0.54      0.183     0.125     0.15      0.235     0.257     0.103     0.00939   0.0813    0.16      0.168     0.108     0.0355    0.0109    0.00854   0.00274   	   0.00274   	   
 84 16.4      7.3       4.91      7.05      11.7      14.5      17        16.9      14.2      11.4      7.17      4.57      8.89      5.26      3.48      1.19      0.561     0.192     0.142     0.171     0.254     0.261     0.0949    0.00592   0.0924    0.172     0.174     0.106     0.0322    0.0111    0.00838   0.00274   	   0.00274   	   
 85 16.4      7.28      5.28      7.1       11.4      13.8      15.9      15.7      13.2      10.6      6.64      4.23      9.14      5.3       3.45      1.23      0.582     0.205     0.161     0.195     0.273     0.264     0.0873    0.00352   0.103     0.182     0.179     0.102     0.0285    0.0114    0.00807   0.00258   	   0.00258   	   
 86 16.4      7.27      5.71      7.23      11.2      13.1      14.8      14.6      12.2      9.81      6.13      3.89      9.36      5.32      3.41      1.28      0.604     0.222     0.184     0.221     0.293     0.267     0.0802    0.00205   0.114     0.19      0.181     0.0983    0.025     0.0118    0.00788   0.00257   	   0.00257   	   
 87 16.4      7.25      6.17      7.45      11.1      12.6      13.9      13.6      11.3      9.06      5.64      3.57      9.55      5.33      3.36      1.32      0.627     0.241     0.21      0.249     0.312     0.269     0.0735    0.00139   0.123     0.197     0.182     0.0933    0.0214    0.0123    0.0076    0.00247   	   0.00247   	   
 88 16.4      7.22      6.68      7.75      11.1      12.2      13        12.6      10.4      8.35      5.17      3.27      9.72      5.33      3.3       1.35      0.648     0.263     0.237     0.278     0.332     0.271     0.0673    0.00141   0.132     0.201     0.182     0.0877    0.0178    0.0128    0.00736   0.00242   	   0.00242   	   
 89 16.3      7.21      7.25      8.14      11.2      11.8      12.2      11.7      9.63      7.67      4.73      2.98      9.86      5.32      3.23      1.38      0.669     0.287     0.267     0.308     0.351     0.272     0.0615    0.002     0.139     0.205     0.179     0.0815    0.0145    0.0134    0.00712   0.00237   	   0.00237   	   
 90 16.3      7.19      7.85      8.61      11.4      11.6      11.6      10.8      8.86      7.03      4.3       2.7       9.96      5.29      3.15      1.41      0.689     0.312     0.298     0.338     0.369     0.273     0.056     0.00301   0.146     0.206     0.175     0.0747    0.0113    0.014     0.00686   0.00229   	   0.00229   	   
 91 16.3      7.17      8.51      9.17      11.7      11.6      11        10        8.13      6.42      3.9       2.44      10        5.25      3.06      1.43      0.707     0.338     0.33      0.369     0.387     0.273     0.0508    0.00437   0.151     0.205     0.17      0.0677    0.00843   0.0147    0.00666   0.00228   	   0.00228   	   
 92 16.3      7.15      9.21      9.81      12.1      11.6      10.5      9.32      7.45      5.84      3.52      2.19      10.1      5.2       2.96      1.44      0.724     0.365     0.362     0.4       0.405     0.272     0.0461    0.00591   0.154     0.202     0.163     0.0604    0.00586   0.0154    0.00642   0.0022    	   0.0022    	   
 93 16.3      7.14      9.96      10.5      12.6      11.7      10.1      8.68      6.81      5.3       3.15      1.95      10        5.13      2.86      1.45      0.738     0.392     0.395     0.431     0.421     0.27      0.0415    0.00761   0.157     0.198     0.155     0.0532    0.00377   0.0161    0.00622   0.0022    	   0.0022    	   
 94 16.3      7.12      10.8      11.3      13.3      11.9      9.8       8.11      6.23      4.8       2.81      1.73      10        5.04      2.75      1.45      0.75      0.419     0.427     0.461     0.436     0.268     0.0373    0.0093    0.157     0.192     0.145     0.0459    0.00208   0.0169    0.00599   0.00213   	   0.00213   	   
 95 16.3      7.1       11.6      12.2      14        12.2      9.59      7.6       5.68      4.32      2.49      1.52      9.92      4.94      2.63      1.45      0.76      0.445     0.459     0.49      0.45      0.265     0.0333    0.011     0.157     0.185     0.135     0.0389    0.000936  0.0176    0.00578   0.00213   	   0.00213   	   
 96 16.3      7.09      12.5      13.2      14.8      12.7      9.48      7.16      5.19      3.88      2.2       1.33      9.8       4.83      2.5       1.44      0.766     0.47      0.49      0.518     0.462     0.261     0.0296    0.0126    0.155     0.176     0.124     0.0323    0.000309  0.0184    0.00557   0.00209   	   0.00209   	   
 97 16.3      7.07      13.4      14.3      15.8      13.2      9.45      6.8       4.74      3.48      1.92      1.15      9.64      4.7       2.38      1.42      0.768     0.494     0.52      0.545     0.473     0.256     0.0262    0.014     0.151     0.166     0.113     0.0262    0.000248  0.0191    0.00537   0.00207   	   0.00207   	   
 98 16.2      7.06      14.4      15.4      16.8      13.9      9.51      6.5       4.34      3.11      1.66      0.979     9.44      4.56      2.24      1.39      0.768     0.516     0.548     0.57      0.482     0.25      0.0229    0.0153    0.146     0.155     0.102     0.0206    0.000764  0.0198    0.00517   0.00207   	   0.00207   	   
 99 16.2      7.05      15.4      16.7      17.9      14.6      9.67      6.27      3.98      2.77      1.43      0.825     9.21      4.41      2.11      1.36      0.764     0.536     0.575     0.593     0.49      0.243     0.02      0.0164    0.14      0.144     0.0907    0.0159    0.00189   0.0205    0.005     0.00204   	   0.00204   	   
100 16.2      7.03      16.5      18        19.2      15.5      9.91      6.11      3.67      2.47      1.22      0.685     8.94      4.24      1.97      1.33      0.756     0.554     0.599     0.613     0.495     0.236     0.0173    0.0173    0.134     0.131     0.0797    0.012     0.00359   0.0211    0.00481   0.00204   	   0.00204   	   
101 16.2      7.02      17.6      19.4      20.5      16.5      10.2      6.02      3.41      2.2       1.03      0.558     8.65      4.07      1.84      1.29      0.745     0.569     0.621     0.632     0.499     0.229     0.0149    0.018     0.126     0.119     0.069     0.00902   0.00594   0.0217    0.00467   0.00203   	   0.00203   	   
102 16.2      7         18.8      20.9      21.9      17.5      10.7      5.99      3.19      1.97      0.853     0.445     8.31      3.88      1.7       1.24      0.73      0.582     0.641     0.648     0.501     0.22      0.0126    0.0186    0.117     0.106     0.0591    0.00713   0.0088    0.0222    0.00448   0.00203   	   0.00203   	   
103 16.2      6.99      20        22.4      23.4      18.7      11.2      6.02      3.02      1.77      0.701     0.344     7.96      3.68      1.56      1.19      0.712     0.592     0.658     0.662     0.501     0.211     0.0107    0.019     0.108     0.0934    0.0498    0.0063    0.0123    0.0227    0.00436   0.00203   	   0.00203   	   
104 16.2      6.98      21.2      24.1      25        19.9      11.8      6.13      2.88      1.59      0.569     0.257     7.58      3.47      1.43      1.13      0.691     0.599     0.672     0.673     0.499     0.202     0.00906   0.0193    0.0983    0.0813    0.0415    0.00659   0.0162    0.023     0.00421   0.00204   	   0.00204   	   
105 16.2      6.97      22.5      25.8      26.7      21.3      12.4      6.29      2.79      1.46      0.458     0.183     7.17      3.26      1.29      1.07      0.666     0.604     0.683     0.681     0.496     0.193     0.00767   0.0195    0.0885    0.0695    0.0342    0.00802   0.0207    0.0232    0.00409   0.00204   	   0.00204   	   
106 16.2      6.96      23.8      27.6      28.4      22.7      13.2      6.52      2.75      1.35      0.366     0.122     6.74      3.04      1.17      1         0.638     0.605     0.691     0.687     0.49      0.183     0.00656   0.0197    0.0785    0.0586    0.0282    0.0106    0.0256    0.0234    0.00398   0.00205   	   0.00205   	   
107 16.3      6.96      25.2      29.5      30.3      24.2      14        6.8       2.74      1.28      0.293     0.0737    6.31      2.82      1.04      0.935     0.608     0.604     0.696     0.689     0.483     0.173     0.00573   0.02      0.0688    0.0486    0.0235    0.0142    0.0308    0.0234    0.00386   0.00206   	   0.00206   	   
108 16.3      6.95      26.6      31.4      32.2      25.8      14.9      7.15      2.78      1.24      0.24      0.038     5.85      2.6       0.922     0.863     0.574     0.6       0.698     0.689     0.474     0.163     0.00522   0.0202    0.0593    0.0396    0.0201    0.0189    0.0363    0.0234    0.00381   0.00209   	   0.00209   	   
109 16.3      6.94      28.1      33.5      34.2      27.5      15.9      7.56      2.86      1.23      0.205     0.0147    5.4       2.37      0.81      0.79      0.54      0.593     0.697     0.686     0.464     0.152     0.00499   0.0205    0.0502    0.0318    0.0181    0.0245    0.0419    0.0231    0.00369   0.00209   	   0.00209   	   
110 16.3      6.94      29.6      35.5      36.3      29.3      17        8.03      2.98      1.24      0.19      0.00383   4.93      2.15      0.706     0.716     0.503     0.584     0.693     0.68      0.452     0.142     0.0051    0.021     0.0417    0.0251    0.0176    0.0311    0.0477    0.0229    0.00368   0.00213   	   0.00213   	   
111 16.3      6.93      31.1      37.7      38.4      31.1      18.1      8.55      3.13      1.29      0.192     0.00506   4.46      1.92      0.609     0.64      0.465     0.572     0.686     0.672     0.439     0.132     0.0055    0.0215    0.0338    0.0199    0.0185    0.0384    0.0535    0.0223    0.0036    0.00214   	   0.00214   	   
112 16.3      6.93      32.6      39.9      40.7      33.1      19.3      9.13      3.33      1.37      0.213     0.0183    4         1.71      0.521     0.566     0.426     0.558     0.676     0.661     0.424     0.122     0.00624   0.0222    0.0267    0.0159    0.0208    0.0465    0.0593    0.0218    0.00361   0.00218   	   0.00218   	   
113 16.3      6.93      34.2      42.2      43        35.1      20.6      9.76      3.56      1.47      0.251     0.0433    3.55      1.5       0.443     0.493     0.387     0.542     0.664     0.648     0.409     0.112     0.00729   0.0231    0.0204    0.0133    0.0244    0.0551    0.065     0.0211    0.00358   0.0022    	   0.0022    	   
114 16.3      6.93      35.9      44.6      45.3      37.2      22        10.4      3.82      1.6       0.305     0.0799    3.11      1.3       0.375     0.421     0.347     0.524     0.649     0.632     0.393     0.102     0.00865   0.0241    0.015     0.0119    0.0292    0.0642    0.0705    0.0203    0.00359   0.00223   	   0.00223   	   
115 16.3      6.92      37.5      47        47.7      39.3      23.4      11.2      4.13      1.76      0.377     0.128     2.69      1.11      0.318     0.352     0.309     0.504     0.632     0.614     0.376     0.0928    0.0103    0.0253    0.0104    0.0119    0.0351    0.0736    0.0757    0.0194    0.00364   0.00228   	   0.00228   	   
116 16.3      6.92      39.2      49.5      50.2      41.5      24.8      12        4.47      1.95      0.466     0.187     2.29      0.927     0.272     0.287     0.272     0.484     0.613     0.594     0.358     0.0836    0.0123    0.0266    0.00676   0.013     0.0419    0.0831    0.0804    0.0184    0.00365   0.00229   	   0.00229   	   
117 16.3      6.93      40.9      52.1      52.8      43.8      26.4      12.8      4.84      2.16      0.57      0.257     1.92      0.762     0.237     0.226     0.236     0.462     0.592     0.573     0.34      0.0748    0.0145    0.0281    0.00392   0.0153    0.0495    0.0927    0.085     0.0173    0.00377   0.00236   	   0.00236   	   
118 16.3      6.93      42.7      54.7      55.3      46.1      28        13.7      5.25      2.39      0.69      0.338     1.58      0.613     0.216     0.171     0.204     0.44      0.569     0.551     0.321     0.0665    0.0169    0.0297    0.00192   0.0185    0.0577    0.102     0.0887    0.016     0.0038    0.00236   	   0.00236   	   
119 16.4      6.93      44.4      57.3      58        48.5      29.6      14.6      5.68      2.65      0.824     0.429     1.27      0.482     0.206     0.122     0.174     0.418     0.546     0.527     0.302     0.0585    0.0196    0.0314    0.000659  0.0226    0.0664    0.111     0.0921    0.0148    0.00396   0.00244   	   0.00244   	   
120 16.4      6.93      46.2      60        60.7      51        31.3      15.6      6.15      2.93      0.973     0.53      1         0.371     0.21      0.0801    0.147     0.396     0.522     0.502     0.283     0.051     0.0224    0.0331    0.000111  0.0275    0.0754    0.12      0.0945    0.0134    0.00404   0.00244   	   0.00244   	   
121 16.4      6.94      48        62.8      63.4      53.5      33.1      16.6      6.65      3.24      1.14      0.641     0.775     0.282     0.227     0.0464    0.125     0.374     0.497     0.476     0.264     0.0439    0.0253    0.0349    0.000184  0.0329    0.0844    0.127     0.0964    0.0121    0.00422   0.00252   	   0.00252   	   
122 16.4      6.94      49.9      65.6      66.2      56.1      34.9      17.6      7.17      3.56      1.31      0.762     0.596     0.216     0.257     0.0216    0.108     0.354     0.472     0.45      0.244     0.0375    0.0284    0.0367    0.000794  0.0387    0.0934    0.134     0.0975    0.0107    0.00437   0.00255   	   0.00255   	   
123 16.4      6.95      51.7      68.4      69        58.7      36.7      18.7      7.73      3.91      1.5       0.892     0.468     0.174     0.301     0.00651   0.096     0.335     0.446     0.424     0.225     0.0316    0.0315    0.0384    0.00185   0.0448    0.102     0.141     0.0978    0.00927   0.00455   0.00258   	   0.00258   	   
124 16.4      6.96      53.6      71.3      71.8      61.3      38.6      19.8      8.31      4.27      1.7       1.03      0.394     0.159     0.359     0.00189   0.0901    0.318     0.422     0.398     0.206     0.0262    0.0345    0.04      0.00327   0.051     0.11      0.146     0.0975    0.00794   0.00479   0.00266   	   0.00266   	   
125 16.4      6.96      55.5      74.2      74.7      64        40.5      20.9      8.91      4.66      1.92      1.18      0.377     0.172     0.43      0.00848   0.0908    0.303     0.398     0.372     0.188     0.0214    0.0375    0.0415    0.00491   0.057     0.118     0.15      0.0962    0.00659   0.00499   0.00266   	   0.00266   	   
126 16.4      6.97      57.5      77.1      77.6      66.7      42.5      22.1      9.53      5.06      2.15      1.33      0.421     0.214     0.514     0.027     0.0985    0.291     0.375     0.346     0.17      0.0173    0.0404    0.0428    0.00674   0.0627    0.125     0.153     0.0944    0.00539   0.00529   0.00277   	   0.00277   	   
127 16.5      6.98      59.4      80.1      80.6      69.5      44.5      23.3      10.2      5.48      2.38      1.5       0.528     0.287     0.612     0.0582    0.114     0.281     0.353     0.322     0.153     0.0137    0.0432    0.0439    0.00857   0.0681    0.131     0.154     0.0916    0.00419   0.00553   0.00276   	   0.00276   	   
128 16.5      6.99      61.3      83.1      83.5      72.2      46.5      24.6      10.8      5.91      2.63      1.67      0.701     0.391     0.723     0.102     0.137     0.275     0.333     0.298     0.136     0.0106    0.0458    0.0448    0.0104    0.0729    0.136     0.155     0.0884    0.00317   0.00586   0.00288   	   0.00288   	   
129 16.5      7         63.3      86.1      86.5      75        48.5      25.8      11.5      6.36      2.89      1.85      0.942     0.527     0.847     0.16      0.169     0.273     0.314     0.275     0.12      0.0082    0.0482    0.0453    0.0121    0.0769    0.139     0.154     0.0844    0.00225   0.00615   0.00288   	   0.00288   	   
130 16.5      7.01      65.2      89.2      89.5      77.9      50.6      27.1      12.2      6.82      3.15      2.04      1.25      0.697     0.984     0.233     0.21      0.275     0.298     0.254     0.105     0.00628   0.0503    0.0456    0.0135    0.0803    0.142     0.152     0.0799    0.00152   0.0065    0.00296   	   0.00296   	   
131 16.5      7.03      67.2      92.2      92.5      80.7      52.7      28.4      13        7.29      3.43      2.23      1.63      0.901     1.13      0.319     0.26      0.281     0.284     0.233     0.0915    0.0049    0.0522    0.0454    0.0147    0.0828    0.143     0.149     0.0749    0.000987  0.00685   0.00301   	   0.00301   	   
132 16.5      7.04      69.1      95.3      95.5      83.6      54.8      29.8      13.7      7.78      3.71      2.43      2.09      1.14      1.29      0.421     0.319     0.292     0.272     0.215     0.0785    0.00398   0.0538    0.045     0.0156    0.0843    0.142     0.144     0.0694    0.000675  0.00723   0.00304   	   0.00304   	   
133 16.5      7.05      71.1      98.4      98.5      86.5      57        31.1      14.5      8.27      4         2.63      2.61      1.41      1.47      0.538     0.388     0.308     0.264     0.199     0.0666    0.00353   0.055     0.0442    0.0161    0.085     0.141     0.139     0.0637    0.000611  0.00765   0.00314   	   0.00314   	   
134 16.5      7.07      73.1      101       102       89.3      59.1      32.5      15.2      8.78      4.29      2.84      3.22      1.72      1.65      0.67      0.468     0.329     0.258     0.184     0.0559    0.00349   0.0559    0.0431    0.0162    0.0846    0.138     0.132     0.0576    0.000829  0.00805   0.00313   	   0.00313   	   
135 16.5      7.08      75        105       105       92.2      61.3      33.8      16        9.3       4.6       3.06      3.89      2.06      1.84      0.817     0.557     0.355     0.255     0.171     0.0463    0.00385   0.0565    0.0416    0.016     0.0835    0.134     0.125     0.0516    0.00132   0.00851   0.00326   	   0.00326   	   
136 16.5      7.09      77        108       108       95.1      63.5      35.2      16.8      9.82      4.9       3.28      4.64      2.45      2.05      0.98      0.656     0.387     0.256     0.161     0.038     0.00455   0.0567    0.0399    0.0153    0.0813    0.128     0.116     0.0453    0.00216   0.00893   0.00324   	   0.00324   	   
137 16.5      7.11      79        111       111       98        65.6      36.6      17.6      10.3      5.22      3.5       5.46      2.86      2.26      1.16      0.766     0.425     0.26      0.153     0.0309    0.00557   0.0566    0.0378    0.0145    0.0784    0.122     0.107     0.0394    0.0033    0.00942   0.00336   	   0.00336   	   
138 16.6      7.12      80.9      114       114       101       67.8      38        18.4      10.9      5.53      3.73      6.36      3.31      2.48      1.35      0.886     0.468     0.268     0.147     0.0251    0.00687   0.0562    0.0356    0.0133    0.0746    0.115     0.0978    0.0337    0.00484   0.00989   0.00337   	   0.00337   	   
139 16.6      7.14      82.9      117       117       104       70        39.4      19.2      11.4      5.85      3.96      7.32      3.79      2.71      1.56      1.02      0.517     0.28      0.144     0.0205    0.00841   0.0554    0.0331    0.012     0.0701    0.106     0.0881    0.0283    0.00673   0.0104    0.00345   	   0.00345   	   
140 16.6      7.15      84.8      120       120       107       72.1      40.8      20        12        6.17      4.19      8.35      4.3       2.95      1.79      1.16      0.571     0.295     0.144     0.0171    0.0102    0.0543    0.0306    0.0105    0.0651    0.0976    0.0782    0.0236    0.00903   0.0109    0.00352   	   0.00352   	   
141 16.6      7.17      86.7      123       123       109       74.3      42.2      20.8      12.5      6.5       4.43      9.46      4.84      3.19      2.02      1.31      0.631     0.314     0.146     0.0149    0.0121    0.0529    0.0281    0.00906   0.0596    0.0883    0.0683    0.0194    0.0117    0.0115    0.00354   	   0.00354   	   
142 16.6      7.19      88.6      126       125       112       76.5      43.6      21.6      13.1      6.83      4.66      10.6      5.42      3.44      2.27      1.46      0.697     0.337     0.15      0.014     0.0142    0.0512    0.0255    0.00773   0.0538    0.0786    0.0587    0.0161    0.0148    0.012     0.00365   	   0.00365   	   
143 16.6      7.2       90.5      129       128       115       78.6      45        22.4      13.6      7.15      4.91      11.8      6.03      3.69      2.54      1.63      0.768     0.364     0.157     0.0142    0.0164    0.0493    0.0231    0.00656   0.0478    0.0688    0.0494    0.0135    0.0184    0.0126    0.00362   	   0.00362   	   
144 16.6      7.22      92.3      132       131       118       80.7      46.4      23.2      14.1      7.48      5.15      13.1      6.66      3.95      2.82      1.81      0.845     0.394     0.167     0.0155    0.0188    0.0472    0.0209    0.00575   0.0418    0.059     0.0409    0.0121    0.0222    0.0131    0.00376   	   0.00376   	   
145 16.6      7.23      94.2      135       134       121       82.8      47.7      24        14.7      7.81      5.39      14.5      7.32      4.21      3.1       2         0.927     0.428     0.179     0.0178    0.0212    0.045     0.019     0.00535   0.0359    0.0494    0.0329    0.0116    0.0267    0.0137    0.00374   	   0.00374   	   
146 16.6      7.26      96        138       137       123       84.9      49.1      24.8      15.2      8.14      5.63      15.9      8         4.48      3.4       2.19      1.01      0.466     0.194     0.0212    0.0236    0.0426    0.0174    0.00551   0.0304    0.0402    0.0259    0.0123    0.0313    0.0143    0.00386   	   0.00386   	   
147 16.6      7.27      97.8      141       140       126       86.9      50.4      25.6      15.8      8.46      5.87      17.3      8.71      4.75      3.71      2.39      1.11      0.506     0.212     0.0255    0.0261    0.0401    0.0163    0.00633   0.0254    0.0316    0.02      0.0143    0.0366    0.0149    0.00387   	   0.00387   	   
148 16.6      7.29      99.5      143       142       129       89        51.8      26.3      16.3      8.78      6.11      18.8      9.43      5.02      4.04      2.6       1.2       0.551     0.231     0.0307    0.0286    0.0376    0.0157    0.00794   0.021     0.0237    0.0152    0.0175    0.0421    0.0155    0.00394   	   0.00394   	   
149 16.6      7.31      101       146       145       131       91        53.1      27.1      16.8      9.11      6.35      20.3      10.2      5.28      4.36      2.81      1.3       0.598     0.253     0.0368    0.031     0.035     0.0157    0.0104    0.0176    0.0168    0.0118    0.0222    0.0481    0.0161    0.00402   	   0.00402   	   
150 16.6      7.32      103       149       148       134       92.9      54.4      27.9      17.4      9.42      6.58      21.8      10.9      5.55      4.7       3.03      1.41      0.648     0.276     0.0437    0.0334    0.0326    0.0164    0.0139    0.015     0.011     0.00972   0.0282    0.0545    0.0167    0.00402   	   0.00402   	   
151 16.6      7.34      105       152       150       136       94.9      55.6      28.6      17.9      9.73      6.82      23.4      11.7      5.82      5.04      3.26      1.52      0.7       0.301     0.0513    0.0357    0.0302    0.0177    0.0185    0.0136    0.00643   0.00924   0.0357    0.0611    0.0173    0.00416   	   0.00416   	   
152 16.6      7.36      106       154       153       139       96.8      56.9      29.4      18.4      10        7.05      25        12.5      6.09      5.39      3.49      1.62      0.755     0.329     0.0596    0.038     0.028     0.0198    0.0242    0.0133    0.0032    0.0103    0.0445    0.0683    0.0179    0.00411   	   0.00411   	   
153 16.6      7.37      108       157       155       141       98.6      58.1      30.1      18.9      10.3      7.28      26.6      13.3      6.35      5.74      3.72      1.74      0.812     0.357     0.0685    0.0401    0.0259    0.0227    0.0311    0.0144    0.00141   0.013     0.0547    0.0754    0.0185    0.00425   	   0.00425   	   
154 16.5      7.4       109       159       158       143       100       59.3      30.8      19.4      10.6      7.51      28.2      14.1      6.61      6.09      3.95      1.86      0.871     0.387     0.0781    0.0422    0.0241    0.0264    0.0394    0.0168    0.00114   0.0174    0.0662    0.0831    0.0192    0.0042    	   0.0042    	   
155 16.5      7.41      111       162       160       146       102       60.4      31.5      19.8      10.9      7.73      29.9      14.9      6.87      6.45      4.19      1.97      0.931     0.418     0.088     0.0441    0.0225    0.0309    0.0488    0.0205    0.00239   0.0234    0.079     0.0908    0.0197    0.00431   	   0.00431   	   
156 16.5      7.43      112       164       162       148       104       61.6      32.2      20.3      11.2      7.94      31.5      15.6      7.12      6.8       4.42      2.09      0.992     0.451     0.0984    0.0458    0.0211    0.0362    0.0595    0.0256    0.00522   0.031     0.0931    0.0988    0.0203    0.00432   	   0.00432   	   
157 16.5      7.44      114       166       164       150       106       62.7      32.8      20.8      11.5      8.15      33.1      16.4      7.37      7.16      4.66      2.21      1.05      0.483     0.109     0.0475    0.0201    0.0423    0.0714    0.0322    0.00957   0.0402    0.108     0.107     0.0209    0.00436   	   0.00436   	   
158 16.5      7.46      115       169       166       152       107       63.7      33.5      21.2      11.8      8.35      34.7      17.2      7.61      7.51      4.89      2.33      1.12      0.517     0.12      0.049     0.0193    0.049     0.0844    0.04      0.0154    0.0508    0.124     0.115     0.0215    0.00445   	   0.00445   	   
159 16.5      7.47      116       171       169       154       109       64.7      34.1      21.6      12        8.56      36.3      18        7.85      7.85      5.12      2.45      1.18      0.551     0.131     0.0504    0.0188    0.0566    0.0987    0.0493    0.0228    0.0628    0.142     0.124     0.0221    0.00441   	   0.00441   	   
160 16.5      7.49      118       173       170       156       110       65.7      34.7      22        12.3      8.75      37.8      18.8      8.07      8.19      5.35      2.57      1.24      0.585     0.142     0.0516    0.0186    0.0647    0.114     0.0596    0.0314    0.076     0.16      0.132     0.0226    0.00456   	   0.00456   	   
161 16.5      7.51      119       175       172       158       112       66.7      35.2      22.4      12.5      8.94      39.4      19.5      8.3       8.53      5.58      2.68      1.31      0.619     0.153     0.0528    0.0187    0.0735    0.13      0.0714    0.0414    0.0904    0.178     0.141     0.0232    0.00448   	   0.00448   	   
162 16.5      7.52      120       177       174       159       113       67.6      35.8      22.8      12.8      9.11      40.9      20.2      8.51      8.86      5.8       2.8       1.37      0.653     0.165     0.0538    0.019     0.0826    0.146     0.0839    0.0524    0.106     0.197     0.149     0.0236    0.00464   	   0.00464   	   
163 16.5      7.53      121       179       176       161       114       68.5      36.3      23.2      13        9.29      42.3      20.9      8.72      9.17      6.01      2.91      1.43      0.686     0.175     0.0548    0.0196    0.0924    0.164     0.0975    0.0646    0.122     0.217     0.157     0.0242    0.00458   	   0.00458   	   
164 16.5      7.55      122       180       177       162       115       69.3      36.8      23.5      13.2      9.45      43.7      21.6      8.92      9.49      6.22      3.02      1.49      0.72      0.186     0.0556    0.0204    0.102     0.181     0.112     0.0775    0.139     0.236     0.165     0.0247    0.00467   	   0.00467   	   
165 16.5      7.56      123       182       179       164       117       70.1      37.3      23.8      13.4      9.61      45.1      22.3      9.1       9.78      6.42      3.12      1.55      0.752     0.196     0.0564    0.0214    0.112     0.199     0.127     0.0912    0.156     0.256     0.173     0.0251    0.00467   	   0.00467   	   
166 16.5      7.57      124       183       180       165       118       70.8      37.7      24.2      13.6      9.75      46.3      22.9      9.28      10.1      6.61      3.22      1.6       0.783     0.206     0.0571    0.0226    0.123     0.217     0.142     0.105     0.173     0.276     0.18      0.0256    0.00468   	   0.00468   	   
167 16.5      7.58      125       185       182       167       119       71.5      38.1      24.4      13.8      9.89      47.6      23.5      9.44      10.3      6.79      3.32      1.66      0.814     0.215     0.0577    0.0238    0.133     0.235     0.157     0.12      0.191     0.295     0.187     0.0259    0.00478   	   0.00478   	   
168 16.5      7.59      126       186       183       168       120       72.1      38.5      24.7      13.9      10        48.7      24.1      9.6       10.6      6.96      3.41      1.71      0.842     0.224     0.0583    0.0252    0.143     0.253     0.172     0.134     0.208     0.313     0.195     0.0264    0.00469   	   0.00469   	   
169 16.5      7.6       126       187       184       169       121       72.7      38.9      25        14.1      10.1      49.8      24.6      9.75      10.8      7.12      3.49      1.76      0.87      0.232     0.0589    0.0265    0.153     0.27      0.187     0.148     0.225     0.33      0.201     0.0267    0.00486   	   0.00486   	   
170 16.4      7.61      127       189       185       170       121       73.2      39.2      25.2      14.2      10.2      50.8      25.1      9.88      11        7.27      3.57      1.8       0.895     0.24      0.0594    0.028     0.163     0.287     0.202     0.162     0.241     0.347     0.207     0.0272    0.00472   	   0.00472   	   
171 16.4      7.62      128       190       186       171       122       73.7      39.5      25.4      14.4      10.3      51.7      25.5      10        11.2      7.41      3.65      1.84      0.92      0.247     0.0599    0.0293    0.172     0.302     0.215     0.175     0.256     0.363     0.213     0.0273    0.00489   	   0.00489   	   
172 16.4      7.63      128       191       187       172       123       74.2      39.8      25.6      14.5      10.4      52.5      25.9      10.1      11.4      7.53      3.71      1.88      0.941     0.253     0.0603    0.0307    0.181     0.317     0.228     0.188     0.271     0.378     0.218     0.0277    0.00479   	   0.00479   	   
173 16.4      7.63      129       191       188       172       123       74.6      40        25.8      14.6      10.5      53.3      26.3      10.2      11.6      7.64      3.77      1.92      0.962     0.259     0.0607    0.0319    0.189     0.331     0.24      0.199     0.284     0.391     0.223     0.0279    0.00489   	   0.00489   	   
174 16.4      7.64      129       192       189       173       124       74.9      40.2      25.9      14.7      10.6      53.9      26.6      10.3      11.7      7.74      3.82      1.95      0.978     0.264     0.0611    0.033     0.196     0.343     0.25      0.209     0.295     0.403     0.227     0.0281    0.0049    	   0.0049    	   
175 16.4      7.64      130       193       189       174       124       75.2      40.4      26        14.8      10.7      54.4      26.9      10.4      11.9      7.82      3.87      1.97      0.994     0.268     0.0614    0.0341    0.202     0.354     0.26      0.218     0.305     0.413     0.231     0.0283    0.00483   	   0.00483   	   
176 16.4      7.65      130       193       190       174       125       75.4      40.6      26.1      14.8      10.7      54.9      27.1      10.4      12        7.89      3.9       1.99      1.01      0.271     0.0616    0.0348    0.207     0.362     0.267     0.225     0.313     0.422     0.233     0.0284    0.00498   	   0.00498   	   
177 16.4      7.65      130       194       190       175       125       75.6      40.7      26.2      14.9      10.7      55.3      27.3      10.5      12        7.94      3.93      2.01      1.02      0.274     0.0619    0.0356    0.211     0.37      0.273     0.231     0.32      0.429     0.236     0.0287    0.00472   	   0.00472   	   
178 16.4      7.65      130       194       190       175       125       75.8      40.8      26.3      14.9      10.8      55.5      27.4      10.5      12.1      7.98      3.95      2.02      1.02      0.276     0.062     0.036     0.214     0.375     0.277     0.235     0.324     0.434     0.236     0.0285    0.00504   	   0.00504   	   
179 16.4      7.65      130       194       190       175       125       75.8      40.8      26.3      14.9      10.8      55.7      27.5      10.5      12.1      8         3.96      2.03      1.03      0.276     0.0621    0.0365    0.216     0.379     0.28      0.238     0.328     0.437     0.238     0.0289    0.00463   	   0.00463   	   
180 16.4      7.65      130       194       191       175       125       75.9      40.8      26.3      14.9      10.8      55.7      27.5      10.5      12.1      8.02      3.97      2.03      1.03      0.278     0.062     0.0361    0.216     0.378     0.279     0.238     0.328     0.437     0.236     0.0282    0.0055    	   0.0055    	   
