# 1
# 1e9
# 1
# 360.
# 471
2.8896	0
2.9154	0
2.9412	0
2.967	0
2.9928	0
3.0186	0
3.0444	0
3.0702	0
3.096	0
3.1218	0
3.1476	0
3.1734	0
3.1992	0
3.225	0
3.2508	0
3.2766	0
3.3024	0
3.3282	0
3.354	0
3.3798	0
3.4056	0
3.4314	0
3.4572	0
3.483	0
3.5088	0
3.5346	0
3.5604	0
3.5862	0
3.612	0
3.6378	0
3.6636	0
3.6894	0
3.7152	0
3.741	0
3.7668	0
3.7926	0
3.8184	0
3.8442	0
3.87	0
3.8958	0
3.9216	0
3.9474	0
3.9732	0
3.999	0
4.0248	0
4.0506	0
4.0764	0
4.1022	0
4.128	0
4.1538	0
4.1796	0
4.2054	0
4.2312	0
4.257	0
4.2828	0
4.3086	0
4.3344	0
4.3602	0
4.386	0
4.4118	0
4.4376	0
4.4634	0
4.4892	0
4.515	0
4.5408	0
4.5666	0
4.5924	0
4.6182	0
4.644	0
4.6698	0
4.6956	0
4.7214	0
4.7472	0
4.773	0
4.7988	0
4.8246	0
4.8504	0
4.8762	0
4.902	0
4.9278	0
4.9536	0
4.9794	0
5.0052	0
5.031	0
5.0568	0
5.0826	0
5.1084	0
5.1342	0
5.16	0
5.1858	0
5.2116	0
5.2374	0
5.2632	0
5.289	0
5.3148	0
5.3406	0
5.3664	0
5.3922	0
5.418	0
5.4438	0
5.4696	0
5.4954	0
5.5212	0
5.547	0
5.5728	0
5.5986	0
5.6244	0
5.6502	0
5.676	0
5.7018	0
5.7276	0
5.7534	0
5.7792	0
5.805	0
5.8308	0
5.8566	0
5.8824	0
5.9082	0
5.934	0
5.9598	0
5.9856	0
6.0114	0
6.0372	0
6.063	0
6.0888	0
6.1146	0
6.1404	0
6.1662	0
6.192	0
6.2178	0
6.2436	0
6.2694	0
6.2952	0
6.321	0
6.3468	0
6.3726	0
6.3984	0
6.4242	0
6.45	0
6.4758	0
6.5016	0
6.5274	0
6.5532	0
6.579	0
6.6048	0
6.6306	0
6.6564	0
6.6822	0
6.708	0
6.7338	0
6.7596	0
6.7854	0
6.8112	0
6.837	0
6.8628	0
6.8886	0
6.9144	0
6.9402	0
6.966	0
6.9918	0
7.0176	0
7.0434	0
7.0692	0
7.095	0
7.1208	0
7.1466	0
7.1724	0
7.1982	0
7.224	0
7.2498	0
7.2756	0
7.3014	0
7.3272	0
7.353	0
7.3788	0
7.4046	0
7.4304	0
7.4562	0
7.482	0
7.5078	0
7.5336	0
7.5594	0
7.5852	0
7.611	0
7.6368	0
7.6626	0
7.6884	0
7.7142	0
7.74	0
7.7658	0
7.7916	0
7.8174	0
7.8432	0
7.869	0
7.8948	0
7.9206	0
7.9464	0
7.9722	0
7.998	0
8.0238	0
8.0496	0
8.0754	0
8.1012	0
8.127	0
8.1528	0
8.1786	0
8.2044	0
8.2302	0
8.256	0
8.2818	0
8.3076	0
8.3334	0
8.3592	0
8.385	0
8.4108	0
8.4366	0
8.4624	0
8.4882	0
8.514	0
8.5398	0
8.5656	0
8.5914	0
8.6172	0
8.643	0
8.6688	0
8.6946	0
8.7204	0
8.7462	0
8.772	0
8.7978	0
8.8236	0
8.8494	0
8.8752	0
8.901	0
8.9268	0
8.9526	0
8.9784	0
9.0042	0
9.03	0
9.0558	0
9.0816	0
9.1074	0
9.1332	0
9.159	0
9.1848	0
9.2106	0
9.2364	0
9.2622	0
9.288	0
9.3138	0
9.3396	0
9.3654	0
9.3912	0
9.417	0
9.4428	0
9.4686	0
9.4944	0
9.5202	0
9.546	0
9.5718	0
9.5976	0
9.6234	0
9.6492	0
9.675	0
9.7008	0
9.7266	0
9.7524	0
9.7782	0
9.804	0
9.8298	3.363460916
9.8556	0.760607923
9.8814	2.639236412
9.9072	2.999346382
9.933	3.618715611
9.9588	1.089936692
9.9846	1.079676291
10.0104	2.32867515
10.0362	2.614711046
10.062	2.974821016
10.0878	2.40900506
10.1136	3.695040956
10.1394	5.092187963
10.1652	3.378223858
10.191	3.738333828
10.2168	4.876221576
10.2426	5.902998213
10.2684	3.374219294
10.2942	5.141736671
10.32	4.501846641
10.3458	5.269364018
10.3716	5.592436951
10.3974	5.693287662
10.4232	6.238582817
10.449	6.376470564
10.4748	7.366210164
10.5006	7.726320134
10.5264	7.864207882
10.5522	9.11320674
10.578	8.10294634
10.6038	7.537130384
10.6296	8.156499613
10.6554	7.146239213
10.6812	8.987830664
10.707	8.866459152
10.7328	10.33768023
10.7586	9.475567981
10.7844	9.613455729
10.8102	8.899491625
10.836	11.07441641
10.8618	11.36045231
10.8876	12.16500672
10.9134	12.67326484
10.9392	11.03337481
10.965	12.50459589
10.9908	12.34618734
11.0166	13.70629731
11.0424	14.06640728
11.0682	13.46355429
11.094	13.93477537
11.1198	13.40599645
11.1456	13.98832864
11.1714	14.42251268
11.1972	14.59743747
11.223	15.2168067
11.2488	16.28062037
11.2746	16.23332293
11.3004	15.51935883
11.3262	17.32391324
11.352	17.75809729
11.3778	18.11820726
11.4036	18.73757649
11.4294	18.39398275
11.4552	17.75409272
11.481	20.11420269
11.5068	20.02986822
11.5326	18.98257078
11.5584	20.41675483
11.5842	21.85093887
11.61	23.58141921
11.6358	23.4600477
11.6616	24.74074074
11.6874	22.33333333
11.7132	22.7037037
11.739	22.96296296
11.7648	23.03703704
11.7906	23.18518519
11.8164	25
11.8422	27.33333333
11.868	27.7037037
11.8938	25.51851852
11.9196	27.33333333
11.9454	27.74074074
11.9712	29.07407407
11.997	29.33333333
12.0228	31.96296296
12.0486	32.2962963
12.0744	35.03703704
12.1002	35.62962963
12.126	37.14814815
12.1518	41.2962963
12.1776	42.07407407
12.2034	45.07407407
12.2292	46.81481481
12.255	49.03703704
12.2808	52.88888889
12.3066	55.59259259
12.3324	60.25925926
12.3582	62.51851852
12.384	66.44444444
12.4098	68.18518519
12.4356	73.55555556
12.4614	76.33333333
12.4872	84.92592593
12.513	86.44444444
12.5388	92.14814815
12.5646	93.55555556
12.5904	97.92592593
12.6162	99.74074074
12.642	100.6296296
12.6678	107.3333333
12.6936	112.8148148
12.7194	118.3333333
12.7452	117.1851852
12.771	120.037037
12.7968	121.5185185
12.8226	122.8888889
12.8484	127.1851852
12.8742	127.0740741
12.9	129.3703704
12.9258	132.4444444
12.9516	129.7777778
12.9774	133.2592593
13.0032	134.7777778
13.029	135.7777778
13.0548	137.6296296
13.0806	135.2592593
13.1064	135.1851852
13.1322	135.6666667
13.158	137.5555556
13.1838	137.5925926
13.2096	132.7777778
13.2354	137.9259259
13.2612	136.7037037
13.287	138.4074074
13.3128	130.962963
13.3386	133.7037037
13.3644	134.4074074
13.3902	133.7037037
13.416	138
13.4418	134.1851852
13.4676	132.5185185
13.4934	135.0740741
13.5192	131.2962963
13.545	130.5925926
13.5708	130.0000002
13.5966	127.6803573
13.6224	125.3607145
13.6482	123.0410716
13.674	120.7214288
13.6998	118.4017859
13.7256	116.0821431
13.7514	113.7625002
13.7772	111.4428573
13.803	109.1232145
13.8288	106.8035716
13.8546	104.4839288
13.8804	102.1642859
13.9062	99.84464305
13.932	97.5250002
13.9578	95.20535734
13.9836	92.88571448
14.0094	90.56607162
14.0352	88.24642877
14.061	85.92678591
14.0868	83.60714305
14.1126	81.2875002
14.1384	78.96785734
14.1642	76.64821448
14.19	74.32857162
14.2158	72.00892877
14.2416	69.68928591
14.2674	67.36964305
14.2932	65.0500002
14.319	62.73035734
14.3448	60.41071448
14.3706	58.09107163
14.3964	55.77142877
14.4222	53.45178591
14.448	51.13214305
14.4738	48.8125002
14.4996	46.49285734
14.5254	44.17321448
14.5512	41.85357163
14.577	39.53392877
14.6028	37.21428591
14.6286	34.89464305
14.6544	32.5750002
14.6802	30.25535734
14.706	27.93571448
14.7318	25.61607163
14.7576	23.29642877
14.7834	20.97678591
14.8092	18.65714306
14.835	16.3375002
14.8608	14.01785734
14.8866	11.69821448
14.9124	9.378571627
14.9382	7.05892877
14.964	4.739285913
14.9898	2.419643056
15.0156	0.100000199
