# 1
# 1e9
# 1
# 360.
# 3377
2.8896	0
2.9154	0
2.9412	0
2.967	0
2.9928	0
3.0186	0
3.0444	0
3.0702	0
3.096	0
3.1218	0
3.1476	0
3.1734	0
3.1992	0
3.225	0
3.2508	0
3.2766	0
3.3024	0
3.3282	0
3.354	0
3.3798	0
3.4056	0
3.4314	0
3.4572	0
3.483	0
3.5088	0
3.5346	0
3.5604	0
3.5862	0
3.612	0
3.6378	0
3.6636	0
3.6894	0
3.7152	0
3.741	0
3.7668	0
3.7926	0
3.8184	0
3.8442	0
3.87	0
3.8958	0
3.9216	0
3.9474	0
3.9732	0
3.999	0
4.0248	0
4.0506	0
4.0764	0
4.1022	0
4.128	0
4.1538	0
4.1796	0
4.2054	0
4.2312	0
4.257	0
4.2828	0
4.3086	0
4.3344	0
4.3602	0
4.386	0
4.4118	0
4.4376	0
4.4634	0
4.4892	0
4.515	0
4.5408	0
4.5666	0
4.5924	0
4.6182	0
4.644	0
4.6698	0
4.6956	0
4.7214	0
4.7472	0
4.773	0
4.7988	0
4.8246	0
4.8504	0
4.8762	0
4.902	0
4.9278	0
4.9536	0
4.9794	0
5.0052	0
5.031	0
5.0568	0
5.0826	0
5.1084	0
5.1342	0
5.16	0
5.1858	0
5.2116	0
5.2374	0
5.2632	0
5.289	0
5.3148	0
5.3406	0
5.3664	0
5.3922	0
5.418	0
5.4438	0
5.4696	0
5.4954	0
5.5212	0
5.547	0
5.5728	0
5.5986	0
5.6244	0
5.6502	0
5.676	0
5.7018	0
5.7276	0
5.7534	0
5.7792	0
5.805	0
5.8308	0
5.8566	0
5.8824	0
5.9082	0
5.934	0
5.9598	0
5.9856	0
6.0114	0
6.0372	0
6.063	0
6.0888	0
6.1146	0
6.1404	0
6.1662	0
6.192	0
6.2178	0
6.2436	0
6.2694	0
6.2952	0
6.321	0
6.3468	0
6.3726	0
6.3984	0
6.4242	0
6.45	0
6.4758	0
6.5016	0
6.5274	0
6.5532	0
6.579	0
6.6048	0
6.6306	0
6.6564	0
6.6822	0
6.708	0
6.7338	0
6.7596	0
6.7854	0
6.8112	0
6.837	0
6.8628	0
6.8886	0
6.9144	0
6.9402	0
6.966	0
6.9918	0
7.0176	0
7.0434	0
7.0692	0
7.095	0
7.1208	0
7.1466	0
7.1724	0
7.1982	0
7.224	0
7.2498	0
7.2756	0
7.3014	0
7.3272	0
7.353	0
7.3788	0
7.4046	0
7.4304	0
7.4562	0
7.482	0
7.5078	0
7.5336	0
7.5594	0
7.5852	0
7.611	0
7.6368	0
7.6626	0
7.6884	0
7.7142	0
7.74	0
7.7658	0
7.7916	0
7.8174	0
7.8432	0
7.869	0
7.8948	0
7.9206	0
7.9464	0
7.9722	0
7.998	0
8.0238	0
8.0496	0
8.0754	0
8.1012	0
8.127	0
8.1528	0
8.1786	0
8.2044	0
8.2302	0
8.256	0
8.2818	0
8.3076	0
8.3334	0
8.3592	0
8.385	0
8.4108	0
8.4366	0
8.4624	0
8.4882	0
8.514	0
8.5398	0
8.5656	0
8.5914	0
8.6172	0
8.643	0
8.6688	0
8.6946	0
8.7204	0
8.7462	0
8.772	0
8.7978	0
8.8236	0
8.8494	0
8.8752	0
8.901	0
8.9268	0
8.9526	0
8.9784	0
9.0042	0
9.03	0
9.0558	0
9.0816	0
9.1074	0
9.1332	0
9.159	0
9.1848	0
9.2106	0
9.2364	0
9.2622	0
9.288	0
9.3138	0
9.3396	0
9.3654	0
9.3912	0
9.417	0
9.4428	0
9.4686	0
9.4944	0
9.5202	0
9.546	0
9.5718	0
9.5976	0
9.6234	0
9.6492	0
9.675	0
9.7008	0
9.7266	0
9.7524	0
9.7782	0
9.804	0
9.8298	3.3634609
9.8556	0.7606079
9.8814	2.6392364
9.9072	2.9993464
9.933	3.6187156
9.9588	1.0899367
9.9846	1.0796763
10.0104	2.3286752
10.0362	2.614711
10.062	2.974821
10.0878	2.4090051
10.1136	3.695041
10.1394	5.092188
10.1652	3.3782239
10.191	3.7383338
10.2168	4.8762216
10.2426	5.9029982
10.2684	3.3742193
10.2942	5.1417367
10.32	4.5018466
10.3458	5.269364
10.3716	5.592437
10.3974	5.6932877
10.4232	6.2385828
10.449	6.3764706
10.4748	7.3662102
10.5006	7.7263201
10.5264	7.8642079
10.5522	9.1132067
10.578	8.1029463
10.6038	7.5371304
10.6296	8.1564996
10.6554	7.1462392
10.6812	8.9878307
10.707	8.8664592
10.7328	10.3376802
10.7586	9.475568
10.7844	9.6134557
10.8102	8.8994916
10.836	11.0744164
10.8618	11.3604523
10.8876	12.1650067
10.9134	12.6732648
10.9392	11.0333748
10.965	12.5045959
10.9908	12.3461873
11.0166	13.7062973
11.0424	14.0664073
11.0682	13.4635543
11.094	13.9347754
11.1198	13.4059964
11.1456	13.9883286
11.1714	14.4225127
11.1972	14.5974375
11.223	15.2168067
11.2488	16.2806204
11.2746	16.2333229
11.3004	15.5193588
11.3262	17.3239132
11.352	17.7580973
11.3778	18.1182073
11.4036	18.7375765
11.4294	18.3939827
11.4552	17.7540927
11.481	20.1142027
11.5068	20.0298682
11.5326	18.9825708
11.5584	20.4167548
11.5842	21.8509389
11.61	23.5814192
11.6358	23.4600477
11.6616	24.7407407
11.6874	22.3333333
11.7132	22.7037037
11.739	22.962963
11.7648	23.037037
11.7906	23.1851852
11.8164	25
11.8422	27.3333333
11.868	27.7037037
11.8938	25.5185185
11.9196	27.3333333
11.9454	27.7407407
11.9712	29.0740741
11.997	29.3333333
12.0228	31.962963
12.0486	32.2962963
12.0744	35.037037
12.1002	35.6296296
12.126	37.1481481
12.1518	41.2962963
12.1776	42.0740741
12.2034	45.0740741
12.2292	46.8148148
12.255	49.037037
12.2808	52.8888889
12.3066	55.5925926
12.3324	60.2592593
12.3582	62.5185185
12.384	66.4444444
12.4098	68.1851852
12.4356	73.5555556
12.4614	76.3333333
12.4872	84.9259259
12.513	86.4444444
12.5388	92.1481481
12.5646	93.5555556
12.5904	97.9259259
12.6162	99.7407407
12.642	100.6296296
12.6678	107.3333333
12.6936	112.8148148
12.7194	118.3333333
12.7452	117.1851852
12.771	120.037037
12.7968	121.5185185
12.8226	122.8888889
12.8484	127.1851852
12.8742	127.0740741
12.9	129.3703704
12.9258	132.4444444
12.9516	129.7777778
12.9774	133.2592593
13.0032	134.7777778
13.029	135.7777778
13.0548	137.6296296
13.0806	135.2592593
13.1064	135.1851852
13.1322	135.6666667
13.158	137.5555556
13.1838	137.5925926
13.2096	132.7777778
13.2354	137.9259259
13.2612	136.7037037
13.287	138.4074074
13.3128	130.962963
13.3386	133.7037037
13.3644	134.4074074
13.3902	133.7037037
13.416	138
13.4418	134.1851852
13.4676	132.5185185
13.4934	135.0740741
13.5192	131.2962963
13.545	130.5925926
13.5708	130.0000002
13.5966	127.6803573
13.6224	127.1304348
13.6482	125.9565217
13.674	125.6521739
13.6998	124.5652174
13.7256	121.2173913
13.7514	123.4347826
13.7772	123.9565217
13.803	120.6521739
13.8288	126.2173913
13.8546	124.4347826
13.8804	123.6521739
13.9062	119.9130435
13.932	122.9130435
13.9578	120.9130435
13.9836	122.7826087
14.0094	123.4782609
14.0352	122.8695652
14.061	119.2173913
14.0868	120.6086957
14.1126	119.9130435
14.1384	115.2608696
14.1642	116.6521739
14.19	122.3478261
14.2158	114.4347826
14.2416	116.0869565
14.2674	113.7826087
14.2932	113.826087
14.319	112.6956522
14.3448	110.5217391
14.3706	109.826087
14.3964	106.5217391
14.4222	109.4347826
14.448	105.8695652
14.4738	104.2608696
14.4996	101.4782609
14.5254	103.7826087
14.5512	105
14.577	100.3043478
14.6028	96.173913
14.6286	100.0434783
14.6544	96.9130435
14.6802	101
14.706	99.3913043
14.7318	97.826087
14.7576	98.1304348
14.7834	94.826087
14.8092	98.8695652
14.835	94.8695652
14.8608	94.1304348
14.8866	95.3913043
14.9124	93.7391304
14.9382	92.1304348
14.964	90.0869565
14.9898	91.9130435
15.0156	91.173913
15.0414	91.4347826
15.0672	91.1304348
15.093	89.3478261
15.1188	91.0869565
15.1446	90.9565217
15.1704	92.2173913
15.1962	91.173913
15.222	86.0869565
15.2478	88.0434783
15.2736	87.5652174
15.2994	86.3478261
15.3252	89.7826087
15.351	86.7826087
15.3768	87.4347826
15.4026	86.3043478
15.4284	87.8695652
15.4542	88.0434783
15.48	86.9565217
15.5058	85.2608696
15.5316	90.5652174
15.5574	89
15.5832	86.3478261
15.609	87.6521739
15.6348	86.2608696
15.6606	86.7826087
15.6864	88.3478261
15.7122	85.8695652
15.738	87.7826087
15.7638	88.2608696
15.7896	85.4347826
15.8154	89.5217391
15.8412	89.0869565
15.867	89.8695652
15.8928	88.6521739
15.9186	87.9565217
15.9444	86.6956522
15.9702	87.3913043
15.996	85.826087
16.0218	84.4347826
16.0476	89.5217391
16.0734	89.3478261
16.0992	90.2173913
16.125	87.0869565
16.1508	87.4347826
16.1766	88.3478261
16.2024	86.6521739
16.2282	86.3913043
16.254	84.9130435
16.2798	84.8695652
16.3056	85.3043478
16.3314	90.0869565
16.3572	89
16.383	85.9130435
16.4088	83.7826087
16.4346	86.9565217
16.4604	86.2608696
16.4862	83.7391304
16.512	87.2173913
16.5378	88.0434783
16.5636	85.7826087
16.5894	84.9130435
16.6152	84.2608696
16.641	83.5217391
16.6668	85.3913043
16.6926	82.2608696
16.7184	80.3913043
16.7442	84.2608696
16.77	81.1304348
16.7958	86
16.8216	83.6521739
16.8474	80.9130435
16.8732	80.3478261
16.899	86.4782609
16.9248	83.0434783
16.9506	83.6956522
16.9764	80.1304348
17.0022	81.5652174
17.028	83
17.0538	80.4782609
17.0796	83.3478261
17.1054	82.2173913
17.1312	84.3913043
17.157	81.6521739
17.1828	80.6086957
17.2086	82.6521739
17.2344	81
17.2602	82.4782609
17.286	82.4782609
17.3118	83.0869565
17.3376	80.0434783
17.3634	81.3478261
17.3892	80.7391304
17.415	81.9130435
17.4408	80.0869565
17.4666	79.7391304
17.4924	79.826087
17.5182	80
17.544	78.3043478
17.5698	80.8695652
17.5956	81.2173913
17.6214	78.6086957
17.6472	77.7391304
17.673	82.5652174
17.6988	75.4347826
17.7246	79.173913
17.7504	77.0434783
17.7762	76.9565217
17.802	79.0434783
17.8278	74.2608696
17.8536	76
17.8794	78.3043478
17.9052	77.4347826
17.931	79.0434783
17.9568	77.9130435
17.9826	75.7391304
18.0084	77.2608696
18.0342	75.5217391
18.06	75.6521739
18.0858	76.6956522
18.1116	76.9565217
18.1374	76.3913043
18.1632	78.2608696
18.189	76.6956522
18.2148	75.2608696
18.2406	76.6521739
18.2664	75.6521739
18.2922	76.6086957
18.318	73.4347826
18.3438	77.9565217
18.3696	73.7391304
18.3954	77.1304348
18.4212	72.7826087
18.447	75.5217391
18.4728	74.8695652
18.4986	74.1304348
18.5244	75.4347826
18.5502	73.2173913
18.576	74.173913
18.6018	73.3043478
18.6276	71
18.6534	72.5217391
18.6792	73.4347826
18.705	74.0869565
18.7308	74.2173913
18.7566	73.0434783
18.7824	71.3043478
18.8082	70.173913
18.834	71.7391304
18.8598	72.6956522
18.8856	72.3478261
18.9114	71.6521739
18.9372	72.0434783
18.963	70
18.9888	71.9130435
19.0146	72.7826087
19.0404	67.7391304
19.0662	67.4347826
19.092	68.3043478
19.1178	67.7391304
19.1436	69.8695652
19.1694	68.0434783
19.1952	67.6521739
19.221	69.173913
19.2468	67.0434783
19.2726	67.6956522
19.2984	68.173913
19.3242	63.5217391
19.35	70.4782609
19.3758	68.2173913
19.4016	64.6521739
19.4274	67.2173913
19.4532	65.3043478
19.479	67.7391304
19.5048	64.6086957
19.5306	64.4782609
19.5564	63.826087
19.5822	64.2173913
19.608	65.9130435
19.6338	65.2173913
19.6596	63.826087
19.6854	64.7826087
19.7112	66.0434783
19.737	64.0869565
19.7628	67.3913043
19.7886	62.826087
19.8144	66.5217391
19.8402	65.6521739
19.866	63.0869565
19.8918	62.2608696
19.9176	65.2608696
19.9434	63.173913
19.9692	62.2608696
19.995	60.6086957
20.0208	64.1304348
20.0466	62.173913
20.0724	59.2173913
20.0982	63.0869565
20.124	61.173913
20.1498	59
20.1756	62.1304348
20.2014	60.5217391
20.2272	60.0434783
20.253	60.4782609
20.2788	57.3913043
20.3046	57.173913
20.3304	62.3043478
20.3562	61.4347826
20.382	58.173913
20.4078	60.2173913
20.4336	59.6086957
20.4594	57.3043478
20.4852	58.4347826
20.511	56.7826087
20.5368	58.4347826
20.5626	59.0434783
20.5884	59.6956522
20.6142	58.826087
20.64	55.7826087
20.6658	58.4782609
20.6916	60.0869565
20.7174	56.7391304
20.7432	58.5652174
20.769	54.3913043
20.7948	55.826087
20.8206	55.5217391
20.8464	55.7826087
20.8722	54.5652174
20.898	55.2173913
20.9238	55.5652174
20.9496	53.8695652
20.9754	56.4782609
21.0012	55.8695652
21.027	53.4347826
21.0528	53.6956522
21.0786	52.1304348
21.1044	55
21.1302	52.9565217
21.156	53.8695652
21.1818	49.6956522
21.2076	52.7826087
21.2334	56.2173913
21.2592	50.7391304
21.285	51.4347826
21.3108	52.6086957
21.3366	51.826087
21.3624	51.3913043
21.3882	51.826087
21.414	50.7826087
21.4398	51.9565217
21.4656	51.2173913
21.4914	53
21.5172	51.8695652
21.543	50.6521739
21.5688	52.4782609
21.5946	53.6521739
21.6204	50.6521739
21.6462	49.9565217
21.672	52.5217391
21.6978	52.2173913
21.7236	51.6956522
21.7494	50.7391304
21.7752	49
21.801	48.7391304
21.8268	51.5217391
21.8526	49.0869565
21.8784	49
21.9042	50.2608696
21.93	47.7826087
21.9558	50.2608696
21.9816	49.5217391
22.0074	49.9130435
22.0332	49
22.059	52.1304348
22.0848	49.8695652
22.1106	50.826087
22.1364	49.2608696
22.1622	51.2608696
22.188	52.5652174
22.2138	46.9565217
22.2396	49.5652174
22.2654	50.0869565
22.2912	49.173913
22.317	50.2608696
22.3428	49.0434783
22.3686	51.7391304
22.3944	50.3043478
22.4202	49.7391304
22.446	48.6521739
22.4718	49.3478261
22.4976	49.3043478
22.5234	47.3478261
22.5492	47.7391304
22.575	46.3478261
22.6008	47.6086957
22.6266	47.826087
22.6524	46.3913043
22.6782	47.2608696
22.704	50.0434783
22.7298	47.0869565
22.7556	47.2608696
22.7814	46.9565217
22.8072	46.9565217
22.833	43.6521739
22.8588	48.0434783
22.8846	49.6086957
22.9104	47.4782609
22.9362	47.2608696
22.962	49.6086957
22.9878	46.3478261
23.0136	45.3913043
23.0394	43.7391304
23.0652	47.3043478
23.091	45
23.1168	47.1304348
23.1426	46.2173913
23.1684	46.826087
23.1942	45.2608696
23.22	47.9130435
23.2458	47.0434783
23.2716	44.4782609
23.2974	42.4782609
23.3232	46.2608696
23.349	46.6956522
23.3748	45.5217391
23.4006	45.9130435
23.4264	44.8695652
23.4522	44.0434783
23.478	45.7826087
23.5038	45.6956522
23.5296	43.6956522
23.5554	44.6956522
23.5812	41.5652174
23.607	42.3913043
23.6328	44.5217391
23.6586	45.0434783
23.6844	42.9565217
23.7102	42.6956522
23.736	41.9565217
23.7618	44
23.7876	42.4347826
23.8134	45.6086957
23.8392	41.2608696
23.865	40.3913043
23.8908	44.3913043
23.9166	44.2608696
23.9424	42.4782609
23.9682	42.5652174
23.994	39.6956522
24.0198	41.173913
24.0456	44.173913
24.0714	41.173913
24.0972	43.2608696
24.123	46.9565217
24.1488	41.3913043
24.1746	41.826087
24.2004	42.3043478
24.2262	41.2608696
24.252	39.826087
24.2778	40.6956522
24.3036	40.1304348
24.3294	37.173913
24.3552	39.2173913
24.381	38.8695652
24.4068	39.6086957
24.4326	41.9565217
24.4584	39.3913043
24.4842	38.8695652
24.51	41.0434783
24.5358	41.826087
24.5616	38.173913
24.5874	39.9565217
24.6132	38.7391304
24.639	40.3043478
24.6648	38.7826087
24.6906	38.5652174
24.7164	40.2173913
24.7422	38.7826087
24.768	39.4347826
24.7938	38.6956522
24.8196	37.0869565
24.8454	37.8695652
24.8712	39.8695652
24.897	35.6086957
24.9228	38.3913043
24.9486	40.2608696
24.9744	37.3043478
25.0002	37.9130435
25.026	37
25.0518	36.5217391
25.0776	36.1304348
25.1034	36.173913
25.1292	38.2173913
25.155	35.3043478
25.1808	35.8695652
25.2066	35.5652174
25.2324	34.4347826
25.2582	36.1304348
25.284	34.7391304
25.3098	34.826087
25.3356	33.4347826
25.3614	36.5652174
25.3872	34.6521739
25.413	37.6956522
25.4388	35.5652174
25.4646	34.2608696
25.4904	35.5217391
25.5162	35.0434783
25.542	35.4347826
25.5678	34.7391304
25.5936	35.3478261
25.6194	35.5652174
25.6452	34.2173913
25.671	34.0869565
25.6968	35.826087
25.7226	35.3478261
25.7484	33.8695652
25.7742	32.7826087
25.8	32.0434783
25.8258	32.3478261
25.8516	34.2608696
25.8774	32.6956522
25.9032	35.3478261
25.929	34.0434783
25.9548	35.173913
25.9806	33.2173913
26.0064	34.173913
26.0322	31.6956522
26.058	31.4782609
26.0838	33.9130435
26.1096	30.9130435
26.1354	32.173913
26.1612	29.6956522
26.187	31.826087
26.2128	31.7391304
26.2386	32.826087
26.2644	33.0869565
26.2902	30.5217391
26.316	30
26.3418	30.826087
26.3676	31.4347826
26.3934	32.6956522
26.4192	30.2608696
26.445	30.2608696
26.4708	31.6086957
26.4966	30.9565217
26.5224	29.5652174
26.5482	31.6086957
26.574	30.9130435
26.5998	30.8695652
26.6256	30.2173913
26.6514	28.6956522
26.6772	29.2608696
26.703	29.9130435
26.7288	27.8695652
26.7546	30.5217391
26.7804	31.6521739
26.8062	28.173913
26.832	28.9565217
26.8578	28.7391304
26.8836	29.6521739
26.9094	28.9565217
26.9352	26.5652174
26.961	29.3043478
26.9868	29.6521739
27.0126	28.7826087
27.0384	29.0869565
27.0642	30.6521739
27.09	30.2173913
27.1158	30.6956522
27.1416	29.2608696
27.1674	29.5652174
27.1932	29.3478261
27.219	26.7826087
27.2448	29.3913043
27.2706	30.6956522
27.2964	27.9130435
27.3222	28.4347826
27.348	31.2173913
27.3738	28.7391304
27.3996	28.6086957
27.4254	29.2173913
27.4512	29.3478261
27.477	26.5652174
27.5028	29.3478261
27.5286	25.7826087
27.5544	27.8695652
27.5802	26.6956522
27.606	28.6521739
27.6318	25.9130435
27.6576	27.2608696
27.6834	27.3913043
27.7092	27.6086957
27.735	26.9565217
27.7608	29.7391304
27.7866	28.9565217
27.8124	28.6956522
27.8382	27.826087
27.864	24.8695652
27.8898	26.2608696
27.9156	28.6086957
27.9414	26.2173913
27.9672	26.1304348
27.993	25.3043478
28.0188	26.8695652
28.0446	25.7826087
28.0704	27.3043478
28.0962	25.6086957
28.122	25.7826087
28.1478	25.6521739
28.1736	26.0434783
28.1994	25.5652174
28.2252	26.2173913
28.251	25.2608696
28.2768	25.5217391
28.3026	26.9565217
28.3284	25.173913
28.3542	26.2173913
28.38	24.7391304
28.4058	26.4347826
28.4316	26.6521739
28.4574	24.6956522
28.4832	27
28.509	25.3478261
28.5348	23.0434783
28.5606	24.2173913
28.5864	25.0434783
28.6122	25
28.638	24.6086957
28.6638	25.0434783
28.6896	25.826087
28.7154	22.3913043
28.7412	24.826087
28.767	25.3913043
28.7928	24.0869565
28.8186	25
28.8444	25.3478261
28.8702	25.5652174
28.896	23.2608696
28.9218	25.0434783
28.9476	23.5217391
28.9734	24.5217391
28.9992	24.173913
29.025	24.5217391
29.0508	24.4347826
29.0766	23.6956522
29.1024	25.0869565
29.1282	22.9130435
29.154	22.7391304
29.1798	23.0869565
29.2056	22.5217391
29.2314	22.3478261
29.2572	23.0869565
29.283	21.7826087
29.3088	21.7391304
29.3346	22.3478261
29.3604	23.3913043
29.3862	24.0869565
29.412	23.6086957
29.4378	23.0869565
29.4636	24.826087
29.4894	22.4782609
29.5152	22.6521739
29.541	22.6086957
29.5668	20.2608696
29.5926	22.2173913
29.6184	23.5652174
29.6442	23.3043478
29.67	23
29.6958	22.6956522
29.7216	22.7391304
29.7474	21.6956522
29.7732	21.9565217
29.799	22.5217391
29.8248	22.8695652
29.8506	23.9130435
29.8764	22.0869565
29.9022	21.6086957
29.928	21.8695652
29.9538	22.826087
29.9796	21.0869565
30.0054	20.3478261
30.0312	20.8695652
30.057	21.5652174
30.0828	21.3043478
30.1086	20.9565217
30.1344	20.173913
30.1602	19.7826087
30.186	19.2173913
30.2118	20.6521739
30.2376	20.3913043
30.2634	19.6521739
30.2892	20.9565217
30.315	20.3913043
30.3408	20.5652174
30.3666	20.2173913
30.3924	21.0434783
30.4182	20.9565217
30.444	22.4347826
30.4698	20.0869565
30.4956	21.2173913
30.5214	21.8695652
30.5472	20.6521739
30.573	21.6521739
30.5988	19.2608696
30.6246	20.6086957
30.6504	19.5652174
30.6762	19.8695652
30.702	17.826087
30.7278	20.9565217
30.7536	19.6086957
30.7794	19.826087
30.8052	19.4347826
30.831	20.4782609
30.8568	18.6521739
30.8826	20.3913043
30.9084	19.2173913
30.9342	20.3478261
30.96	17.9130435
30.9858	17.1304348
31.0116	19.2173913
31.0374	17.826087
31.0632	20.2608696
31.089	18.3913043
31.1148	18.4347826
31.1406	18.4782609
31.1664	18.3478261
31.1922	18.7826087
31.218	18.5217391
31.2438	17.6956522
31.2696	18.8695652
31.2954	17.2173913
31.3212	19.0434783
31.347	19.3478261
31.3728	18.2173913
31.3986	17.4347826
31.4244	17.4782609
31.4502	19.0434783
31.476	16.826087
31.5018	17.5217391
31.5276	19
31.5534	16.0869565
31.5792	17.2173913
31.605	17.6086957
31.6308	18.9130435
31.6566	19.7826087
31.6824	15.5217391
31.7082	17.3478261
31.734	16.6956522
31.7598	18.4782609
31.7856	16.1304348
31.8114	16.9130435
31.8372	17.3478261
31.863	16.173913
31.8888	18.9130435
31.9146	17.6521739
31.9404	17.0434783
31.9662	17.5217391
31.992	17.3913043
32.0178	18.2173913
32.0436	15.7826087
32.0694	16.4782609
32.0952	15.9565217
32.121	16.9565217
32.1468	16.0869565
32.1726	17.5217391
32.1984	16.9130435
32.2242	15.7826087
32.25	16.3478261
32.2758	15.7391304
32.3016	15.4782609
32.3274	16.826087
32.3532	17.0434783
32.379	15.3043478
32.4048	16.7391304
32.4306	15.173913
32.4564	14.4347826
32.4822	15.3913044
32.508	17.0869565
32.5338	14.9130435
32.5596	16.9130435
32.5854	18.7391304
32.6112	14.3913044
32.637	15.0869565
32.6628	15.6086956
32.6886	15.4347826
32.7144	16.826087
32.7402	13.6956522
32.766	15.9565217
32.7918	14.9130435
32.8176	14.6521739
32.8434	14.3478261
32.8692	14.826087
32.895	15.3043478
32.9208	17.4782609
32.9466	15.1304348
32.9724	15.2608696
32.9982	15.5652174
33.024	14.6521739
33.0498	13.4782609
33.0756	16.6521739
33.1014	14.5652174
33.1272	16.3043478
33.153	17.2608696
33.1788	14.2173913
33.2046	13.3913044
33.2304	14.9130435
33.2562	14.3913044
33.282	15.5652174
33.3078	14.4347826
33.3336	14.6521739
33.3594	13.6086956
33.3852	13.9130435
33.411	13.7826087
33.4368	12.8695652
33.4626	14.4782609
33.4884	13.4782609
33.5142	14.173913
33.54	13.8695652
33.5658	14.0434783
33.5916	13.7391304
33.6174	13
33.6432	12.6521739
33.669	15.5652174
33.6948	13.2608696
33.7206	13.9130435
33.7464	14.3478261
33.7722	12.6086956
33.798	14.2173913
33.8238	13.2173913
33.8496	12.9130435
33.8754	14.5217391
33.9012	12.826087
33.927	13.3913044
33.9528	13.0434783
33.9786	12.7391304
34.0044	12.3043478
34.0302	12.5217391
34.056	12.3043478
34.0818	12
34.1076	12.4782609
34.1334	13.6521739
34.1592	13.3043478
34.185	13
34.2108	11.6521739
34.2366	13.2173913
34.2624	12.3043478
34.2882	12.4782609
34.314	12.9130435
34.3398	12.5217391
34.3656	13
34.3914	12.6086956
34.4172	13.0869565
34.443	13
34.4688	12.7391304
34.4946	11.9130435
34.5204	12.1304348
34.5462	13.3913044
34.572	10.9565217
34.5978	13.6521739
34.6236	11.826087
34.6494	11.826087
34.6752	13
34.701	11.5217391
34.7268	12.7826087
34.7526	10.9130435
34.7784	12.8695652
34.8042	11.6956522
34.83	11.7391304
34.8558	12.173913
34.8816	13.6956522
34.9074	12.2608696
34.9332	12.4782609
34.959	11.4347826
34.9848	11.826087
35.0106	11.8695652
35.0364	11.6086956
35.0622	11.4782609
35.088	12
35.1138	11
35.1396	11.3043478
35.1654	12.3043478
35.1912	11.6956522
35.217	10.9565217
35.2428	12.5217391
35.2686	12.1304348
35.2944	11.7826087
35.3202	10.8695652
35.346	10.6956522
35.3718	12.5652174
35.3976	11.1304348
35.4234	10.826087
35.4492	12.826087
35.475	10.2608696
35.5008	10.6521739
35.5266	12.2608696
35.5524	12.5652174
35.5782	11.3913044
35.604	10.1304348
35.6298	10.4347826
35.6556	11.4782609
35.6814	10.9130435
35.7072	10.5217391
35.733	10.7826087
35.7588	11.3478261
35.7846	10.3913044
35.8104	12
35.8362	11.6956522
35.862	11.1304348
35.8878	11.0434783
35.9136	11.0434783
35.9394	11.4782609
35.9652	10.6521739
35.991	9.3043478
36.0168	9.9565217
36.0426	10.9565217
36.0684	11.826087
36.0942	11.3043478
36.12	11.2608696
36.1458	11.1304348
36.1716	10.5652174
36.1974	10.0434783
36.2232	10.173913
36.249	10.3913044
36.2748	11.3478261
36.3006	10.7826087
36.3264	10.6521739
36.3522	9.9130435
36.378	9.7826087
36.4038	10.3478261
36.4296	9.8695652
36.4554	10.6521739
36.4812	10.5652174
36.507	10.2173913
36.5328	10.9565217
36.5586	11
36.5844	10.1304348
36.6102	10.3043478
36.636	10.6086956
36.6618	10.3478261
36.6876	10
36.7134	10.6521739
36.7392	10.0434783
36.765	10
36.7908	11
36.8166	10.826087
36.8424	10.0434783
36.8682	10.4782609
36.894	9.6086957
36.9198	8.9130435
36.9456	9.6086957
36.9714	8.7826087
36.9972	8.7826087
37.023	10.0434783
37.0488	9.4782609
37.0746	10.2173913
37.1004	9.7826087
37.1262	9.4347826
37.152	9
37.1778	9.7391304
37.2036	10.0434783
37.2294	8.4347826
37.2552	8.5217391
37.281	9.6956522
37.3068	9.4347826
37.3326	9.4782609
37.3584	9.7391304
37.3842	9.173913
37.41	10.2173913
37.4358	9.3043478
37.4616	9.3043478
37.4874	9.9565217
37.5132	9
37.539	8.3043478
37.5648	9.3043478
37.5906	9.173913
37.6164	9.3478261
37.6422	9.5217391
37.668	9.6956522
37.6938	9.7826087
37.7196	9.0869565
37.7454	8.7391304
37.7712	9.1304348
37.797	8.9565217
37.8228	8.6521739
37.8486	8.5217391
37.8744	7.3913043
37.9002	8.4782609
37.926	8.4782609
37.9518	9.6086957
37.9776	8.9130435
38.0034	8.8695652
38.0292	8.4347826
38.055	9.2608696
38.0808	8.173913
38.1066	8.3913043
38.1324	9.173913
38.1582	7.7391304
38.184	9.3043478
38.2098	8.2608696
38.2356	8
38.2614	8.6956522
38.2872	7.9565217
38.313	8.173913
38.3388	8.6086957
38.3646	8.7391304
38.3904	8.2173913
38.4162	7.9130435
38.442	8.2608696
38.4678	7.826087
38.4936	7.7391304
38.5194	9.0869565
38.5452	8.2608696
38.571	8.9130435
38.5968	9.3043478
38.6226	8
38.6484	7.5217391
38.6742	7.173913
38.7	7.6086957
38.7258	8
38.7516	7.6956522
38.7774	8.5652174
38.8032	7.8695652
38.829	7.7826087
38.8548	8.6521739
38.8806	7.5217391
38.9064	8.8695652
38.9322	8.6956522
38.958	7.6521739
38.9838	8.0869565
39.0096	7.4347826
39.0354	7.0434783
39.0612	7.9565217
39.087	7.9130435
39.1128	8.3478261
39.1386	7.7391304
39.1644	7.6956522
39.1902	7.2173913
39.216	7.6956522
39.2418	7.5652174
39.2676	7.4782609
39.2934	8.0434783
39.3192	7.6086957
39.345	8.173913
39.3708	7.6521739
39.3966	8.5217391
39.4224	8.173913
39.4482	8.3478261
39.474	7.173913
39.4998	8.3478261
39.5256	8.3913043
39.5514	7
39.5772	8.826087
39.603	8.6521739
39.6288	7.9130435
39.6546	7.5217391
39.6804	7.4782609
39.7062	7.6521739
39.732	6.5652174
39.7578	7.7826087
39.7836	7.9565217
39.8094	7.4347826
39.8352	6.6086957
39.861	7.6956522
39.8868	7.6521739
39.9126	6.7391304
39.9384	6.7826087
39.9642	7.7391304
39.99	7.9130435
40.0158	7.0434783
40.0416	7.173913
40.0674	6.8695652
40.0932	7.1304348
40.119	7.3043478
40.1448	6.9565217
40.1706	7.7826087
40.1964	8
40.2222	7
40.248	8.173913
40.2738	6.8695652
40.2996	7.3913043
40.3254	7.4347826
40.3512	8.2173913
40.377	6.9130435
40.4028	6.9565217
40.4286	7.0434783
40.4544	7.4347826
40.4802	7.2608696
40.506	6.4347826
40.5318	6.0869565
40.5576	6.6086957
40.5834	6.3043478
40.6092	7.2608696
40.635	6.3478261
40.6608	6.5652174
40.6866	6.5217391
40.7124	6.4782609
40.7382	7.2173913
40.764	6.6521739
40.7898	6.6956522
40.8156	7.1304348
40.8414	6.5217391
40.8672	6.3043478
40.893	6.5217391
40.9188	6.7826087
40.9446	7.3478261
40.9704	6.173913
40.9962	6.0434783
41.022	5.6521739
41.0478	6.4347826
41.0736	7.0434783
41.0994	6.3043478
41.1252	5.9565217
41.151	7.2608696
41.1768	7.0869565
41.2026	5.4782609
41.2284	6.0434783
41.2542	7.5652174
41.28	6.1304348
41.3058	6.3043478
41.3316	6.4782609
41.3574	6.4782609
41.3832	6.7826087
41.409	5.9565217
41.4348	5.7391304
41.4606	6.5652174
41.4864	7.0434783
41.5122	5.9130435
41.538	6.1304348
41.5638	6.0869565
41.5896	6.7391304
41.6154	6.3913043
41.6412	5.6086957
41.667	6.5217391
41.6928	6.6521739
41.7186	7
41.7444	6.0434783
41.7702	6.3043478
41.796	6.6521739
41.8218	6.6086957
41.8476	5.1304348
41.8734	6.4782609
41.8992	5.6956522
41.925	7.4347826
41.9508	6.5652174
41.9766	5.9565217
42.0024	6.6086957
42.0282	6.8695652
42.054	6.4347826
42.0798	5.6521739
42.1056	7.0869565
42.1314	5.8695652
42.1572	5.0869565
42.183	5.9130435
42.2088	5.9565217
42.2346	6.6086957
42.2604	6.9565217
42.2862	5.7391304
42.312	6.173913
42.3378	6.9565217
42.3636	7.0869565
42.3894	6.5217391
42.4152	7.1304348
42.441	6.3043478
42.4668	5.2608696
42.4926	5.8695652
42.5184	6.0434783
42.5442	6.3043478
42.57	6.5217391
42.5958	6.7391304
42.6216	6.5652174
42.6474	5.7826087
42.6732	6.3913043
42.699	6.1304348
42.7248	6.8695652
42.7506	5.5217391
42.7764	6.1304348
42.8022	5.8695652
42.828	5.8695652
42.8538	5.3478261
42.8796	6.8695652
42.9054	6.173913
42.9312	6.3913043
42.957	5.173913
42.9828	5.4347826
43.0086	6.1304348
43.0344	6.173913
43.0602	5.5217391
43.086	4.9130435
43.1118	6.0434783
43.1376	5.6521739
43.1634	5.2173913
43.1892	5.7826087
43.215	5.826087
43.2408	5.173913
43.2666	5.0869565
43.2924	5.9130435
43.3182	5.3478261
43.344	5.8695652
43.3698	5.3478261
43.3956	5.5652174
43.4214	5.826087
43.4472	4.7391304
43.473	5.3478261
43.4988	5.0869565
43.5246	4.7391304
43.5504	5.3043478
43.5762	5.5652174
43.602	5.3913043
43.6278	5.2173913
43.6536	5.2608696
43.6794	5.5217391
43.7052	5.4347826
43.731	4.5652174
43.7568	5.2173913
43.7826	4.7391304
43.8084	4.6956522
43.8342	4.9565217
43.86	5.4347826
43.8858	5.3043478
43.9116	4.2173913
43.9374	6.1304348
43.9632	5.826087
43.989	4.5652174
44.0148	4.9565217
44.0406	5.1304348
44.0664	4.826087
44.0922	5.2173913
44.118	5.8695652
44.1438	5.6521739
44.1696	5.1304348
44.1954	6
44.2212	4.9565217
44.247	4.3478261
44.2728	4.2608696
44.2986	5.8695652
44.3244	5.3478261
44.3502	5.8695652
44.376	4.8695652
44.4018	4.5217391
44.4276	5.4782609
44.4534	4.8695652
44.4792	4.7391304
44.505	6
44.5308	4.4347826
44.5566	4.9565217
44.5824	4.5217391
44.6082	4.6956522
44.634	4.7391304
44.6598	4.7826087
44.6856	4.4782609
44.7114	4.3043478
44.7372	4.9130435
44.763	4.5652174
44.7888	4.173913
44.8146	5.4782609
44.8404	5.3478261
44.8662	4.9565217
44.892	5.6521739
44.9178	5.6521739
44.9436	4.7826087
44.9694	5
44.9952	5
45.021	5.2608696
45.0468	5.173913
45.0726	5.0869565
45.0984	4.5652174
45.1242	4.6521739
45.15	5.0869565
45.1758	5.7826087
45.2016	4.5217391
45.2274	4.5217391
45.2532	4.6956522
45.279	4.1304348
45.3048	4.6086957
45.3306	5.6956522
45.3564	3.9130435
45.3822	5.173913
45.408	4.9565217
45.4338	4.4347826
45.4596	4.173913
45.4854	4.6086957
45.5112	4.9130435
45.537	4.6521739
45.5628	5.1304348
45.5886	5.0869565
45.6144	4.5652174
45.6402	4.4782609
45.666	4.3913043
45.6918	5.0434783
45.7176	4.2173913
45.7434	5.2173913
45.7692	4.5217391
45.795	4.1304348
45.8208	5.0869565
45.8466	3.9130435
45.8724	5.4347826
45.8982	4.8695652
45.924	4.5217391
45.9498	4.826087
45.9756	4.7391304
46.0014	4.6086957
46.0272	4.9130435
46.053	4.6956522
46.0788	4.9130435
46.1046	4.7826087
46.1304	4.173913
46.1562	4.0869565
46.182	4.7826087
46.2078	4.2608696
46.2336	3.4347826
46.2594	4.2608696
46.2852	4.4782609
46.311	4.3043478
46.3368	4.2173913
46.3626	4.6521739
46.3884	4.4347826
46.4142	4.6521739
46.44	5.4782609
46.4658	5.1304348
46.4916	5.2608696
46.5174	4.6956522
46.5432	5.3913043
46.569	3.6956522
46.5948	4.3913043
46.6206	4.2173913
46.6464	4.3478261
46.6722	3.4347826
46.698	4.0869565
46.7238	4.2608696
46.7496	3.8695652
46.7754	3.4347826
46.8012	3.6086957
46.827	4.0869565
46.8528	4.4347826
46.8786	3.9130435
46.9044	4.5217391
46.9302	3.9130435
46.956	4.9565217
46.9818	4.3478261
47.0076	4.3478261
47.0334	4.826087
47.0592	3.826087
47.085	4
47.1108	3.9565217
47.1366	4.3478261
47.1624	4.6956522
47.1882	4.2173913
47.214	4.2173913
47.2398	3.8695652
47.2656	4.2608696
47.2914	4.826087
47.3172	4.6086957
47.343	5.0869565
47.3688	4.3478261
47.3946	4.6086957
47.4204	4.3478261
47.4462	3.5652174
47.472	3.7826087
47.4978	3.5652174
47.5236	3.2173913
47.5494	4.0869565
47.5752	4.2173913
47.601	4.7826087
47.6268	3.9130435
47.6526	2.9130435
47.6784	4.1304348
47.7042	3.5652174
47.73	4.2173913
47.7558	4.7826087
47.7816	4.6956522
47.8074	3.0434783
47.8332	4.6956522
47.859	4
47.8848	3.6521739
47.9106	4.4347826
47.9364	4.0869565
47.9622	4
47.988	4.5217391
48.0138	3.4347826
48.0396	4.3478261
48.0654	4.8695652
48.0912	4.2173913
48.117	3.3913043
48.1428	3.9130435
48.1686	3.5652174
48.1944	3.8695652
48.2202	4.7391304
48.246	3.9565217
48.2718	4
48.2976	4.173913
48.3234	4.173913
48.3492	3.6086957
48.375	3.826087
48.4008	3.7826087
48.4266	3.7826087
48.4524	4.2608696
48.4782	3.9565217
48.504	3.5652174
48.5298	3.5217391
48.5556	3.5217391
48.5814	3.6521739
48.6072	3.173913
48.633	3.4782609
48.6588	4.3043478
48.6846	3.4782609
48.7104	3.6956522
48.7362	3.9130435
48.762	3.173913
48.7878	3.6521739
48.8136	4.4782609
48.8394	2.9565217
48.8652	4
48.891	3.8695652
48.9168	3.5652174
48.9426	3.8695652
48.9684	4.3478261
48.9942	3.826087
49.02	3.8695652
49.0458	3.826087
49.0716	3
49.0974	3.7391304
49.1232	3.7391304
49.149	3.5652174
49.1748	3.3913043
49.2006	3.6086957
49.2264	4
49.2522	3.5652174
49.278	3.6086957
49.3038	3.173913
49.3296	4.3043478
49.3554	3.9130435
49.3812	4.0869565
49.407	3.9130435
49.4328	4.2608696
49.4586	4
49.4844	3.6086957
49.5102	3.6521739
49.536	3.8695652
49.5618	4.2173913
49.5876	3.3043478
49.6134	3.5217391
49.6392	4.0434783
49.665	3.7826087
49.6908	3.3478261
49.7166	3.6086957
49.7424	3.6086957
49.7682	4.0434783
49.794	3.5217391
49.8198	3.0434783
49.8456	4
49.8714	3.173913
49.8972	3.5217391
49.923	3.5652174
49.9488	3.7826087
49.9746	3.7826087
50.0004	3.7391304
50.0262	3.6956522
50.052	3.5217391
50.0778	3.6956522
50.1036	3
50.1294	3.4782609
50.1552	3.3478261
50.181	3.3913043
50.2068	3.6956522
50.2326	2.7826087
50.2584	4.2173913
50.2842	3.4347826
50.31	3.5217391
50.3358	3.3478261
50.3616	3.826087
50.3874	2.9565217
50.4132	3.5217391
50.439	2.9130435
50.4648	3.9130435
50.4906	2.9130435
50.5164	3.3043478
50.5422	3.6086957
50.568	3.2173913
50.5938	2.6956522
50.6196	3.1304348
50.6454	3.0869565
50.6712	3.4347826
50.697	2.8695652
50.7228	3.0869565
50.7486	3.0434783
50.7744	3.0434783
50.8002	3.5652174
50.826	3.3478261
50.8518	2.9565217
50.8776	3.1304348
50.9034	4.0434783
50.9292	3.826087
50.955	3.5652174
50.9808	2.7391304
51.0066	4
51.0324	2.5652174
51.0582	2.8695652
51.084	3.1304348
51.1098	3.8695652
51.1356	2.9565217
51.1614	3.173913
51.1872	3.2608696
51.213	3.5652174
51.2388	2.9565217
51.2646	3.0434783
51.2904	2.7391304
51.3162	3.4347826
51.342	2.4347826
51.3678	3.826087
51.3936	3.2608696
51.4194	2.7391304
51.4452	2.6521739
51.471	3.0869565
51.4968	2.9565217
51.5226	3.5652174
51.5484	2.6956522
51.5742	2.5217391
51.6	4.173913
51.6258	3.3043478
51.6516	3.5652174
51.6774	2.6086957
51.7032	2.8695652
51.729	2.6956522
51.7548	2.826087
51.7806	2.5652174
51.8064	3
51.8322	2.8695652
51.858	3.2608696
51.8838	3
51.9096	3.5217391
51.9354	3.3913043
51.9612	2.8695652
51.987	2.826087
52.0128	3.1304348
52.0386	2.6956522
52.0644	3.4782609
52.0902	2.5217391
52.116	3.173913
52.1418	3
52.1676	3.173913
52.1934	3.4782609
52.2192	2.9130435
52.245	2.5217391
52.2708	2.9130435
52.2966	3.1304348
52.3224	3.2173913
52.3482	2.6521739
52.374	3.6521739
52.3998	3.173913
52.4256	3.0434783
52.4514	2.4782609
52.4772	2.6956522
52.503	2.2608696
52.5288	2.4782609
52.5546	2.9130435
52.5804	2.7391304
52.6062	2.826087
52.632	2.3913043
52.6578	2.3043478
52.6836	2.5217391
52.7094	2.6086957
52.7352	3.0434783
52.761	1.9565217
52.7868	2.3043478
52.8126	2.7391304
52.8384	2.9130435
52.8642	3.4782609
52.89	3.3913043
52.9158	2.7391304
52.9416	2.6956522
52.9674	3.2173913
52.9932	3.2173913
53.019	2.6086957
53.0448	2.6086957
53.0706	3.2608696
53.0964	2.4347826
53.1222	3.2608696
53.148	3.1304348
53.1738	2.8695652
53.1996	2.3478261
53.2254	2.4347826
53.2512	2.4782609
53.277	2.5217391
53.3028	2.6086957
53.3286	3
53.3544	2.3043478
53.3802	3
53.406	2.173913
53.4318	2.5217391
53.4576	2
53.4834	1.9130435
53.5092	3.2608696
53.535	2.6086957
53.5608	2.3478261
53.5866	2.9130435
53.6124	1.9130435
53.6382	2.6086957
53.664	3.6086957
53.6898	3.826087
53.7156	2.6956522
53.7414	2.5217391
53.7672	2.6086957
53.793	2.4782609
53.8188	2.3043478
53.8446	2.6956522
53.8704	2.3043478
53.8962	3
53.922	2.7391304
53.9478	2.6521739
53.9736	2.2173913
53.9994	2.3478261
54.0252	2.3043478
54.051	2.7391304
54.0768	2.4347826
54.1026	2.4782609
54.1284	2.0434783
54.1542	2.9565217
54.18	2.6521739
54.2058	2.6521739
54.2316	2.4347826
54.2574	2.826087
54.2832	2.0434783
54.309	2.5652174
54.3348	2.6521739
54.3606	2.8695652
54.3864	2.2173913
54.4122	2.4782609
54.438	2.826087
54.4638	1.8695652
54.4896	2.2173913
54.5154	2.6956522
54.5412	2.5652174
54.567	2.5652174
54.5928	2.3043478
54.6186	2.173913
54.6444	2.9130435
54.6702	2.2608696
54.696	2.3913043
54.7218	1.8695652
54.7476	2.6521739
54.7734	2.4782609
54.7992	3.0869565
54.825	2.3043478
54.8508	2.173913
54.8766	2.2173913
54.9024	2.9565217
54.9282	2.6086957
54.954	2.3043478
54.9798	2.6086957
55.0056	2.826087
55.0314	2.9130435
55.0572	2.0434783
55.083	2.2608696
55.1088	2.7391304
55.1346	2.4782609
55.1604	2.0869565
55.1862	2.6521739
55.212	2.3913043
55.2378	2.0869565
55.2636	1.8695652
55.2894	1.6956522
55.3152	2.6521739
55.341	2.6086957
55.3668	2.3043478
55.3926	2.3913043
55.4184	2.3913043
55.4442	2.0869565
55.47	1.9130435
55.4958	2.7826087
55.5216	2.3478261
55.5474	2.0869565
55.5732	2.6956522
55.599	2.3913043
55.6248	2.9565217
55.6506	2.4782609
55.6764	2.3478261
55.7022	2.0434783
55.728	2.8695652
55.7538	2.173913
55.7796	2.7391304
55.8054	2.2608696
55.8312	2.2173913
55.857	2.5652174
55.8828	1.8695652
55.9086	2.3478261
55.9344	2.5652174
55.9602	1.826087
55.986	1.9565217
56.0118	2.3043478
56.0376	2.4347826
56.0634	2.8695652
56.0892	2.4347826
56.115	2.3913043
56.1408	1.9130435
56.1666	2.5217391
56.1924	2.2173913
56.2182	2.3913043
56.244	2.4782609
56.2698	2.0869565
56.2956	2.5217391
56.3214	2.0434783
56.3472	2.4782609
56.373	2.1304348
56.3988	2.3043478
56.4246	2.4782609
56.4504	2.1304348
56.4762	2.5652174
56.502	2.173913
56.5278	2.0869565
56.5536	1.6086957
56.5794	2.3913043
56.6052	2.7826087
56.631	2.3913043
56.6568	2.3043478
56.6826	1.8695652
56.7084	1.9130435
56.7342	2.3478261
56.76	1.6086957
56.7858	2.173913
56.8116	2.0869565
56.8374	2.0434783
56.8632	2.2173913
56.889	2
56.9148	2.0434783
56.9406	1.8695652
56.9664	2.2608696
56.9922	1.9130435
57.018	2.2608696
57.0438	2.3043478
57.0696	2.173913
57.0954	2.173913
57.1212	2
57.147	2.173913
57.1728	2.4782609
57.1986	2.2173913
57.2244	1.7826087
57.2502	2.2173913
57.276	1.8695652
57.3018	2.173913
57.3276	1.5652174
57.3534	1.7826087
57.3792	1.9130435
57.405	2.3913043
57.4308	2.4782609
57.4566	2.3478261
57.4824	2.0869565
57.5082	1.826087
57.534	1.6956522
57.5598	1.826087
57.5856	1.6086957
57.6114	1.826087
57.6372	1.6956522
57.663	2.1304348
57.6888	2.2608696
57.7146	2.1304348
57.7404	1.6956522
57.7662	2.2608696
57.792	1.9565217
57.8178	2.2173913
57.8436	2.6086957
57.8694	2.4782609
57.8952	1.826087
57.921	1.7391304
57.9468	2.0434783
57.9726	1.8695652
57.9984	1.6956522
58.0242	1.7391304
58.05	1.826087
58.0758	1.826087
58.1016	2.1304348
58.1274	2.3913043
58.1532	1.6521739
58.179	1.7391304
58.2048	1.5652174
58.2306	1.7826087
58.2564	1.826087
58.2822	1.826087
58.308	1.9565217
58.3338	2
58.3596	1.7826087
58.3854	1.6086957
58.4112	1.6521739
58.437	1.9130435
58.4628	1.826087
58.4886	1.9130435
58.5144	2.0869565
58.5402	1.6086957
58.566	2.0434783
58.5918	1.5652174
58.6176	1.8695652
58.6434	1.8695652
58.6692	2.2173913
58.695	2
58.7208	1.9565217
58.7466	1.826087
58.7724	1.4347826
58.7982	1.6521739
58.824	1.6956522
58.8498	1.7391304
58.8756	1.8695652
58.9014	2.2173913
58.9272	1.7391304
58.953	1.3478261
58.9788	2.2173913
59.0046	1.826087
59.0304	1.7391304
59.0562	1.3478261
59.082	1.7826087
59.1078	2.173913
59.1336	2.0869565
59.1594	1.6086957
59.1852	1.5652174
59.211	1.9130435
59.2368	2.1304348
59.2626	2.1304348
59.2884	1.7826087
59.3142	1.4347826
59.34	1.4782609
59.3658	1.9565217
59.3916	1.9130435
59.4174	2.0434783
59.4432	1.7391304
59.469	1.9130435
59.4948	1.5217391
59.5206	2.0434783
59.5464	1.4782609
59.5722	2.173913
59.598	1.6086957
59.6238	1.4782609
59.6496	1.7391304
59.6754	2.0869565
59.7012	1.9565217
59.727	1.9130435
59.7528	1.7391304
59.7786	1.3913043
59.8044	1.9565217
59.8302	1.6956522
59.856	1.6956522
59.8818	1.8695652
59.9076	1.6521739
59.9334	1.6521739
59.9592	2.0434783
59.985	1.3913043
60.0108	1.826087
60.0366	1.8695652
60.0624	1.9130435
60.0882	1.4347826
60.114	2.0869565
60.1398	1.9565217
60.1656	1.6521739
60.1914	1.6521739
60.2172	1.5652174
60.243	1.6956522
60.2688	0.9565217
60.2946	1.9130435
60.3204	1.6086957
60.3462	2.1304348
60.372	1.8695652
60.3978	1.6956522
60.4236	2.0869565
60.4494	1.5217391
60.4752	1.3913043
60.501	2.2608696
60.5268	1.4347826
60.5526	1.9130435
60.5784	1.9130435
60.6042	1.6521739
60.63	1.7826087
60.6558	2.2173913
60.6816	1.826087
60.7074	1.8695652
60.7332	1.826087
60.759	1.9565217
60.7848	1.7826087
60.8106	1.7826087
60.8364	1.5217391
60.8622	1.9130435
60.888	1.4782609
60.9138	1.7391304
60.9396	1.9565217
60.9654	1.6956522
60.9912	2.173913
61.017	1.5217391
61.0428	1.6521739
61.0686	1.0869565
61.0944	1.3478261
61.1202	1.4782609
61.146	1.4347826
61.1718	2
61.1976	1.7826087
61.2234	1.5652174
61.2492	1.6956522
61.275	1.7391304
61.3008	1.3043478
61.3266	1.4782609
61.3524	1.6086957
61.3782	1.7826087
61.404	2.2608696
61.4298	1.6956522
61.4556	1.6086957
61.4814	1.4782609
61.5072	1.6956522
61.533	1.4782609
61.5588	2.0434783
61.5846	1.826087
61.6104	1.3913043
61.6362	1.5652174
61.662	1.3913043
61.6878	1.4782609
61.7136	1.4782609
61.7394	1.7826087
61.7652	2
61.791	1.4347826
61.8168	1.6521739
61.8426	1.4782609
61.8684	1.6521739
61.8942	2
61.92	2
61.9458	1.2608696
61.9716	1.3913043
61.9974	1.5652174
62.0232	1.0869565
62.049	1.3043478
62.0748	1.826087
62.1006	1.6956522
62.1264	1.2608696
62.1522	1.3478261
62.178	1.3913043
62.2038	1.6956522
62.2296	1.173913
62.2554	1.3913043
62.2812	1.6521739
62.307	1.0869565
62.3328	1.3478261
62.3586	1.2608696
62.3844	1.2608696
62.4102	1.2608696
62.436	1.5652174
62.4618	1.5652174
62.4876	1.2173913
62.5134	1.826087
62.5392	1.5217391
62.565	1.5217391
62.5908	1.2173913
62.6166	1.2173913
62.6424	1.2608696
62.6682	1.5652174
62.694	1.4347826
62.7198	1.3478261
62.7456	1.4782609
62.7714	1.9130435
62.7972	1.173913
62.823	2
62.8488	1
62.8746	1.4347826
62.9004	1.3913043
62.9262	1.6521739
62.952	1.9565217
62.9778	1.6086957
63.0036	1.2173913
63.0294	1.173913
63.0552	1.1304348
63.081	1.0869565
63.1068	1.3478261
63.1326	1.2173913
63.1584	1.7826087
63.1842	1.5217391
63.21	1.6086957
63.2358	1.7391304
63.2616	1.4347826
63.2874	1.5652174
63.3132	1.173913
63.339	1.3913043
63.3648	2.0434783
63.3906	1.6086957
63.4164	1.7826087
63.4422	1.6521739
63.468	1.5652174
63.4938	1.2608696
63.5196	1.0434783
63.5454	1.5652174
63.5712	1.3043478
63.597	1.7826087
63.6228	1.6956522
63.6486	1.6086957
63.6744	1.6086957
63.7002	1.0869565
63.726	1.5652174
63.7518	1.6086957
63.7776	1.2173913
63.8034	1.0869565
63.8292	1.3478261
63.855	1.3478261
63.8808	1.2608696
63.9066	1.3913043
63.9324	1.5217391
63.9582	1.5652174
63.984	1.6086957
64.0098	1.5652174
64.0356	1.4347826
64.0614	0.9565217
64.0872	1.7391304
64.113	1.3043478
64.1388	1.6086957
64.1646	1.0869565
64.1904	1.5217391
64.2162	1.5652174
64.242	1.2173913
64.2678	1.3913043
64.2936	1.6086957
64.3194	1.1304348
64.3452	1.5652174
64.371	1.4347826
64.3968	1.5217391
64.4226	1.2173913
64.4484	1.5652174
64.4742	1.5652174
64.5	1.2608696
64.5258	1.5652174
64.5516	1.3478261
64.5774	1.2608696
64.6032	1.5652174
64.629	1.4347826
64.6548	0.9565217
64.6806	1.3478261
64.7064	1.4782609
64.7322	1.6086957
64.758	1.2608696
64.7838	1.0434783
64.8096	1.5217391
64.8354	1.4782609
64.8612	1.3913043
64.887	1.4347826
64.9128	1.4347826
64.9386	1.6086957
64.9644	1.3478261
64.9902	1.1304348
65.016	1.3478261
65.0418	1.2608696
65.0676	1.5652174
65.0934	1.2173913
65.1192	1.6956522
65.145	1.3478261
65.1708	1.2608696
65.1966	1.6956522
65.2224	1.2608696
65.2482	1.3913043
65.274	1.5217391
65.2998	1.2608696
65.3256	1.7391304
65.3514	1.6956522
65.3772	1.4347826
65.403	1.4347826
65.4288	1.0434783
65.4546	1.5652174
65.4804	1.2173913
65.5062	1.7391304
65.532	1.7391304
65.5578	1.5652174
65.5836	1.2173913
65.6094	1.5652174
65.6352	1.2173913
65.661	0.826087
65.6868	1.173913
65.7126	1.2173913
65.7384	1.4347826
65.7642	1.1304348
65.79	1.7826087
65.8158	1.2173913
65.8416	1.2608696
65.8674	1.6956522
65.8932	1.3478261
65.919	1.173913
65.9448	2
65.9706	1.2608696
65.9964	1.3478261
66.0222	1.3043478
66.048	1.4347826
66.0738	1.4782609
66.0996	1.4347826
66.1254	1.5217391
66.1512	1.0434783
66.177	1.173913
66.2028	1.3478261
66.2286	1.3913043
66.2544	1.2173913
66.2802	1.2608696
66.306	1.5217391
66.3318	1.3913043
66.3576	1.5217391
66.3834	1.3043478
66.4092	1.2608696
66.435	1.4782609
66.4608	1
66.4866	1.3043478
66.5124	1.2608696
66.5382	1.5217391
66.564	1.2173913
66.5898	1.7826087
66.6156	1.0869565
66.6414	0.9130435
66.6672	1.8695652
66.693	1.6521739
66.7188	1.173913
66.7446	1.173913
66.7704	1.3043478
66.7962	1.0434783
66.822	1.5652174
66.8478	1.3043478
66.8736	1.2608696
66.8994	1.4347826
66.9252	1.4347826
66.951	1.7826087
66.9768	1
67.0026	1.2608696
67.0284	1.0434783
67.0542	1.3913043
67.08	1.3913043
67.1058	1.4347826
67.1316	1.2173913
67.1574	1.3043478
67.1832	1
67.209	1.2608696
67.2348	1.8695652
67.2606	0.9565217
67.2864	1.3043478
67.3122	1.2173913
67.338	1.6956522
67.3638	1.3043478
67.3896	1.3913043
67.4154	1.4347826
67.4412	1.2608696
67.467	1.2608696
67.4928	1
67.5186	1.2173913
67.5444	1.1304348
67.5702	1.2608696
67.596	1.9130435
67.6218	1.2608696
67.6476	1.2608696
67.6734	1.4782609
67.6992	1.2173913
67.725	1.3478261
67.7508	1.0434783
67.7766	1.0869565
67.8024	1.6086957
67.8282	1.4347826
67.854	1.6956522
67.8798	1.2608696
67.9056	1.173913
67.9314	1.3478261
67.9572	1.4782609
67.983	1.2608696
68.0088	1.3913043
68.0346	1.0434783
68.0604	1.173913
68.0862	1.173913
68.112	1.3043478
68.1378	1.2608696
68.1636	1.1304348
68.1894	0.7391304
68.2152	1.5652174
68.241	1.0434783
68.2668	1.3478261
68.2926	1.3478261
68.3184	1.4782609
68.3442	1.0869565
68.37	1.0869565
68.3958	1.3478261
68.4216	1.0869565
68.4474	1.5217391
68.4732	1.173913
68.499	1
68.5248	1.9130435
68.5506	1.3913043
68.5764	0.9130435
68.6022	1.3913043
68.628	1.6086957
68.6538	1.2608696
68.6796	1.3478261
68.7054	1.5217391
68.7312	1.0869565
68.757	0.9130435
68.7828	1.3913043
68.8086	1.0434783
68.8344	0.6521739
68.8602	1.2608696
68.886	1.1304348
68.9118	1.173913
68.9376	1.3043478
68.9634	1
68.9892	0.7826087
69.015	1.0869565
69.0408	1.2173913
69.0666	1
69.0924	1.2608696
69.1182	0.9565217
69.144	0.9565217
69.1698	1.2173913
69.1956	1.2608696
69.2214	0.9130435
69.2472	1.5217391
69.273	0.9565217
69.2988	1
69.3246	1.173913
69.3504	1.3478261
69.3762	1.0434783
69.402	1.173913
69.4278	0.9565217
69.4536	1.3043478
69.4794	1.0869565
69.5052	1.2173913
69.531	1
69.5568	0.7391304
69.5826	0.9130435
69.6084	1
69.6342	1.0434783
69.66	0.7826087
69.6858	0.6956522
69.7116	1
69.7374	1.0434783
69.7632	1.2608696
69.789	1
69.8148	1.0434783
69.8406	1.1304348
69.8664	0.9130435
69.8922	1.2173913
69.918	0.7826087
69.9438	1.6521739
69.9696	0.9565217
69.9954	0.9130435
70.0212	1.6086957
70.047	1
70.0728	1.4347826
70.0986	1.3913043
70.1244	1.0869565
70.1502	1.4347826
70.176	1.1304348
70.2018	1.173913
70.2276	1
70.2534	1.173913
70.2792	1.0869565
70.305	0.6956522
70.3308	1
70.3566	0.8695652
70.3824	1.2173913
70.4082	1.2173913
70.434	1.1304348
70.4598	1.3913043
70.4856	1.3043478
70.5114	0.9130435
70.5372	1.0434783
70.563	1
70.5888	0.7391304
70.6146	1.3043478
70.6404	1.3043478
70.6662	1.3913043
70.692	1.0434783
70.7178	1.2608696
70.7436	1.1304348
70.7694	1
70.7952	1.1304348
70.821	0.8695652
70.8468	1.1304348
70.8726	1.2173913
70.8984	0.8695652
70.9242	1.173913
70.95	0.826087
70.9758	0.9565217
71.0016	1.173913
71.0274	1.0869565
71.0532	1.3913043
71.079	0.7826087
71.1048	1.0869565
71.1306	1.173913
71.1564	0.9130435
71.1822	1.3478261
71.208	1.6086957
71.2338	1.173913
71.2596	0.826087
71.2854	1.173913
71.3112	1.2173913
71.337	0.9130435
71.3628	1.3478261
71.3886	0.9565217
71.4144	1.2173913
71.4402	1.0434783
71.466	0.8695652
71.4918	1
71.5176	1.0869565
71.5434	0.826087
71.5692	1.3913043
71.595	0.9565217
71.6208	1.0434783
71.6466	0.8695652
71.6724	1.0869565
71.6982	1.2173913
71.724	1.0869565
71.7498	0.9130435
71.7756	1.2173913
71.8014	0.7826087
71.8272	0.7391304
71.853	0.9130435
71.8788	0.9565217
71.9046	0.7826087
71.9304	1.0434783
71.9562	0.6521739
71.982	1
72.0078	0.9130435
72.0336	0.9130435
72.0594	0.9565217
72.0852	1.3913043
72.111	0.6956522
72.1368	1
72.1626	0.8695652
72.1884	1.3478261
72.2142	0.9565217
72.24	1.173913
72.2658	0.9565217
72.2916	1.0869565
72.3174	1.0869565
72.3432	1.2608696
72.369	1.4782609
72.3948	0.826087
72.4206	1.4347826
72.4464	1.1304348
72.4722	1
72.498	1.173913
72.5238	0.9130435
72.5496	0.9565217
72.5754	1.173913
72.6012	1.0869565
72.627	1
72.6528	0.9130435
72.6786	1.1304348
72.7044	0.7826087
72.7302	1.0869565
72.756	1.2173913
72.7818	0.6086957
72.8076	0.8695652
72.8334	0.826087
72.8592	0.9130435
72.885	0.9130435
72.9108	0.9130435
72.9366	0.826087
72.9624	0.9565217
72.9882	1.173913
73.014	1.0869565
73.0398	1.173913
73.0656	1.0869565
73.0914	0.6086957
73.1172	1.0434783
73.143	0.7826087
73.1688	0.4347826
73.1946	1
73.2204	1.0434783
73.2462	1.1304348
73.272	0.7826087
73.2978	1
73.3236	0.9130435
73.3494	0.7391304
73.3752	0.9565217
73.401	1
73.4268	0.826087
73.4526	1.173913
73.4784	0.7826087
73.5042	1.2608696
73.53	0.826087
73.5558	1.3043478
73.5816	1.0434783
73.6074	1
73.6332	1.0869565
73.659	1.3043478
73.6848	1.3913043
73.7106	0.9565217
73.7364	1.1304348
73.7622	1.5652174
73.788	1.1304348
73.8138	0.6521739
73.8396	0.7826087
73.8654	1.0434783
73.8912	0.826087
73.917	0.6086957
73.9428	0.7826087
73.9686	0.7826087
73.9944	1.173913
74.0202	1.6086957
74.046	0.9130435
74.0718	0.826087
74.0976	1.0434783
74.1234	1.1304348
74.1492	0.7391304
74.175	1.0434783
74.2008	0.7826087
74.2266	0.5652174
74.2524	1.173913
74.2782	1.0434783
74.304	1.0434783
74.3298	1.0869565
74.3556	1.2608696
74.3814	1.2173913
74.4072	0.9130435
74.433	1.2608696
74.4588	0.826087
74.4846	1.4782609
74.5104	1.1304348
74.5362	1.1304348
74.562	0.9565217
74.5878	1.3478261
74.6136	1.2608696
74.6394	0.7391304
74.6652	0.9130435
74.691	0.7391304
74.7168	0.9130435
74.7426	0.7826087
74.7684	0.826087
74.7942	0.9130435
74.82	1.0869565
74.8458	1.1304348
74.8716	1
74.8974	1
74.9232	1.0434783
74.949	0.6521739
74.9748	0.7391304
75.0006	0.9130435
75.0264	0.6521739
75.0522	1
75.078	0.5652174
75.1038	1
75.1296	0.9130435
75.1554	0.7826087
75.1812	0.9130435
75.207	0.7391304
75.2328	1.0434783
75.2586	1.0869565
75.2844	1
75.3102	0.6086957
75.336	1
75.3618	1.0869565
75.3876	1
75.4134	0.9130435
75.4392	0.8695652
75.465	1
75.4908	0.826087
75.5166	0.8695652
75.5424	0.9130435
75.5682	0.6956522
75.594	0.826087
75.6198	0.5652174
75.6456	0.8695652
75.6714	1.173913
75.6972	0.6521739
75.723	0.826087
75.7488	0.9565217
75.7746	0.7826087
75.8004	1.0434783
75.8262	0.7391304
75.852	1
75.8778	0.826087
75.9036	0.7826087
75.9294	0.7826087
75.9552	0.7391304
75.981	1.0434783
76.0068	1.0434783
76.0326	0.6521739
76.0584	0.8695652
76.0842	0.7391304
76.11	0.6956522
76.1358	0.7391304
76.1616	0.9565217
76.1874	1.2608696
76.2132	0.8695652
76.239	0.8695652
76.2648	0.9565217
76.2906	1.3478261
76.3164	1
76.3422	0.7826087
76.368	0.7826087
76.3938	0.7826087
76.4196	1
76.4454	1.2173913
76.4712	1.0869565
76.497	0.7826087
76.5228	1.0869565
76.5486	0.9565217
76.5744	1.3043478
76.6002	0.9130435
76.626	0.9565217
76.6518	0.9130435
76.6776	0.7826087
76.7034	0.7391304
76.7292	0.8695652
76.755	0.826087
76.7808	0.6086957
76.8066	0.8695652
76.8324	1.3043478
76.8582	1.0869565
76.884	1.0869565
76.9098	1.1304348
76.9356	0.9565217
76.9614	0.826087
76.9872	0.9565217
77.013	0.9130435
77.0388	1.173913
77.0646	0.6956522
77.0904	1.3913043
77.1162	1.173913
77.142	0.7391304
77.1678	1.0869565
77.1936	0.8695652
77.2194	1.2608696
77.2452	0.826087
77.271	0.9130435
77.2968	0.9565217
77.3226	0.6086957
77.3484	1.5217391
77.3742	1.1304348
77.4	0.826087
77.4258	0.8695652
77.4516	0.6086957
77.4774	0.9130435
77.5032	0.6521739
77.529	0.9565217
77.5548	0.6521739
77.5806	1.1304348
77.6064	0.3478261
77.6322	1
77.658	1
77.6838	1.0869565
77.7096	1.0869565
77.7354	0.7826087
77.7612	1.1304348
77.787	0.7391304
77.8128	0.6956522
77.8386	1
77.8644	1.3043478
77.8902	1.173913
77.916	1.4782609
77.9418	0.826087
77.9676	1.0869565
77.9934	1.1304348
78.0192	1
78.045	0.826087
78.0708	0.9130435
78.0966	0.7826087
78.1224	0.6956522
78.1482	0.9130435
78.174	1.0869565
78.1998	0.9130435
78.2256	0.9565217
78.2514	0.9565217
78.2772	0.9565217
78.303	1.1304348
78.3288	0.826087
78.3546	0.8695652
78.3804	0.6086957
78.4062	0.7391304
78.432	0.5652174
78.4578	1.2173913
78.4836	1
78.5094	0.6521739
78.5352	0.7826087
78.561	0.826087
78.5868	0.9565217
78.6126	0.9565217
78.6384	0.9130435
78.6642	0.826087
78.69	1.173913
78.7158	0.9565217
78.7416	0.9565217
78.7674	0.9130435
78.7932	0.8695652
78.819	0.826087
78.8448	0.7391304
78.8706	1
78.8964	0.7391304
78.9222	1
78.948	0.8695652
78.9738	1.0434783
78.9996	1
79.0254	0.826087
79.0512	1.2608696
79.077	0.7391304
79.1028	1
79.1286	0.3913043
79.1544	0.826087
79.1802	1.173913
79.206	0.4347826
79.2318	0.7391304
79.2576	0.6956522
79.2834	0.8695652
79.3092	0.8695652
79.335	1.3478261
79.3608	1.173913
79.3866	1.173913
79.4124	1.2173913
79.4382	0.5217391
79.464	1
79.4898	0.7391304
79.5156	0.8695652
79.5414	0.9130435
79.5672	0.826087
79.593	0.8695652
79.6188	1.0869565
79.6446	0.6956522
79.6704	1.0434783
79.6962	0.9130435
79.722	0.7391304
79.7478	0.7391304
79.7736	0.5652174
79.7994	0.7826087
79.8252	1.0434783
79.851	1.1304348
79.8768	1
79.9026	1.0869565
79.9284	1.5217391
79.9542	3.0869565
79.98	1.0869565
80.0058	1.3043478
80.0316	0.7826087
80.0574	1.0869565
80.0832	1.6521739
80.109	1.2608696
80.1348	0.9565217
80.1606	0.7826087
80.1864	0.826087
80.2122	1.0434783
80.238	0.7826087
80.2638	0.9130435
80.2896	0.6086957
80.3154	0.9565217
80.3412	1.2608696
80.367	0.7391304
80.3928	0.5652174
80.4186	0.7826087
80.4444	0.8695652
80.4702	0.7826087
80.496	0.9130435
80.5218	0.8695652
80.5476	1.2173913
80.5734	0.9565217
80.5992	1.173913
80.625	0.7826087
80.6508	1
80.6766	0.6086957
80.7024	1
80.7282	0.826087
80.754	0.9565217
80.7798	0.8695652
80.8056	0.8695652
80.8314	0.9565217
80.8572	1.0434783
80.883	1.0869565
80.9088	1.2608696
80.9346	1.0434783
80.9604	1
80.9862	0.6521739
81.012	0.7391304
81.0378	0.4347826
81.0636	0.6086957
81.0894	1.0434783
81.1152	0.7826087
81.141	0.6521739
81.1668	0.6086957
81.1926	0.8695652
81.2184	0.7391304
81.2442	1.0434783
81.27	1.2608696
81.2958	0.7391304
81.3216	0.8695652
81.3474	0.9565217
81.3732	0.4782609
81.399	0.6956522
81.4248	0.826087
81.4506	1.0869565
81.4764	0.6086957
81.5022	0.5652174
81.528	1.173913
81.5538	1.0869565
81.5796	1
81.6054	0.4782609
81.6312	0.6086957
81.657	0.7826087
81.6828	0.826087
81.7086	0.7826087
81.7344	1.0869565
81.7602	1
81.786	0.9130435
81.8118	1.3478261
81.8376	0.7826087
81.8634	0.6086957
81.8892	0.9130435
81.915	0.826087
81.9408	0.9130435
81.9666	0.7826087
81.9924	0.9565217
82.0182	0.9130435
82.044	1.0434783
82.0698	0.826087
82.0956	0.6086957
82.1214	0.8695652
82.1472	1
82.173	0.6521739
82.1988	0.8695652
82.2246	0.826087
82.2504	0.9130435
82.2762	1.0869565
82.302	0.4347826
82.3278	0.7391304
82.3536	1.1304348
82.3794	0.5217391
82.4052	1.1304348
82.431	0.9130435
82.4568	0.7391304
82.4826	0.5652174
82.5084	0.6956522
82.5342	0.8695652
82.56	1
82.5858	0.8695652
82.6116	0.9565217
82.6374	0.6956522
82.6632	0.5652174
82.689	0.9130435
82.7148	1.1304348
82.7406	0.9565217
82.7664	1.173913
82.7922	1.0869565
82.818	0.9130435
82.8438	0.9130435
82.8696	0.826087
82.8954	1.0869565
82.9212	0.7826087
82.947	0.826087
82.9728	0.5217391
82.9986	0.4782609
83.0244	1.0434783
83.0502	1.0869565
83.076	0.7826087
83.1018	0.8695652
83.1276	1.0434783
83.1534	1.2608696
83.1792	0.826087
83.205	0.7826087
83.2308	0.9130435
83.2566	0.826087
83.2824	1
83.3082	1.2608696
83.334	1.173913
83.3598	0.5652174
83.3856	1.173913
83.4114	0.9565217
83.4372	1
83.463	1.2608696
83.4888	0.9565217
83.5146	1.4782609
83.5404	0.7826087
83.5662	0.8695652
83.592	1
83.6178	0.7826087
83.6436	0.9565217
83.6694	0.7826087
83.6952	0.7391304
83.721	0.5652174
83.7468	0.9565217
83.7726	1.0434783
83.7984	0.7826087
83.8242	1.0434783
83.85	0.9130435
83.8758	0.7391304
83.9016	1
83.9274	0.6521739
83.9532	0.7826087
83.979	0.7391304
84.0048	0.6521739
84.0306	0.9565217
84.0564	1
84.0822	0.7826087
84.108	0.7391304
84.1338	0.8695652
84.1596	0.826087
84.1854	0.8695652
84.2112	0.9130435
84.237	0.9130435
84.2628	1.1304348
84.2886	0.5217391
84.3144	0.826087
84.3402	0.7826087
84.366	1.173913
84.3918	0.3043478
84.4176	0.826087
84.4434	0.7391304
84.4692	1.3043478
84.495	0.7826087
84.5208	0.9565217
84.5466	0.9130435
84.5724	1
84.5982	1
84.624	0.7826087
84.6498	0.6956522
84.6756	0.9130435
84.7014	0.6956522
84.7272	0.7391304
84.753	0.6956522
84.7788	0.6086957
84.8046	0.826087
84.8304	0.5652174
84.8562	0.7391304
84.882	0.9565217
84.9078	1.0869565
84.9336	0.9130435
84.9594	0.8695652
84.9852	0.6521739
85.011	0.826087
85.0368	1
85.0626	0.6956522
85.0884	0.9130435
85.1142	0.7826087
85.14	0.7826087
85.1658	0.7391304
85.1916	0.826087
85.2174	0.3913043
85.2432	0.7391304
85.269	0.9130435
85.2948	1.0434783
85.3206	0.6956522
85.3464	0.8695652
85.3722	0.8695652
85.398	1.0434783
85.4238	0.6521739
85.4496	0.6956522
85.4754	1.173913
85.5012	0.6521739
85.527	0.6521739
85.5528	0.9130435
85.5786	1.0869565
85.6044	0.6521739
85.6302	0.8695652
85.656	0.5652174
85.6818	0.7826087
85.7076	0.826087
85.7334	0.9565217
85.7592	0.6956522
85.785	0.826087
85.8108	0.7826087
85.8366	0.6086957
85.8624	1.0869565
85.8882	0.826087
85.914	0.8695652
85.9398	0.7826087
85.9656	1.2608696
85.9914	0.5217391
86.0172	0.8695652
86.043	0.7826087
86.0688	0.4347826
86.0946	1.3478261
86.1204	0.9130435
86.1462	0.6086957
86.172	0.8695652
86.1978	0.826087
86.2236	1
86.2494	1
86.2752	0.4782609
86.301	1.0434783
86.3268	0.9130435
86.3526	1.173913
86.3784	0.9130435
86.4042	0.6086957
86.43	1
86.4558	0.7826087
86.4816	1.0869565
86.5074	0.6521739
86.5332	0.6086957
86.559	1.0869565
86.5848	0.826087
86.6106	0.7391304
86.6364	1
86.6622	0.9565217
86.688	0.9130435
86.7138	0.8695652
86.7396	0.6521739
86.7654	0.826087
86.7912	0.5217391
86.817	0.9130435
86.8428	0.6086957
86.8686	0.826087
86.8944	1.0434783
86.9202	0.9565217
86.946	0.6086957
86.9718	0.8695652
86.9976	0.9565217
87.0234	0.8695652
87.0492	0.7826087
87.075	0.8695652
87.1008	0.9130435
87.1266	0.4347826
87.1524	1.2608696
87.1782	1
87.204	0.6956522
87.2298	0.7826087
87.2556	1.1304348
87.2814	0.9565217
87.3072	1
87.333	0.9565217
87.3588	1.2173913
87.3846	0.7391304
87.4104	0.6521739
87.4362	1.0869565
87.462	0.6956522
87.4878	0.826087
87.5136	0.8695652
87.5394	0.9565217
87.5652	0.9565217
87.591	0.5652174
87.6168	0.9130435
87.6426	0.9130435
87.6684	0.826087
87.6942	0.9130435
87.72	0.7826087
87.7458	0.7391304
87.7716	0.6521739
87.7974	0.7391304
87.8232	0.7826087
87.849	0.826087
87.8748	0.6086957
87.9006	1
87.9264	0.9130435
87.9522	0.9565217
87.978	0.3043478
88.0038	0.5652174
88.0296	1.0434783
88.0554	1.0434783
88.0812	0.6086957
88.107	0.826087
88.1328	0.9565217
88.1586	0.6521739
88.1844	0.8695652
88.2102	0.6521739
88.236	1.0434783
88.2618	0.8695652
88.2876	0.5652174
88.3134	0.6521739
88.3392	0.7391304
88.365	0.7391304
88.3908	0.7826087
88.4166	0.9565217
88.4424	0.7391304
88.4682	0.826087
88.494	1
88.5198	0.9130435
88.5456	0.7391304
88.5714	0.6521739
88.5972	1.173913
88.623	0.826087
88.6488	0.7826087
88.6746	1.0869565
88.7004	0.8695652
88.7262	0.6956522
88.752	1.0434783
88.7778	0.6521739
88.8036	0.6086957
88.8294	0.826087
88.8552	0.5652174
88.881	1
88.9068	0.826087
88.9326	0.6086957
88.9584	1
88.9842	0.9130435
89.01	0.8695652
89.0358	1
89.0616	0.4782609
89.0874	0.8695652
89.1132	0.3913043
89.139	1.2173913
89.1648	1.0869565
89.1906	0.4782609
89.2164	0.7826087
89.2422	0.6086957
89.268	0.9130435
89.2938	0.8695652
89.3196	0.7391304
89.3454	1.0434783
89.3712	0.7826087
89.397	0.9130435
89.4228	0.8695652
89.4486	0.8695652
89.4744	0.7826087
89.5002	1
89.526	0.4782609
89.5518	0.6521739
89.5776	0.9565217
89.6034	0.5652174
89.6292	0.9565217
89.655	1
89.6808	1.0869565
89.7066	0.7826087
89.7324	0.6086957
89.7582	0.826087
89.784	1.3913043
89.8098	0.8695652
89.8356	0.8695652
89.8614	0.7826087
89.8872	1.1304348
89.913	1.2173913
89.9388	0.7826087
89.9646	1.0434783
89.9904	0.3913043
