# Energy Elastic        Ionisation     ElectronicExc   Dissociation  VibrationalExc RotationalExc Attachment   factor_gl
1	32.48		0		0	   	0	     	0.232	    221.2225312  0.0000961     0.11896  	
1.5	30.69		0		0	   	0	     	0.348	    154.0156863  0.000024      0.131593 		
2	29.41		0		0	   	0	     	0.464	    119.5721783  0.0001923     0.142981 		
3	31.84		0		0	   	0	     	2.09133	    83.1684706   0.0003365     0.157355 		
4	33.76		0		0	   	0	     	3.32	    64.4065597   0.0009615     0.164309 		
5	37.47		0		0	   	0	     	2.7	    52.6453619   0.0202145     0.170919 		
7	42.58		0		0	   	0	     	2.196551    38.9239643   0.0018508     0.18358	 		
10	45.78		0.03		1.69	   	0	     	1.102	    28.2828806   0.0023032     0.196954 	
15	42.97		1.63		1.43	   	0	     	0.038375    19.6019964   0	       0.209437 		
20	33.25		3.93		1.46	   	0	     	0.0135	    15.1215401   0	       0.215507 		
30	27.6		6.56		1.4899806  	0.7537271    	0	    10.3610553   0	       0.228769 		
40	23.6		7.96		1.4535588  	1.1499207    	0	    8.1208271    0	       0.241789 		
50	18.2578595	8.51		1.3445715  	4.0908488    	0	    6.440656     0	       0.256379 		
70	15.2055487	8.61		1.144723   	4.1626945    	0	    4.7604848    0	       0.283238 		
100	12.5732806	8.57		0.924338   	3.554991     	0	    3.5003565    0	       0.322559 		
150	10.1090296	8.14		0.6978934  	2.7272845    	0	    2.3802424    0	       0.38128	 		
200	8.6528813	7.357		0.5612407  	2.3868089    	0	    1.8201854    0	       0.435421 	
300	6.8326959	5.714		0.4068917  	2.3919753    	0	    1.2321255    0	       0.536717 		
400	5.7405847	4.8172392	0.3191573  	2.1163422    	0	    0.952097     0	       0.633452 		
500	4.9565048	4.2813602	0.2638278  	1.8114594    	0	    0.7840799    0	       0.724201 		
700	3.9484021	3.4927481	0.1954119  	1.4083591    	0	    0.560057     0	       0.878253 		
1000	3.0523109	2.7455712	0.1407612  	1.0620697    	0	    0.4200428    0	       0.981403 		
2000	1.7501783	1.6250723	0.0730158  	0.5841443    	0	    0.2240228    0	       0.999907 		
3000	1.2433266	1.1656549	0.0494222  	0.42589	     	0	    0.1400143    0	       0.999997 		
5000	0.7980813	0.7547846	0.0302256  	0.2622964    	0	    0.0896091    0	       1	 		
10000	0.4312439	0.4105389	0.0155545  	0.1367639    	0	    0.0476048    0	       1	 	
