26 9
1	253.9345312	32.48		0	0		0	   	0	     	0.232	    0.0000961	221.2225312
1.5	185.0536863	30.69		0	0		0	   	0	     	0.348	    0.000024 	154.0156863
2	149.4461783	29.41		0	0		0	   	0	     	0.464	    0.0001923	119.5721783
3	117.0998006	31.84		0	0		0	   	0	     	2.09133	    0.0003365	83.1684706 
4	101.4865597	33.76		0	0		0	   	0	     	3.32	    0.0009615	64.4065597 
5	92.8153619	37.47		0	0		0	   	0	     	2.7	    0.0202145	52.6453619 
7	83.7005153	42.58		0	0		0	   	0	     	2.196551    0.0018508	38.9239643 
10	76.8848806	45.78		0	0.03		1.69	   	0	     	1.102	    0.0023032	28.2828806 
15	65.6703714	42.97		0	1.63		1.43	   	0	     	0.038375    0		19.6019964 
20	53.7750401	33.25		0	3.93		1.46	   	0	     	0.0135	    0		15.1215401 
30	46.7647629	27.6		0	6.56		1.4899806  	0.7537271    	0	    0		10.3610553 
40	42.2843066	23.6		0	7.96		1.4535588  	1.1499207    	0	    0		8.1208271  
50	38.6439358	18.2578595	0	8.51		1.3445715  	4.0908488    	0	    0		6.440656   
70	33.883451	15.2055487	0	8.61		1.144723   	4.1626945    	0	    0		4.7604848  
100	29.1229661	12.5732806	0	8.57		0.924338   	3.554991     	0	    0		3.5003565  
150	24.0544499	10.1090296	0	8.14		0.6978934  	2.7272845    	0	    0		2.3802424  
200	20.7781162	8.6528813	0	7.357		0.5612407  	2.3868089    	0	    0		1.8201854  
300	16.5776884	6.8326959	0	5.714		0.4068917  	2.3919753    	0	    0		1.2321255  
400	13.9454203	5.7405847	0	4.8172392	0.3191573  	2.1163422    	0	    0		0.952097   
500	12.0972321	4.9565048	0	4.2813602	0.2638278  	1.8114594    	0	    0		0.7840799  
700	9.6049783	3.9484021	0	3.4927481	0.1954119  	1.4083591    	0	    0		0.560057   
1000	7.4207558	3.0523109	0	2.7455712	0.1407612  	1.0620697    	0	    0		0.4200428  
2000	4.2564335	1.7501783	0	1.6250723	0.0730158  	0.5841443    	0	    0		0.2240228  
3000	3.024308	1.2433266	0	1.1656549	0.0494222  	0.42589	     	0	    0		0.1400143  
5000	1.9349971	0.7980813	0	0.7547846	0.0302256  	0.2622964    	0	    0		0.0896091  
10000	1.0417061	0.4312439	0	0.4105389	0.0155545  	0.1367639    	0	    0		0.0476048  

#E(eV)	total		elastic		0	ionization	elec. excit	neut diss    	vibration   DEA		rotation   
#E(eV)	TCSe-16cm2	Elast_calc	Inelast	Ion		Exc		Neutr_diss	VibracExc Attachment Rotacional_Dipole

