26 9
   1.00000000       225.318451       3.86382079       0.00000000       0.00000000       0.00000000       0.00000000      0.231999993       9.60999969E-05   221.222534    
   1.50000000       158.402298       4.03858614       0.00000000       0.00000000       0.00000000       0.00000000      0.347999990       2.40000008E-05   154.015686    
   2.00000000       124.241440       4.20506525       0.00000000       0.00000000       0.00000000       0.00000000      0.463999987       1.92299995E-04   119.572182    
   3.00000000       90.2703094       5.01016760       0.00000000       0.00000000       0.00000000       0.00000000       2.09133005       3.36500001E-04   83.1684723    
   4.00000000       73.2746124       5.54708481       0.00000000       0.00000000       0.00000000       0.00000000       3.31999993       9.61499987E-04   64.4065628    
   5.00000000       61.7699318       6.40435362       0.00000000       0.00000000       0.00000000       0.00000000       2.70000005       2.02144999E-02   52.6453629    
   7.00000000       48.9392128       7.81684542       0.00000000       0.00000000       0.00000000       0.00000000       2.19655108       1.85080001E-03   38.9239655    
   10.0000000       38.7424812       9.01653576       0.00000000       5.90860751E-03  0.332851589       0.00000000       1.10200000       2.30320008E-03   28.2828808    
   15.0000000       29.2807369       8.99949074       0.00000000      0.341381639      0.299494326       0.00000000       3.83750014E-02   0.00000000       19.6019955    
   20.0000000       23.4622383       7.16561413       0.00000000      0.846943259      0.314640522       0.00000000       1.35000004E-02   0.00000000       15.1215401    
   30.0000000       18.6891022       6.31403017       0.00000000       1.50072598      0.340861648      0.172429547       0.00000000       0.00000000       10.3610554    
   40.0000000       16.3811665       5.70621109       0.00000000       1.92463720      0.351453930      0.278037697       0.00000000       0.00000000       8.12082672    
   50.0000000       14.6969118       4.68093777       0.00000000       2.18178797      0.344720304       1.04880905       0.00000000       0.00000000       6.44065619    
   70.0000000       13.0092144       4.30678892       0.00000000       2.43867898      0.324229062       1.17903328       0.00000000       0.00000000       4.76048470    
   100.000000       11.7651672       4.05562830       0.00000000       2.76433301      0.298153818       1.14669538       0.00000000       0.00000000       3.50035644    
   150.000000       10.6441755       3.85436678       0.00000000       3.10361600      0.266092509       1.03985786       0.00000000       0.00000000       2.38024235    
   200.000000       10.0748720       3.76764894       0.00000000       3.20339441      0.244376138       1.03926742       0.00000000       0.00000000       1.82018542    
   300.000000       9.46834278       3.66722083       0.00000000       3.06679821      0.218385503       1.28381276       0.00000000       0.00000000       1.23212552    
   400.000000       9.18274879       3.63638735       0.00000000       3.05149198      0.202170968       1.34060216       0.00000000       0.00000000      0.952096999    
   500.000000       8.97707748       3.58950615       0.00000000       3.10056567      0.191064373       1.31186092       0.00000000       0.00000000      0.784079909    
   700.000000       8.50378132       3.46769404       0.00000000       3.06751466      0.171620995       1.23689485       0.00000000       0.00000000      0.560056984    
   1000.00000       7.29055977       2.99554563       0.00000000       2.69451046      0.138143390       1.04231787       0.00000000       0.00000000      0.420042813    
   2000.00000       4.25605822       1.75001538       0.00000000       1.62492096       7.30090067E-02  0.584089935       0.00000000       0.00000000      0.224022806    
   3000.00000       3.02429914       1.24332285       0.00000000       1.16565144       4.94220518E-02  0.425888717       0.00000000       0.00000000      0.140014306    
   5000.00000       1.93499696      0.798081279       0.00000000      0.754784584       3.02255992E-02  0.262296408       0.00000000       0.00000000       8.96091014E-02
   10000.0000       1.04170597      0.431243896       0.00000000      0.410538912       1.55544998E-02  0.136763901       0.00000000       0.00000000       4.76047993E-02

     #E(eV)	         total	        elastic		0	ionization	elec. excit	neut diss    	vibration   DEA		rotation     coef      
     #E(eV)         TCSe-16cm2	Elast_calc	Inelast	Ion		Exc		Neutr_diss	VibracExc Attach      Rot_Dipole          
 
