181 26 KTC
                               1             1.5               2               3               4               5               7              10              15              20              30              40              50              70             100             150             200             300             400             500             700            1000            2000            3000            5000           10000
               0          1.6772          1.7248           1.834          2.0552          2.2064          2.3296          2.6712           2.996           3.416           4.032             4.9           5.516           5.964           6.608           7.168           7.672           8.008           8.484           8.764           9.016           9.324           9.632           9.996          10.136           10.22          10.332
               1          1.6772          1.7248           1.834          2.0524          2.2036           2.324          2.6628           2.996           3.388           3.976           4.844           5.432           5.852           6.468           6.972            7.42           7.672           8.036           8.204           8.344           8.456            8.54           8.428            8.26           7.812           7.056
               2          1.6772          1.7248          1.8312           2.044          2.1896          2.3072          2.6348            2.94           3.304           3.892           4.704           5.236           5.628           6.132           6.552            6.86           7.028           7.224           7.252            7.28           7.224           7.112           6.496           5.992           5.152           3.892
               3            1.68           1.722          1.8284          2.0328            2.17           2.282          2.5956           2.884            3.22           3.752           4.508           4.984            5.32           5.768           6.132           6.328            6.44           6.524           6.468           6.412           6.216           5.936            5.04           4.368           3.416           2.184
               4            1.68           1.722          1.8228          2.0188          2.1476          2.2512           2.548           2.828           3.108           3.612           4.312            4.76           5.068            5.46            5.74            5.88           5.908            5.88            5.74             5.6            5.32           4.928           3.864           3.164          2.2708          1.1704
               5          1.6828           1.722          1.8172           2.002          2.1224          2.2176          2.4976          2.7524           3.024           3.472           4.144           4.536           4.844            5.18           5.376           5.432           5.404           5.264           5.096             4.9           4.536            4.06           2.968           2.282          1.5092          0.6384
               6          1.6856           1.722          1.8116           1.988          2.0944           2.184          2.4528           2.688           2.912            3.36           3.976            4.34           4.592           4.872            5.04           5.012           4.956           4.732           4.508           4.256           3.864            3.36          2.2624          1.6548           0.924          0.4004
               7          1.6912           1.722           1.806          1.9712           2.072          2.1504           2.408          2.6292           2.828           3.248           3.808           4.144           4.368           4.592           4.704           4.648           4.508           4.228           3.948           3.696           3.276          2.7496           1.722          1.1452           0.602         0.26628
               8           1.694          1.7192          1.8004          1.9544          2.0468          2.1196          2.3688           2.576          2.7636           3.136           3.668           3.948           4.144            4.34           4.396           4.256           4.116            3.78           3.472           3.192          2.7552          2.2512          1.3132           0.784            0.42         0.17612
               9          1.6996          1.7192          1.7948          1.9404          2.0244          2.0916          2.3296          2.5256          2.6852           3.024             3.5            3.78           3.948           4.088           4.088            3.92           3.724            3.36           3.052          2.7636          2.3184          1.8368          0.9352            0.56           0.308          0.1148
              10          1.7024           1.722          1.7892          1.9236           2.002          2.0636          2.2932          2.4752          2.6096           2.912            3.36           3.584           3.752           3.836           3.808           3.612           3.388           2.996            2.66          2.3772           1.946           1.498           0.686          0.4172         0.23016         0.07812
              11           1.708           1.722          1.7864          1.9124          1.9824          2.0384          2.2568          2.4276          2.5368             2.8            3.22           3.416           3.556           3.612           3.528           3.304           3.052           2.646          2.3156          2.0384          1.6296           1.218           0.518           0.322         0.16912          0.0546
              12          1.7136           1.722          1.7808          1.8984          1.9628          2.0132          2.2204          2.3772          2.4668           2.716            3.08           3.248            3.36           3.388           3.276           3.024          2.7636           2.338          2.0104          1.7472          1.3608           0.952          0.4032           0.252          0.1232         0.03864
              13          1.7164           1.722          1.7752          1.8872          1.9432          1.9852           2.184          2.3324          2.4024          2.6264            2.94           3.108           3.192           3.192           3.052          2.7552           2.492          2.0636          1.7444          1.4924          1.1368           0.742           0.322         0.19964         0.09184         0.02912
              14           1.722           1.722          1.7724          1.8732          1.9236            1.96          2.1504          2.2876          2.3408          2.5368           2.828           2.968           3.024           2.996           2.828          2.5116            2.24          1.8172          1.5064           1.274           0.924           0.588         0.25844         0.15568         0.06944        0.022652
              15          1.7276           1.722          1.7696           1.862           1.904           1.932          2.1168          2.2484           2.282          2.4528          2.7104             2.8           2.856          2.7972          2.6152          2.2876          2.0132          1.5988           1.302          1.0864          0.7392          0.4732         0.21056         0.12096         0.05404        0.018116
              16          1.7304          1.7248           1.764           1.848          1.8816          1.9096           2.086          2.2092          2.2232          2.3688          2.5956           2.674          2.6964          2.6208          2.4192          2.0804           1.806             1.4          1.1228          0.9184          0.5992          0.3864          0.1722         0.09464         0.04256         0.01428
              17           1.736          1.7248          1.7612          1.8368          1.8648          1.8844          2.0552            2.17            2.17          2.2932          2.4864          2.5452          2.5508          2.4528          2.2344            1.89          1.6156          1.2264          0.9688          0.7504            0.49          0.3192         0.13972          0.0756          0.0336        0.011676
              18          1.7416          1.7248          1.7584          1.8256          1.8452           1.862          2.0244          2.1336          2.1168          2.2204            2.38          2.4192          2.4108          2.2932          2.0636          1.7136          1.4448          1.0752          0.8232           0.616          0.4032         0.26516         0.11256         0.06132          0.0273        0.009576
              19          1.7472          1.7276          1.7556          1.8116          1.8284          1.8396          1.9964          2.0972          2.0664          2.1476          2.2792          2.2988          2.2792          2.1448           1.904          1.5512          1.2908           0.938          0.6832          0.5124           0.336         0.22288         0.09184          0.0504        0.022736        0.007896
              20          1.7528          1.7304          1.7528          1.8032          1.8116            1.82          1.9684          2.0608          2.0216          2.0804           2.184          2.1868          2.1532          2.0048          1.7556          1.4056          1.1508          0.8204          0.5684          0.4256          0.2828         0.18844         0.07588         0.04228        0.019236        0.006468
              21          1.7556          1.7304            1.75           1.792          1.7948          1.7976          1.9404            2.03          1.9768           2.016          2.0916          2.0804          2.0328          1.8732          1.6156          1.2712          1.0248             0.7           0.476          0.3584         0.24024         0.16016         0.06356           0.035        0.016352        0.005376
              22           1.764          1.7332          1.7472          1.7808           1.778          1.7752          1.9124          1.9964           1.932          1.9544          2.0048          1.9768          1.9208          1.7472          1.4868          1.1452          0.9128           0.588          0.4032          0.3052         0.20524         0.13692         0.05404          0.0294           0.014        0.004564
              23          1.7696           1.736          1.7444          1.7724           1.764          1.7556          1.8872          1.9656            1.89          1.8956          1.9208          1.8816          1.8116          1.6324          1.3664          1.0332          0.8092          0.4984          0.3416         0.25928          0.1764         0.11732          0.0462        0.025088        0.012068        0.003892
              24          1.7752          1.7388          1.7444          1.7612          1.7472           1.736           1.862          1.9376          1.8508          1.8424          1.8424          1.7892          1.7108          1.5204          1.2544          0.9296          0.7168          0.4228          0.2912         0.22288         0.15204          0.1008         0.03976        0.021672          0.0105         0.00336
              25          1.7808          1.7388          1.7416          1.7528          1.7332          1.7164          1.8368          1.9068          1.8144          1.7892          1.7668          1.6996          1.6156          1.4168          1.1508          0.8372          0.6356          0.3612         0.25088         0.19264         0.13216         0.08624         0.03472        0.018928        0.009128        0.002828
              26          1.7864          1.7416          1.7388          1.7444          1.7164          1.6968          1.8116          1.8788           1.778          1.7388           1.694          1.6184          1.5232          1.3188          1.0556          0.7504          0.5432          0.3108         0.21728         0.16772         0.11508         0.07476         0.02996        0.016744        0.007924       0.0023968
              27          1.7948          1.7444          1.7388          1.7332          1.7024          1.6772          1.7892          1.8508          1.7444          1.6912          1.6268          1.5372          1.4364          1.2292           0.966           0.672          0.4676         0.26768           0.189         0.14644          0.1008         0.06524        0.025956        0.014868        0.006832       0.0020216
              28          1.8004          1.7472           1.736          1.7248          1.6884          1.6604          1.7668          1.8228          1.7108          1.6436          1.5624          1.4616          1.3552          1.1424           0.882           0.602          0.4032          0.2324         0.16548          0.1288         0.08876          0.0574        0.022848        0.013244        0.005936       0.0017472
              29           1.806            1.75           1.736          1.7164          1.6744          1.6436          1.7444          1.7976            1.68          1.5988           1.498          1.3916          1.2768          1.0612          0.8036           0.532          0.3472           0.203          0.1456         0.11368         0.07812         0.05096        0.020328        0.011872        0.005208       0.0015344
              30          1.8144          1.7528           1.736           1.708          1.6604           1.624           1.722          1.7724          1.6492          1.5568          1.4392          1.3216           1.204          0.9828          0.7336           0.462          0.3024         0.17864          0.1288          0.1008         0.06916         0.04536        0.018284         0.01064         0.00462       0.0013356
              31            1.82          1.7556          1.7332          1.6996          1.6492          1.6072          1.7024          1.7472          1.6212          1.5176          1.3832          1.2544           1.134          0.9128          0.6664          0.4032         0.26376         0.15792         0.11452         0.08988          0.0616         0.04088        0.016576         0.00952        0.004116       0.0011508
              32          1.8256          1.7584          1.7332           1.694          1.6352          1.5904            1.68          1.7248          1.5904          1.4784          1.3272          1.1928          1.0668          0.8456          0.6048            0.35           0.231         0.14028          0.1022         0.08036         0.05516         0.03668         0.01512        0.008484        0.003668       0.0009828
              33           1.834           1.764          1.7332          1.6856           1.624          1.5764          1.6604          1.6996          1.5652           1.442          1.2768           1.134          1.0052          0.7812          0.5488           0.308         0.20384         0.12544         0.09184         0.07252         0.04984         0.03304        0.013832         0.00756        0.003248       0.0008596
              34          1.8396          1.7668          1.7332            1.68            1.61          1.5596          1.6408          1.6772            1.54          1.4084          1.2264           1.078          0.9436          0.7224          0.4984         0.26992          0.1806         0.11256          0.0826         0.06524         0.04508         0.02996          0.0126        0.006748        0.002856       0.0007588
              35           1.848          1.7724          1.7332          1.6716          1.5988          1.5456          1.6212          1.6548          1.5148          1.3748          1.1788           1.022          0.8876          0.6664          0.4508           0.238           0.161         0.10164         0.07476         0.05936         0.04116        0.027328        0.011508        0.006076       0.0025088        0.000672
              36          1.8564          1.7752          1.7332           1.666          1.5876          1.5288          1.6016          1.6324          1.4896          1.3412           1.134          0.9716          0.8344           0.616          0.4004         0.21112         0.14448         0.09212         0.06776         0.05404         0.03752        0.025004        0.010472        0.005488       0.0022232       0.0005908
              37           1.862           1.778          1.7332          1.6576          1.5764          1.5148           1.582            1.61          1.4672          1.3104          1.0892          0.9212           0.784          0.5684          0.3556         0.18816         0.13048           0.084         0.06188         0.04928         0.03444        0.023016         0.00952        0.005012        0.001988       0.0005152
              38          1.8704          1.7836          1.7332           1.652          1.5652          1.5008          1.5624          1.5904           1.442          1.2796          1.0472          0.8736          0.7336          0.5236          0.3136         0.16884         0.11844         0.07672         0.05656         0.04508         0.03164         0.02128        0.008652        0.004564       0.0017864       0.0004536
              39          1.8788          1.7864          1.7332          1.6464           1.554          1.4868          1.5456           1.568          1.4224          1.2516           1.008          0.8316          0.6888          0.4816            0.28         0.15232         0.10808         0.07028          0.0518         0.04144         0.02912        0.019768        0.007868        0.004172         0.00161       0.0004032
              40          1.8872           1.792           1.736          1.6408          1.5428          1.4728          1.5288          1.5484             1.4          1.2236          0.9688          0.7868          0.6468          0.4452         0.25088         0.13804         0.09884          0.0644          0.0476         0.03808        0.027104        0.018424        0.007196         0.00378       0.0014448       0.0003696
              41          1.8928          1.7976           1.736          1.6352          1.5344          1.4616          1.5092           1.526          1.3776          1.1956          0.9324          0.7476          0.6076          0.4088         0.22568           0.126           0.091         0.05936         0.04396         0.03528        0.025256        0.017248        0.006636        0.003416        0.001288       0.0003304
              42          1.9012          1.8004           1.736          1.6296          1.5232          1.4476          1.4924          1.5064           1.358          1.1704           0.896          0.7112          0.5712          0.3724         0.20356         0.11564         0.08428         0.05488          0.0406         0.03276        0.023604        0.016128         0.00616         0.00308       0.0011452        0.000294
              43          1.9096           1.806          1.7388          1.6268          1.5148          1.4336          1.4756          1.4868          1.3356          1.1452          0.8624          0.6748          0.5348          0.3388          0.1848         0.10668         0.07812         0.05068          0.0378         0.03052        0.022148         0.01512        0.005684       0.0027748        0.001022      0.00025844
              44           1.918          1.8116          1.7388          1.6212          1.5064          1.4224          1.4588          1.4672           1.316            1.12          0.8316          0.6412          0.5012           0.308         0.16856         0.09884         0.07252         0.04704         0.03528         0.02856         0.02086         0.01414        0.005264       0.0025172        0.000924      0.00023352
              45          1.9264          1.8172          1.7416          1.6156           1.498          1.4112           1.442          1.4476          1.2964          1.0976          0.8008          0.6076          0.4704         0.27972         0.15456         0.09184         0.06692         0.04368         0.03276        0.026964        0.019684        0.013244        0.004872       0.0023044       0.0008428      0.00021504
              46          1.9348          1.8228          1.7444            1.61          1.4868          1.3972           1.428           1.428          1.2768          1.0752            0.77          0.5768          0.4424         0.25564         0.14224         0.08596         0.06216          0.0406          0.0308        0.025508         0.01862        0.012376        0.004508       0.0021224       0.0007728      0.00019852
              47          1.9432          1.8284          1.7444          1.6072          1.4784           1.386          1.4112          1.4112            1.26          1.0528           0.742          0.5488          0.4172         0.23464         0.13188         0.08036         0.05768          0.0378         0.02912        0.024248        0.017612        0.011592        0.004144       0.0019544       0.0007028      0.00018116
              48          1.9516           1.834          1.7472          1.6044            1.47          1.3748          1.3972          1.3916          1.2404          1.0304           0.714          0.5236           0.392         0.21616         0.12264         0.07476         0.05404         0.03556        0.027496          0.0231        0.016688        0.010864        0.003808       0.0018032       0.0006356      0.00016184
              49            1.96          1.8396            1.75          1.5988          1.4644          1.3636          1.3804           1.372          1.2208           1.008          0.6888          0.4956           0.364         0.19992         0.11452         0.06944         0.05068         0.03332        0.026152        0.022064        0.015792        0.010164          0.0035        0.001652       0.0005712        0.000147
              50          1.9684          1.8452          1.7528           1.596           1.456          1.3552          1.3664          1.3552          1.2012          0.9884          0.6636          0.4732          0.3388         0.18564         0.10752         0.06468          0.0476         0.03136         0.02492        0.021112        0.014952         0.00952        0.003248       0.0015064       0.0005152      0.00013468
              51          1.9768          1.8508          1.7556          1.5932          1.4476           1.344          1.3524          1.3356          1.1844          0.9688          0.6412          0.4508          0.3136         0.17304         0.10136         0.06048         0.04508         0.02968        0.023856        0.020132        0.014168        0.008932        0.002996        0.001372       0.0004704      0.00012684
              52          1.9852          1.8564          1.7584          1.5904           1.442          1.3328          1.3356          1.3188          1.1648          0.9492          0.6188          0.4284           0.294         0.16184         0.09576         0.05684         0.04256         0.02828        0.022932        0.019236         0.01344          0.0084       0.0027804       0.0012516        0.000434      0.00011816
              53          1.9964          1.8648          1.7612          1.5876          1.4336          1.3244          1.3244           1.302           1.148          0.9296          0.5964          0.4088         0.27524         0.15204         0.09072         0.05348         0.04032        0.027048        0.022064        0.018368         0.01274        0.007924         0.00259        0.001148       0.0004032      0.00010864
              54          2.0048          1.8704           1.764          1.5848           1.428          1.3132          1.3104          1.2852          1.1312            0.91           0.574          0.3836         0.25844         0.14308         0.08512          0.0504         0.03808          0.0259        0.021308        0.017556        0.012096        0.007476       0.0024164       0.0010612       0.0003752      0.00009856
              55          2.0132           1.876          1.7668           1.582          1.4196          1.3048          1.2964          1.2684          1.1116          0.8904          0.5544           0.364         0.24304         0.13524         0.07952         0.04788         0.03584        0.024892         0.02058        0.016772         0.01148        0.007084       0.0022568       0.0009884       0.0003472        0.000091
              56          2.0216          1.8844          1.7724           1.582           1.414          1.2964          1.2824          1.2488          1.0948          0.8736          0.5376          0.3444          0.2296         0.12824         0.07476         0.04564         0.03416        0.023996        0.019908        0.016044        0.010948         0.00672       0.0021028       0.0009212       0.0003164      0.00008652
              57          2.0328            1.89          1.7752          1.5792          1.4084           1.288          1.2684           1.232          1.0752           0.854           0.518          0.3248           0.217          0.1218         0.07028          0.0434         0.03248        0.023184        0.019208        0.015344        0.010416        0.006384       0.0019572       0.0008568       0.0002884      0.00008204
              58          2.0412          1.8956           1.778          1.5764          1.4028          1.2796          1.2544          1.2152          1.0584          0.8372          0.5012           0.308          0.2058         0.11592         0.06608         0.04144          0.0308        0.022456         0.01848        0.014728         0.00994        0.006048       0.0018172       0.0007924        0.000266        0.000077
              59          2.0524           1.904          1.7836          1.5764          1.3972          1.2712          1.2432          1.1984          1.0416          0.8204          0.4844           0.294         0.19544          0.1106         0.06244         0.03976          0.0294        0.021812         0.01778        0.014112        0.009436        0.005768        0.001694       0.0007308      0.00024948      0.00007028
              60          2.0608          1.9096          1.7864          1.5736          1.3944          1.2628          1.2292          1.1816           1.022          0.8036          0.4648         0.27972          0.1862         0.10584         0.05936         0.03836         0.02828        0.021196        0.017136        0.013552        0.008988        0.005488       0.0015792        0.000672      0.00023604      0.00006496
              61          2.0692           1.918           1.792          1.5736          1.3888          1.2572           1.218          1.1676          1.0052          0.7868          0.4452         0.26656         0.17752         0.10024         0.05628         0.03696        0.027132        0.020664        0.016492         0.01302         0.00854        0.005236       0.0014812       0.0006216      0.00022344       0.0000616
              62          2.0804          1.9264          1.7948          1.5736          1.3832          1.2488           1.204          1.1508          0.9884          0.7672          0.4284         0.25452          0.1694         0.09464         0.05348         0.03556        0.026124        0.020132        0.015932        0.012516         0.00812        0.004984       0.0013888       0.0005796      0.00020972      0.00005936
              63          2.0916           1.932          1.8004          1.5708          1.3776          1.2404          1.1928           1.134          0.9716          0.7504          0.4088         0.24304         0.16212          0.0896         0.05124         0.03416          0.0252        0.019656        0.015372         0.01204        0.007728        0.004732       0.0013104        0.000546       0.0001946      0.00005684
              64             2.1          1.9404          1.8032          1.5708          1.3748          1.2348          1.1816          1.1172           0.952          0.7364          0.3948         0.23268         0.15512         0.08484           0.049         0.03248         0.02436        0.019208        0.014868         0.01162        0.007392        0.004508       0.0012376       0.0005152      0.00018004      0.00005292
              65          2.1112          1.9488          1.8088          1.5708          1.3692          1.2292          1.1704          1.1004          0.9352          0.7196           0.378          0.2226         0.14868         0.08036         0.04704         0.03136        0.023632        0.018816        0.014364          0.0112        0.007056        0.004284       0.0011676       0.0004872      0.00016772        0.000049
              66          2.1196          1.9544          1.8144          1.5708          1.3664          1.2208          1.1592          1.0864          0.9184          0.7028           0.364         0.21336         0.14252         0.07644         0.04508         0.02996        0.022988        0.018424        0.013916        0.010808        0.006748        0.004088       0.0011004        0.000462      0.00015876      0.00004592
              67          2.1308          1.9628            1.82          1.5708          1.3636          1.2152           1.148          1.0696          0.8988           0.686            0.35          0.2044         0.13664          0.0728          0.0434         0.02884          0.0224        0.018004        0.013468        0.010416        0.006468        0.003892       0.0010332        0.000434      0.00015204      0.00004452
              68          2.1392          1.9712          1.8256          1.5708           1.358          1.2096          1.1368          1.0556           0.882          0.6692           0.336         0.19628         0.13132         0.06916         0.04172         0.02786        0.021868        0.017528        0.013076        0.010052        0.006216        0.003724       0.0009688        0.000406      0.00014644      0.00004284
              69          2.1504          1.9796          1.8312          1.5708          1.3552           1.204          1.1256          1.0388          0.8652          0.6552           0.322         0.18816         0.12628          0.0658          0.0406         0.02688         0.02142        0.017052        0.012684        0.009744        0.005992        0.003556         0.00091        0.000378      0.00013972      0.00004116
              70          2.1616           1.988          1.8368          1.5708          1.3524          1.1984          1.1144           1.022          0.8456          0.6384          0.3108         0.18088         0.12068           0.063          0.0392        0.026012           0.021        0.016632         0.01232        0.009408        0.005796        0.003388       0.0008568       0.0003556       0.0001316      0.00003836
              71            2.17          1.9964          1.8424          1.5708          1.3496          1.1928          1.1032           1.008          0.8288          0.6216          0.2996          0.1736          0.1148          0.0602          0.0378        0.025228        0.020664         0.01624        0.011956        0.009044          0.0056        0.003248       0.0008036       0.0003332       0.0001232      0.00003584
              72          2.1812          2.0048           1.848          1.5736          1.3468          1.1872          1.0948          0.9912           0.812          0.6076          0.2884          0.1666          0.1092          0.0574         0.03668          0.0245        0.020356        0.015848         0.01162        0.008708        0.005432        0.003108       0.0007588       0.0003164      0.00011564      0.00003416
              73          2.1924          2.0132          1.8536          1.5736           1.344          1.1816          1.0836          0.9772          0.7952          0.5908         0.27664         0.16016         0.10416         0.05488         0.03556        0.023856        0.020104        0.015484        0.011312          0.0084        0.005264        0.002968       0.0007224       0.0003052      0.00011004       0.0000336
              74          2.2036          2.0216          1.8592          1.5764          1.3412          1.1788          1.0724          0.9632          0.7784          0.5768           0.266         0.15372         0.09912         0.05264         0.03472        0.023296        0.019908        0.015148        0.011004        0.008092        0.005124        0.002828       0.0006888       0.0002912       0.0001064      0.00003276
              75           2.212            2.03          1.8648          1.5764          1.3412          1.1732           1.064          0.9492          0.7616            0.56         0.25564         0.14784         0.09436          0.0504         0.03388         0.02282         0.01974         0.01484        0.010724         0.00784        0.004984       0.0027132        0.000658         0.00028       0.0001036       0.0000308
              76          2.2232          2.0412          1.8704          1.5792          1.3384          1.1704          1.0556          0.9324          0.7448           0.546         0.24584         0.14196         0.08988         0.04844         0.03304          0.0224          0.0196        0.014532        0.010472         0.00756        0.004788       0.0025844       0.0006272      0.00026712      0.00010024      0.00002884
              77          2.2344          2.0496          1.8788          1.5792          1.3356          1.1648          1.0444          0.9184           0.728          0.5292         0.23604         0.13636         0.08568         0.04648          0.0322        0.022064         0.01946        0.014252         0.01022        0.007336        0.004648       0.0024724       0.0005992       0.0002534      0.00009604      0.00002716
              78          2.2456           2.058          1.8844           1.582          1.3356           1.162           1.036          0.9044          0.7112          0.5124          0.2268         0.13076         0.08176          0.0448         0.03136        0.021784        0.019348        0.013972        0.009996        0.007112         0.00448        0.002366       0.0005712       0.0002394      0.00009072       0.0000266
              79          2.2568          2.0664            1.89          1.5848          1.3328          1.1564          1.0276          0.8904          0.6944          0.4956         0.21784         0.12572         0.07784         0.04312         0.03052         0.02156        0.019292         0.01372        0.009772        0.006916         0.00434        0.002268       0.0005432      0.00022736      0.00008568     0.000026208
              80           2.268          2.0748          1.8984          1.5848          1.3328          1.1536          1.0192          0.8764          0.6776          0.4788         0.20944          0.1204          0.0742         0.04144         0.02968        0.021392        0.019208        0.013524        0.009576        0.006748        0.004228       0.0021812       0.0005208      0.00021784      0.00008176     0.000025284
              81          2.2792           2.086           1.904          1.5876            1.33          1.1508           1.008          0.8624          0.6608          0.4648         0.20104         0.11508         0.07084         0.04004         0.02856        0.021252        0.019152          0.0133        0.009324        0.006552        0.004088       0.0020972       0.0004956         0.00021      0.00007924       0.0000238
              82          2.2876          2.0944          1.9124          1.5904            1.33           1.148          0.9996          0.8512          0.6468           0.448         0.19292         0.11004         0.06776         0.03864        0.027916        0.021168        0.019124        0.013132          0.0091        0.006412        0.003976       0.0020216       0.0004788      0.00020412      0.00007784     0.000022232
              83          2.2988          2.1028          1.9208          1.5932            1.33          1.1424           0.994          0.8372            0.63           0.434         0.18508           0.105         0.06468         0.03752        0.027244         0.02114        0.019096        0.012964        0.008876        0.006272        0.003864       0.0019516       0.0004592      0.00019852      0.00007616      0.00002156
              84            2.31           2.114          1.9264           1.596            1.33          1.1424          0.9856          0.8232          0.6132          0.4172          0.1778         0.10024         0.06188         0.03612        0.026684         0.02114        0.019068        0.012796        0.008652         0.00616        0.003752         0.00189       0.0004452      0.00019292      0.00007392     0.000021224
              85          2.3212          2.1224           1.932          1.5988            1.33          1.1396          0.9772           0.812          0.5992          0.4032         0.17052         0.09576         0.05908         0.03528         0.02618        0.021168         0.01904        0.012656        0.008456        0.006048         0.00364       0.0018284       0.0004284      0.00018564      0.00007028     0.000020916
              86          2.3324          2.1308          1.9404          1.6016            1.33          1.1368          0.9688           0.798          0.5852          0.3892          0.1638         0.09156         0.05656         0.03444        0.025788        0.021252        0.018928        0.012516        0.008288        0.005964        0.003556       0.0017752       0.0004144      0.00017836      0.00006692      0.00001988
              87          2.3436           2.142          1.9488          1.6044          1.3272           1.134          0.9632          0.7868          0.5712          0.3752         0.15708         0.08736         0.05432          0.0336         0.02548        0.021336        0.018844        0.012376         0.00812         0.00588        0.003444       0.0017248       0.0003976      0.00016996      0.00006384     0.000018676
              88          2.3548          2.1504          1.9544          1.6072            1.33          1.1312          0.9548          0.7756          0.5572          0.3612         0.15092         0.08372         0.05208         0.03276        0.025256        0.021476        0.018788        0.012264        0.007952        0.005796         0.00336       0.0016772       0.0003836      0.00016296      0.00006216      0.00001778
              89           2.366          2.1616          1.9628          1.6128            1.33          1.1284          0.9492          0.7616          0.5432            0.35         0.14504         0.08008         0.05012          0.0322        0.025116        0.021644         0.01876        0.012152        0.007812         0.00574        0.003248       0.0016324       0.0003696      0.00015708      0.00006132       0.0000175
              90          2.3772            2.17          1.9712          1.6156            1.33          1.1284          0.9408          0.7504          0.5292          0.3388         0.13944         0.07672         0.04844         0.03192        0.025088         0.02184        0.018732         0.01204        0.007672        0.005656        0.003164       0.0015876       0.0003556      0.00015232      0.00006048     0.000017472
              91          2.3884          2.1812          1.9796          1.6184            1.33          1.1256          0.9352          0.7392          0.5152          0.3248         0.13412         0.07392         0.04704         0.03164        0.025116        0.022064        0.018732          0.0119         0.00756          0.0056        0.003108       0.0015428       0.0003416      0.00014924      0.00005908     0.000016968
              92          2.3996          2.1896          1.9852          1.6212            1.33          1.1228          0.9268           0.728           0.504          0.3136         0.12908         0.07112         0.04564         0.03136        0.025228        0.022316         0.01876        0.011816        0.007448        0.005516        0.003024       0.0014952       0.0003304      0.00014588      0.00005684       0.0000161
              93          2.4108           2.198          1.9936          1.6268            1.33          1.1228          0.9212          0.7196            0.49          0.3024          0.1246          0.0686         0.04452         0.03136        0.025424        0.022624        0.018816        0.011704        0.007364        0.005432         0.00294       0.0014532        0.000322      0.00014308      0.00005404     0.000015092
              94           2.422          2.2092           2.002          1.6296          1.3328            1.12          0.9156          0.7084          0.4788           0.294         0.12012         0.06664         0.04368         0.03136        0.025704        0.022932        0.018872         0.01162         0.00728        0.005348        0.002856       0.0014112       0.0003108      0.00013888      0.00005152     0.000014672
              95          2.4332          2.2176          2.0076          1.6324          1.3328            1.12            0.91          0.6972          0.4648          0.2828         0.11648         0.06468         0.04284         0.03164        0.026068        0.023268        0.018928        0.011536        0.007224        0.005236       0.0027972       0.0013748       0.0003052       0.0001344      0.00005012     0.000014588
              96          2.4444          2.2288          2.0188           1.638          1.3328            1.12          0.9044          0.6888          0.4508         0.27412         0.11284         0.06328         0.04256         0.03192        0.026516         0.02366        0.019012        0.011452        0.007196        0.005152       0.0027356       0.0013384       0.0002968      0.00012964      0.00004928     0.000014504
              97          2.4556          2.2372          2.0244          1.6408          1.3356          1.1172          0.8988          0.6804          0.4396         0.26544         0.10976         0.06188         0.04228         0.03248        0.027048        0.024052        0.019096         0.01134         0.00714        0.005068       0.0026712       0.0013076       0.0002884      0.00012516        0.000049     0.000013944
              98          2.4668          2.2484          2.0328          1.6464          1.3356          1.1172          0.8932          0.6692          0.4284          0.2576         0.10724         0.06104         0.04228         0.03304        0.027664        0.024472         0.01918        0.011256        0.007112        0.004984       0.0026152       0.0012768         0.00028      0.00012236      0.00004844     0.000013104
              99          2.4752          2.2568          2.0412          1.6492          1.3384          1.1172          0.8876          0.6608          0.4144         0.25004         0.10472         0.06048         0.04256          0.0336         0.02828         0.02492        0.019292        0.011172        0.007084        0.004928       0.0025592        0.001246      0.00027188      0.00011956      0.00004704     0.000012516
             100          2.4892           2.268          2.0496          1.6548          1.3384          1.1144           0.882          0.6524          0.4032         0.24332         0.10304          0.0602         0.04312         0.03444         0.02912         0.02534        0.019376        0.011116        0.007056        0.004844        0.002506       0.0012208      0.00026488      0.00011844      0.00004508     0.000012348
             101          2.5004          2.2792           2.058          1.6576          1.3412          1.1144          0.8792          0.6468          0.3948         0.23716         0.10164          0.0602         0.04396         0.03528         0.02996        0.025816        0.019488         0.01106        0.007028        0.004788       0.0024528         0.00119      0.00025788      0.00011676      0.00004284     0.000012432
             102          2.5088          2.2876          2.0664          1.6632          1.3412          1.1144          0.8736          0.6384          0.3836         0.23184         0.10052         0.06076         0.04508          0.0364          0.0308        0.026292          0.0196        0.011032        0.006972        0.004732       0.0024024       0.0011648      0.00025284      0.00011536      0.00004172     0.000012208
             103            2.52          2.2988           2.072          1.6688           1.344          1.1144          0.8708            0.63          0.3752          0.2268         0.09996         0.06132          0.0462         0.03752         0.03192        0.026656        0.019712        0.010976        0.006944        0.004676       0.0023548       0.0011396      0.00024808      0.00011228      0.00004088      0.00001162
             104          2.5312          2.3072          2.0832          1.6744          1.3468          1.1144          0.8652          0.6244          0.3668         0.22288         0.09996         0.06244          0.0476         0.03864         0.03304        0.027076        0.019824        0.010948        0.006916        0.004648         0.00231       0.0011144      0.00024472       0.0001092      0.00004088     0.000010948
             105          2.5424          2.3184          2.0888          1.6772          1.3496          1.1144          0.8624          0.6188          0.3612         0.21924         0.10024         0.06384         0.04956         0.04032         0.03416        0.027496        0.019964         0.01092        0.006888        0.004592       0.0022708       0.0010892       0.0002408      0.00010584       0.0000406      0.00001064
             106          2.5536          2.3268             2.1          1.6828          1.3496          1.1144          0.8596          0.6104          0.3528         0.21644         0.10136         0.06552         0.05152           0.042         0.03528        0.027944        0.020132        0.010892        0.006832        0.004564       0.0022344        0.001064       0.0002366      0.00010248      0.00003976     0.000010668
             107          2.5648           2.338          2.1056          1.6856          1.3524          1.1144           0.854          0.6076          0.3472         0.21448         0.10248         0.06776         0.05376         0.04368         0.03668         0.02828        0.020272        0.010864        0.006776        0.004508       0.0022036       0.0010416       0.0002324      0.00010024      0.00003836     0.000010696
             108           2.576          2.3464           2.114          1.6912          1.3552          1.1144          0.8512           0.602          0.3416         0.21308         0.10444         0.07028         0.05628         0.04564          0.0378         0.02884         0.02044        0.010864         0.00672         0.00448       0.0021784        0.001022      0.00022708      0.00009856      0.00003668      0.00001036
             109          2.5872          2.3548          2.1224          1.6968           1.358          1.1144          0.8484          0.5964          0.3388         0.21252         0.10668          0.0728         0.05908          0.0476          0.0392          0.0294        0.020636        0.010808        0.006692        0.004424        0.002156       0.0010024       0.0002226        0.000098      0.00003556     0.000009772
             110          2.5984           2.366          2.1308          1.7024           1.358          1.1144          0.8456          0.5908          0.3332         0.21252         0.10948         0.07616         0.06216         0.04984          0.0406         0.02968        0.020804        0.010808        0.006636        0.004368       0.0021336         0.00098        0.000217       0.0000966      0.00003472     0.000009324
             111          2.6068          2.3772          2.1392          1.7052          1.3608          1.1144          0.8428           0.588          0.3304         0.21336         0.11284         0.07952         0.06524         0.05236         0.04228         0.03024        0.021028         0.01078        0.006608        0.004312       0.0021168       0.0009632      0.00021308      0.00009604      0.00003472      0.00000924
             112           2.618          2.3856          2.1476          1.7108          1.3636          1.1144            0.84          0.5852          0.3276         0.21476         0.11648         0.08316         0.06888         0.05488         0.04368          0.0308        0.021224         0.01078         0.00658        0.004284       0.0020972       0.0009464      0.00020888       0.0000938      0.00003444      0.00000938
             113          2.6264           2.394           2.156          1.7164          1.3664          1.1172            0.84          0.5796          0.3276           0.217         0.12068         0.08736         0.07252          0.0574         0.04536         0.03136        0.021448        0.010752        0.006552        0.004228       0.0020804       0.0009296       0.0002058      0.00009128      0.00003416     0.000009296
             114          2.6376          2.4052          2.1644           1.722          1.3692          1.1172          0.8372          0.5768          0.3248         0.22008         0.12544         0.09184         0.07644          0.0602         0.04676         0.03192        0.021672         0.01078        0.006552        0.004172        0.002058       0.0009128        0.000203      0.00008876      0.00003304     0.000008876
             115          2.6488          2.4136          2.1728          1.7276           1.372          1.1172          0.8344          0.5712          0.3248         0.22344         0.13048          0.0966         0.08064         0.06328         0.04844         0.03248        0.021868         0.01078        0.006524        0.004144       0.0020356       0.0008988      0.00020048      0.00008596      0.00003192       0.0000084
             116          2.6572          2.4248          2.1784          1.7304          1.3748          1.1172          0.8316          0.5656          0.3276         0.22792         0.13608         0.10164         0.08512         0.06636         0.05012         0.03304        0.022092        0.010808        0.006496        0.004116       0.0020076        0.000882      0.00019824      0.00008456       0.0000308     0.000008148
             117          2.6684          2.4332          2.1868           1.736          1.3776            1.12          0.8316            0.56          0.3276         0.23268         0.14224         0.10696          0.0896         0.06944         0.05208          0.0336        0.022316        0.010836        0.006496        0.004088       0.0019796       0.0008652      0.00019516      0.00008316      0.00002996      0.00000826
             118          2.6796          2.4416          2.1952          1.7416          1.3804            1.12          0.8316          0.5544          0.3304         0.23828         0.14868         0.11256         0.09436          0.0728         0.05376         0.03444        0.022512        0.010864        0.006468         0.00406       0.0019516       0.0008512      0.00019264      0.00008316      0.00002996     0.000008344
             119           2.688            2.45          2.2036          1.7472          1.3832            1.12          0.8288          0.5516          0.3332         0.24472         0.15568         0.11844          0.0994         0.07616         0.05572           0.035        0.022736         0.01092         0.00644        0.004004       0.0019264       0.0008372      0.00018844       0.0000826      0.00002996     0.000008148
             120          2.6992          2.4612           2.212          1.7528          1.3832          1.1228          0.8288           0.546           0.336         0.25172         0.16296         0.12488         0.10472          0.0798          0.0574         0.03556        0.022932        0.010948        0.006412        0.004004        0.001904        0.000826      0.00018508      0.00008232      0.00002996       0.0000077
             121          2.7076          2.4696          2.2204          1.7556          1.3888          1.1228           0.826          0.5432          0.3388         0.25928          0.1708         0.13132         0.11004         0.08344         0.05936         0.03612        0.023128        0.011004        0.006384        0.003976       0.0018816       0.0008176      0.00018144      0.00008092       0.0000294     0.000007336
             122          2.7188           2.478          2.2288          1.7612          1.3888          1.1256           0.826          0.5404          0.3444          0.2674         0.17864         0.13832         0.11564         0.08708         0.06132         0.03668        0.023352         0.01106        0.006328        0.003948       0.0018648       0.0008092      0.00017864      0.00007924      0.00002828     0.000007308
             123          2.7272          2.4864          2.2344          1.7668          1.3944          1.1256           0.826          0.5404            0.35         0.27636         0.18704         0.14532         0.12152           0.091         0.06328         0.03752         0.02352        0.011088          0.0063         0.00392       0.0018508       0.0008036       0.0001764      0.00007728     0.000027216     0.000007476
             124          2.7356          2.4976          2.2428          1.7724          1.3972          1.1256           0.826          0.5376          0.3556          0.2856         0.19572         0.15288         0.12768         0.09492         0.06524         0.03808        0.023744        0.011116        0.006272        0.003892       0.0018396        0.000798      0.00017416      0.00007504     0.000026432     0.000007476
             125          2.7468           2.506          2.2484          1.7752             1.4          1.1284           0.826          0.5376          0.3612          0.2968         0.20468         0.16044         0.13384         0.09884          0.0672         0.03864         0.02394        0.011144        0.006244        0.003836       0.0018284       0.0007924      0.00017304       0.0000742     0.000026376     0.000007168
             126          2.7552          2.5144          2.2568          1.7808          1.4028          1.1284           0.826          0.5348          0.3696          0.3052         0.21392         0.16828            0.14         0.10276         0.06944         0.03948        0.024136        0.011172        0.006216        0.003808       0.0018172       0.0007868      0.00017136      0.00007308     0.000026376     0.000006776
             127          2.7636          2.5228          2.2652          1.7864          1.4056          1.1312          0.8204          0.5348           0.378          0.3164         0.22372          0.1764         0.14672         0.10696          0.0714         0.04004         0.02436        0.011172        0.006188         0.00378        0.001806        0.000784      0.00017024      0.00007336     0.000026656      0.00000658
             128          2.7748          2.5312          2.2736           1.792          1.4056          1.1312          0.8148          0.5348          0.3864          0.3276          0.2338          0.1848         0.15344         0.11116         0.07336          0.0406        0.024584          0.0112        0.006188        0.003752        0.001792       0.0007756        0.000168       0.0000728      0.00002618     0.000006692
             129          2.7832          2.5396          2.2792          1.7948          1.4112           1.134           0.812          0.5376          0.3948          0.3416         0.24416         0.19348         0.16016         0.11564          0.0756         0.04116         0.02478          0.0112        0.006188        0.003724       0.0017752         0.00077      0.00016632       0.0000728      0.00002548     0.000006832
             130          2.7916           2.548          2.2876          1.8004           1.414           1.134          0.8064          0.5376          0.4032          0.3528          0.2548         0.20216         0.16716         0.11984         0.07756           0.042        0.025032        0.011228        0.006188        0.003696       0.0017584       0.0007616       0.0001638      0.00007168     0.000024416      0.00000672
             131             2.8          2.5564           2.296           1.806          1.4168          1.1368          0.8036          0.5404          0.4144          0.3668         0.26572         0.21112         0.17444         0.12432          0.0798         0.04256        0.025228        0.011256         0.00616        0.003668       0.0017388       0.0007532      0.00016212         0.00007      0.00002366     0.000006356
             132             2.8          2.5648          2.3016          1.8116          1.4196          1.1368          0.8008          0.5404          0.4228          0.3808         0.27692         0.22036         0.18172          0.1288         0.08176         0.04312        0.025452        0.011284         0.00616         0.00364        0.001722       0.0007448      0.00016044       0.0000686     0.000023436     0.000006048
             133           2.828          2.5704          2.3072          1.8144          1.4224          1.1396          0.7952          0.5432           0.434           0.392          0.2884          0.2296           0.189         0.13328           0.084         0.04368        0.025676        0.011312         0.00616         0.00364       0.0017024       0.0007364      0.00015904      0.00006692     0.000023492     0.000006048
             134           2.828          2.5788          2.3156            1.82          1.4252          1.1396          0.7924           0.546          0.4452           0.406          0.2996         0.23912         0.19628         0.13776         0.08596         0.04452        0.025872         0.01134         0.00616         0.00364       0.0016884       0.0007336      0.00015876      0.00006608     0.000023884     0.000006216
             135           2.828          2.5872          2.3212          1.8256           1.428          1.1424          0.7896          0.5488          0.4564          0.4172          0.3108         0.24864         0.20384         0.14224          0.0882         0.04508        0.026096        0.011368         0.00616         0.00364       0.0016744        0.000728      0.00015764      0.00006524     0.000023688     0.000006272
             136           2.856          2.5956          2.3296          1.8284          1.4308          1.1424          0.7868          0.5516          0.4676          0.4312          0.3248         0.25816         0.21168           0.147         0.09044         0.04564        0.026292        0.011396        0.006132        0.003612        0.001666       0.0007252      0.00015764       0.0000658     0.000023296     0.000006048
             137           2.856          2.6012          2.3352           1.834          1.4336          1.1452           0.784          0.5544          0.4816          0.4452           0.336         0.26796         0.21924         0.15148          0.0924          0.0462        0.026488        0.011424        0.006132        0.003612       0.0016576       0.0007224      0.00015624      0.00006552     0.000022288     0.000005684
             138           2.856          2.6096          2.3408          1.8396          1.4364          1.1452           0.784            0.56          0.4928          0.4592          0.3472         0.27776          0.2268         0.15596         0.09464         0.04704        0.026684        0.011452        0.006104        0.003612        0.001652       0.0007196       0.0001554      0.00006552     0.000021616     0.000005544
             139           2.856           2.618          2.3492          1.8424          1.4392           1.148          0.7812          0.5628          0.5068          0.4732          0.3612          0.2884         0.23464         0.16072          0.0966          0.0476         0.02688        0.011508        0.006076        0.003612       0.0016492       0.0007168      0.00015372      0.00006468     0.000021224     0.000005656
             140           2.884          2.6236          2.3548           1.848           1.442           1.148          0.7784          0.5684           0.518          0.4872          0.3724          0.2968          0.2422          0.1652         0.09856         0.04816        0.027048        0.011536        0.006048        0.003584       0.0016464        0.000714      0.00015176      0.00006328     0.000021336     0.000005824
             141           2.884           2.632          2.3604          1.8508          1.4448          1.1508          0.7784          0.5712           0.532          0.5012          0.3864           0.308         0.25004         0.16968          0.1008         0.04872        0.027244        0.011564         0.00602        0.003584       0.0016436       0.0007084      0.00015036      0.00006188     0.000021756     0.000005796
             142           2.884          2.6376           2.366          1.8564          1.4476           1.148          0.7756          0.5768           0.546           0.518          0.4004          0.3164          0.2576         0.17416         0.10276         0.04956        0.027412        0.011564         0.00602        0.003556       0.0016352       0.0007028      0.00014868      0.00006048     0.000021784      0.00000546
             143           2.884           2.646          2.3716          1.8592          1.4504          1.1452          0.7728          0.5824          0.5572           0.532          0.4116          0.3276         0.26516         0.17864         0.10472         0.05012         0.02758        0.011564        0.005992        0.003528       0.0016268       0.0006972      0.00014784      0.00005992     0.000021644     0.000005208
             144           2.912          2.6516          2.3772          1.8648          1.4504          1.1424          0.7728           0.588          0.5712           0.546          0.4256          0.3388         0.27328         0.18312         0.10668         0.05068        0.027748        0.011592        0.005992          0.0035       0.0016156       0.0006888      0.00014644      0.00005936     0.000020776      0.00000518
             145           2.912          2.6572          2.3828          1.8676          1.4532          1.1396          0.7728          0.5936          0.5852            0.56          0.4368          0.3472            0.28          0.1876         0.10864         0.05124        0.027916        0.011592        0.005992          0.0035       0.0016016        0.000686      0.00014644      0.00005992      0.00002016     0.000005404
             146           2.912          2.6628          2.3884          1.8704           1.456          1.1368            0.77          0.5964          0.5992          0.5768          0.4508          0.3584          0.2884         0.19208          0.1106          0.0518           0.028        0.011592        0.005964        0.003472       0.0015876       0.0006804      0.00014532      0.00005992     0.000019572     0.000005516
             147           2.912          2.6684           2.394           1.876          1.4588           1.134            0.77           0.602          0.6104          0.5908           0.462          0.3668          0.2968         0.19628         0.11256         0.05236         0.02828        0.011592        0.005992        0.003472       0.0015764       0.0006776      0.00014504       0.0000602     0.000019656      0.00000532
             148            2.94          2.6768          2.3996          1.8788          1.4616          1.1312            0.77          0.6076          0.6244          0.6048           0.476          0.3752          0.3024         0.20048         0.11452         0.05292         0.02828        0.011592        0.005992        0.003472       0.0015624       0.0006748       0.0001442      0.00005936      0.00002002     0.000004984
             149            2.94          2.6796          2.4052          1.8816          1.4644          1.1284            0.77          0.6132          0.6356          0.6216          0.4872          0.3864          0.3108         0.20496         0.11648         0.05348         0.02856         0.01162        0.005992        0.003472        0.001554       0.0006748      0.00014308      0.00005824     0.000020328     0.000004844
             150            2.94          2.6852          2.4108          1.8844          1.4672          1.1284            0.77          0.6188          0.6468          0.6356          0.5012          0.3948          0.3164         0.20916         0.11816         0.05376         0.02884         0.01162        0.005992        0.003472       0.0015484       0.0006748      0.00014196       0.0000574     0.000020356     0.000004984
             151            2.94          2.6908          2.4136            1.89          1.4672          1.1256          0.7672          0.6272          0.6608          0.6496          0.5124           0.406          0.3248         0.21308         0.12012         0.05432         0.02884         0.01162        0.005992        0.003472       0.0015456       0.0006748      0.00014028        0.000056     0.000019628     0.000005208
             152            2.94          2.6964          2.4192          1.8928            1.47          1.1228          0.7672          0.6328           0.672          0.6636          0.5264          0.4144          0.3332           0.217          0.1218         0.05488         0.02912        0.011648        0.005992          0.0035       0.0015428       0.0006748      0.00013972      0.00005572      0.00001904     0.000005208
             153           2.968           2.702          2.4248          1.8956          1.4728            1.12          0.7672          0.6384          0.6832          0.6776          0.5376          0.4228          0.3388          0.2212         0.12348         0.05544          0.0294        0.011676        0.005992          0.0035       0.0015428        0.000672      0.00013832      0.00005516     0.000018284     0.000004928
             154           2.968          2.7076          2.4276          1.8984          1.4728            1.12          0.7672           0.644          0.6944          0.6916          0.5488          0.4312          0.3444         0.22484         0.12516         0.05572          0.0294        0.011704        0.005964          0.0035       0.0015456       0.0006692      0.00013832        0.000056     0.000018368     0.000004648
             155           2.968          2.7132          2.4332          1.9012          1.4756          1.1172          0.7672          0.6496          0.7056          0.7056            0.56          0.4424          0.3528         0.22876         0.12684         0.05628         0.02968        0.011732        0.005936          0.0035       0.0015456       0.0006636      0.00013748      0.00005628     0.000018592      0.00000462
             156           2.968           2.716          2.4388           1.904          1.4784          1.1172            0.77          0.6552          0.7168          0.7196          0.5712          0.4508          0.3584          0.2324         0.12852         0.05656         0.02968         0.01176        0.005936        0.003472       0.0015456        0.000658      0.00013748      0.00005656      0.00001918     0.000004872
             157           2.968          2.7216          2.4416          1.9068          1.4812          1.1144            0.77          0.6608           0.728          0.7336          0.5824          0.4592           0.364         0.23576         0.12992         0.05712         0.02996        0.011788        0.005908        0.003472         0.00154       0.0006524       0.0001372      0.00005628     0.000019376      0.00000504
             158           2.968          2.7244          2.4444          1.9096          1.4812          1.1144            0.77          0.6664          0.7392          0.7448          0.5908          0.4648          0.3724         0.23912         0.13132          0.0574         0.02996        0.011816         0.00588        0.003444       0.0015316       0.0006496      0.00013664      0.00005516     0.000018956     0.000004872
             159           2.996            2.73          2.4472          1.9124           1.484          1.1116            0.77           0.672          0.7504          0.7588           0.602          0.4732           0.378         0.24248           0.133         0.05796         0.03024        0.011816        0.005852        0.003444       0.0015204       0.0006468      0.00013636      0.00005432      0.00001834     0.000004536
             160           2.996          2.7328          2.4528          1.9152          1.4868          1.1116            0.77          0.6748          0.7588            0.77          0.6104          0.4816          0.3836         0.24556         0.13412         0.05824         0.03024        0.011844        0.005852        0.003416       0.0015092        0.000644      0.00013496       0.0000532       0.0000175      0.00000434
             161           2.996          2.7356          2.4556           1.918          1.4868          1.1088            0.77          0.6804            0.77          0.7812          0.6216            0.49          0.3892         0.24864         0.13552          0.0588         0.03024        0.011844        0.005852        0.003416       0.0014952       0.0006468      0.00013468      0.00005292     0.000017472     0.000004508
             162           2.996          2.7412          2.4584          1.9208          1.4868          1.1088            0.77           0.686          0.7784          0.7924            0.63          0.4956          0.3948         0.25172         0.13692         0.05908         0.03052        0.011844        0.005824        0.003416        0.001484       0.0006468      0.00013328      0.00005264     0.000017556     0.000004816
             163           2.996           2.744          2.4612          1.9236          1.4896          1.1088            0.77          0.6916          0.7868          0.8036          0.6384          0.5012          0.3976         0.25424         0.13804         0.05936         0.03052        0.011844        0.005852        0.003388       0.0014756       0.0006496      0.00013356      0.00005376      0.00001834     0.000004872
             164           2.996          2.7468           2.464          1.9236          1.4896           1.106            0.77          0.6944          0.7952           0.812          0.6468          0.5096          0.4032         0.25704         0.13916         0.05964         0.03052        0.011844        0.005852        0.003388         0.00147       0.0006524      0.00013272      0.00005404     0.000018676     0.000004564
             165           2.996          2.7496          2.4668          1.9264          1.4924           1.106          0.7728             0.7          0.8036          0.8232          0.6552          0.5152          0.4088         0.25956         0.14028         0.05992         0.03052        0.011816         0.00588        0.003416         0.00147       0.0006524        0.000133       0.0000546     0.000018564     0.000004228
             166           2.996          2.7524          2.4696          1.9292          1.4924          1.1032          0.7728          0.7028           0.812          0.8316          0.6636          0.5208          0.4116         0.26208          0.1414          0.0602          0.0308        0.011816        0.005908        0.003416       0.0014728       0.0006524      0.00013328       0.0000546      0.00001792     0.000004228
             167           3.024          2.7552          2.4724          1.9292          1.4952          1.1032          0.7728          0.7084          0.8204            0.84          0.6692          0.5264          0.4172         0.26404         0.14224         0.06048          0.0308        0.011816        0.005908        0.003444       0.0014784       0.0006468      0.00013328       0.0000532      0.00001694     0.000004536
             168           3.024           2.758          2.4724           1.932          1.4952          1.1032          0.7728          0.7112           0.826          0.8484          0.6776           0.532            0.42         0.26628         0.14308         0.06076          0.0308        0.011816        0.005936        0.003444       0.0014868        0.000644      0.00013412      0.00005236     0.000016716     0.000004844
             169           3.024          2.7608          2.4752           1.932           1.498          1.1032          0.7728           0.714          0.8316          0.8568          0.6832          0.5348          0.4228         0.26796         0.14392         0.06104          0.0308        0.011816        0.005936        0.003444       0.0014952       0.0006356      0.00013328      0.00005096      0.00001666     0.000004676
             170           3.024          2.7636           2.478          1.9348           1.498          1.1032          0.7728          0.7168          0.8372          0.8624          0.6888          0.5376          0.4256         0.26992         0.14476         0.06104         0.03108        0.011816        0.005936        0.003472       0.0015008       0.0006328      0.00013356      0.00005096     0.000017752     0.000004284
             171           3.024          2.7636           2.478          1.9348           1.498          1.1004          0.7756          0.7196          0.8428          0.8708          0.6944          0.5432          0.4284          0.2716         0.14532         0.06132         0.03108        0.011844        0.005908        0.003472       0.0015036       0.0006272      0.00013216      0.00005096     0.000018312     0.000004004
             172           3.024          2.7664          2.4808          1.9348           1.498          1.1004          0.7756          0.7224          0.8484          0.8764             0.7           0.546          0.4312           0.273         0.14588          0.0616         0.03108        0.011872        0.005908        0.003444       0.0015008       0.0006244      0.00013216      0.00005236      0.00001876     0.000004256
             173           3.024          2.7692          2.4808          1.9376          1.5008          1.1004          0.7756          0.7252          0.8512           0.882          0.7028          0.5488           0.434          0.2744         0.14644          0.0616         0.03136          0.0119         0.00588        0.003444       0.0014924       0.0006244       0.0001316      0.00005348     0.000017948     0.000004732
             174           3.024          2.7692          2.4836          1.9376          1.5008          1.1004          0.7756           0.728          0.8568          0.8848          0.7056          0.5516           0.434          0.2758           0.147         0.06188         0.03136        0.011928        0.005824        0.003416       0.0014784       0.0006272       0.0001316      0.00005432     0.000016772       0.0000049
             175           3.024          2.7692          2.4836          1.9376          1.5008          1.1004          0.7756           0.728          0.8596          0.8876          0.7084          0.5544          0.4368         0.27664         0.14728         0.06188         0.03136        0.011956        0.005796        0.003388       0.0014616       0.0006328      0.00013216       0.0000546      0.00001596      0.00000448
             176           3.024           2.772          2.4864          1.9404          1.5008          1.1004          0.7756          0.7308          0.8624          0.8932          0.7112          0.5572          0.4396         0.27776         0.14756         0.06188         0.03136        0.012012        0.005768         0.00336        0.001442       0.0006412      0.00013188      0.00005264     0.000015568     0.000003864
             177           3.024           2.772          2.4864          1.9404          1.5008          1.1004          0.7756          0.7308          0.8652          0.8932           0.714          0.5572          0.4396         0.27804         0.14784         0.06216         0.03136        0.012012         0.00574        0.003332       0.0014252       0.0006496       0.0001344      0.00005124     0.000017024     0.000003836
             178           3.024           2.772          2.4864          1.9404          1.5008          1.0976          0.7756          0.7336          0.8652           0.896           0.714            0.56          0.4396          0.2786         0.14812         0.06216         0.03136         0.01204        0.005712        0.003332       0.0014084       0.0006552      0.00013384      0.00004788     0.000018368     0.000004452
             179           3.024           2.772          2.4864          1.9404          1.5008          1.1004          0.7756          0.7336          0.8652           0.896          0.7168            0.56          0.4396         0.27916         0.14812         0.06216         0.03164        0.012068        0.005684        0.003304       0.0014028       0.0006636      0.00013748      0.00004816     0.000021028     0.000005712
             180           3.024           2.772          2.4864          1.9404          1.5008          1.1004          0.7756          0.7336          0.8652           0.896          0.7168          0.5572          0.4396         0.27916         0.14812         0.06216         0.03164        0.012068        0.005684        0.003304       0.0013944       0.0006608      0.00013328      0.00004452      0.00002072     0.000006524
