0.2	8.633182269
0.4	7.056336755
0.6	5.595513521
0.8	4.347910102
1	3.34259533
1.2	2.561722021
1.4	1.96726215
1.6	1.51855094
1.8	1.180177516
2	0.924065652
2.2	0.728975676
2.4	0.579204598
2.6	0.463253024
2.8	0.372714271
3	0.301424664
3.2	0.244839584
3.4	0.199584089
3.6	0.163131811
3.8	0.133575809
4	0.109464589
4.2	0.08968418
4.4	0.073372768
4.6	0.06408547
4.8	0.055390518
5	0.04816113
5.2	0.042105657
5.4	0.036998736
5.6	0.032664478
5.8	0.028964337
6	0.025788241
6.2	0.023048039
6.4	0.02067261
6.6	0.018604174
6.8	0.016795478
7	0.015207647
7.2	0.013808509
7.4	0.012571295
7.6	0.011473622
7.8	0.010496676
8	0.009931908
8.2	0.008994486
8.4	0.008165027
8.6	0.007428954
8.8	0.006773935
9	0.006189496
9.2	0.005666708
9.4	0.005197933
9.6	0.004776612
9.8	0.004397099
10	0.004054516
10.2	0.003744633
10.4	0.003463778
10.6	0.00320875
10.8	0.002976752
11	0.002765332
11.2	0.002572341
11.4	0.002395885
11.6	0.002234293
11.8	0.002086088
12	0.001949963
12.2	0.001824754
12.4	0.001709428
12.6	0.001603065
12.8	0.001504842
13	0.001414023
13.2	0.001329948
13.4	0.001252026
13.6	0.001179724
13.8	0.001112563
14	0.00105011
14.2	0.000991976
14.4	0.000937807
14.6	0.000887283
14.8	0.000840114
15	0.000796036
15.2	0.000754809
15.4	0.000716215
15.6	0.000680054
15.8	0.000646146
16	0.000614324
16.2	0.000584435
16.4	0.000556341
16.6	0.000529914
16.8	0.000505036
17	0.0004816
17.2	0.000459507
17.4	0.000438666
17.6	0.000418992
17.8	0.000400408
18	0.000382842
18.2	0.000366229
18.4	0.000350506
18.6	0.000335617
18.8	0.000321511
19	0.000308137
19.2	0.00029545
19.4	0.00028341
19.6	0.000271976
19.8	0.000261113
20	0.000250786
20.2	0.000240965
20.4	0.000231619
20.6	0.000222721
20.8	0.000214247
21	0.000206171
21.2	0.000198473
21.4	0.000191129
21.6	0.000184123
21.8	0.000177434
22	0.000171046
22.2	0.000164942
22.4	0.000159108
22.6	0.00015353
22.8	0.000148194
23	0.000143088
23.2	0.000138199
23.4	0.000133517
23.6	0.000129032
23.8	0.000124733
24	0.000120612
24.2	0.00011666
24.4	0.000112867
24.6	0.000109228
24.8	0.000105734
25	0.000102379
25.2	9.91553E-05
25.4	9.60576E-05
25.6	9.30798E-05
25.8	9.02165E-05
26	8.74623E-05
26.2	8.48124E-05
26.4	8.2262E-05
26.6	7.98067E-05
26.8	7.74422E-05
27	7.51646E-05
27.2	7.29701E-05
27.4	7.0855E-05
27.6	6.88159E-05
27.8	6.68496E-05
28	6.4953E-05
28.2	6.31232E-05
28.4	6.13572E-05
28.6	5.96526E-05
28.8	5.80067E-05
29	5.64171E-05
29.2	5.48816E-05
29.4	5.33979E-05
29.6	5.1964E-05
29.8	5.05779E-05
30	4.92376E-05
30.4	4.66876E-05
30.8	4.43004E-05
31.2	4.20638E-05
31.6	3.99664E-05
32	3.79981E-05
32.4	3.61494E-05
32.8	3.44116E-05
33.2	3.2777E-05
33.6	3.12383E-05
34	2.97887E-05
34.4	2.84221E-05
34.8	2.7133E-05
35.2	2.59161E-05
35.6	2.47666E-05
36	2.36801E-05
36.4	2.26525E-05
36.8	2.168E-05
37.2	2.07591E-05
37.6	1.98866E-05
38	1.90593E-05
38.4	1.82747E-05
38.8	1.75299E-05
39.2	1.68227E-05
39.6	1.61508E-05
40	1.5512E-05
40.4	1.49045E-05
40.8	1.43264E-05
41.2	1.37761E-05
41.6	1.32519E-05
42	1.27524E-05
42.4	1.22762E-05
42.8	1.1822E-05
43.2	1.13886E-05
43.6	1.09749E-05
44	1.05798E-05
44.4	1.02023E-05
44.8	9.84142E-06
45.2	9.49638E-06
45.6	9.16632E-06
46	8.85047E-06
46.4	8.54809E-06
46.8	8.25851E-06
47.2	7.98108E-06
47.6	7.7152E-06
48	7.46028E-06
48.4	7.21581E-06
48.8	6.98125E-06
49.2	6.75615E-06
49.6	6.54003E-06
50	6.33249E-06
50.4	6.1331E-06
50.8	5.9415E-06
51.2	5.75732E-06
51.6	5.58021E-06
52	5.40985E-06
52.4	5.24595E-06
52.8	5.0882E-06
53.2	4.93633E-06
53.6	4.79008E-06
54	4.6492E-06
54.4	4.51346E-06
54.8	4.38263E-06
55.2	4.25651E-06
55.6	4.13489E-06
56	4.01758E-06
56.4	3.90439E-06
56.8	3.79516E-06
57.2	3.68972E-06
57.6	3.58792E-06
58	3.4896E-06
58.4	3.39462E-06
58.8	3.30285E-06
59.2	3.21416E-06
59.6	3.12842E-06
60	3.04552E-06
60.4	2.96535E-06
60.8	2.88779E-06
61.2	2.81276E-06
61.6	2.74014E-06
62	2.66985E-06
62.4	2.60179E-06
62.8	2.53589E-06
63.2	2.47207E-06
63.6	2.41023E-06
64	2.35032E-06
64.4	2.29225E-06
64.8	2.23597E-06
65.2	2.1814E-06
65.6	2.12848E-06
66	2.07716E-06
66.4	2.02738E-06
66.8	1.97907E-06
67.2	1.9322E-06
67.6	1.8867E-06
68	1.84253E-06
68.4	1.79965E-06
68.8	1.75801E-06
69.2	1.71756E-06
69.6	1.67827E-06
70	1.6401E-06
70.4	1.603E-06
70.8	1.56695E-06
71.2	1.5319E-06
71.6	1.49783E-06
72	1.4647E-06
72.4	1.43248E-06
72.8	1.40114E-06
73.2	1.37065E-06
73.6	1.34099E-06
74	1.31212E-06
74.4	1.28403E-06
74.8	1.25668E-06
75.2	1.23005E-06
75.6	1.20413E-06
76	1.17889E-06
76.4	1.1543E-06
76.8	1.13035E-06
77.2	1.10702E-06
77.6	1.08429E-06
78	1.06213E-06
78.4	1.04054E-06
78.8	1.0195E-06
79.2	9.98981E-07
79.6	9.78978E-07
80	9.59473E-07
80.4	9.4045E-07
80.8	9.21897E-07
81.2	9.03798E-07
81.6	8.86141E-07
82	8.68913E-07
82.4	8.52101E-07
82.8	8.35694E-07
83.2	8.19679E-07
83.6	8.04046E-07
84	7.88783E-07
84.4	7.73881E-07
84.8	7.59328E-07
85.2	7.45116E-07
85.6	7.31235E-07
86	7.17675E-07
86.4	7.04427E-07
86.8	6.91484E-07
87.2	6.78837E-07
87.6	6.66477E-07
88	6.54397E-07
88.4	6.42589E-07
88.8	6.31046E-07
89.2	6.19761E-07
89.6	6.08727E-07
90	5.97937E-07
90.4	5.87385E-07
90.8	5.77064E-07
91.2	5.66969E-07
91.6	5.57094E-07
92	5.47433E-07
92.4	5.3798E-07
92.8	5.2873E-07
93.2	5.19678E-07
93.6	5.10818E-07
94	5.02147E-07
94.4	4.93658E-07
94.8	4.85348E-07
95.2	4.77212E-07
95.6	4.69246E-07
96	4.61445E-07
96.4	4.53805E-07
96.8	4.46323E-07
97.2	4.38994E-07
97.6	4.31815E-07
98	4.24782E-07
98.4	4.17892E-07
98.8	4.1114E-07
99.2	4.04524E-07
99.6	3.98041E-07
100	3.91687E-07
101	3.76347E-07
102	3.61751E-07
103	3.47854E-07
104	3.34619E-07
105	3.22006E-07
106	3.09982E-07
107	2.98513E-07
108	2.87569E-07
109	2.77122E-07
110	2.67145E-07
111	2.57613E-07
112	2.48501E-07
113	2.39789E-07
114	2.31455E-07
115	2.23479E-07
116	2.15844E-07
117	2.08532E-07
118	2.01527E-07
119	1.94813E-07
120	1.88376E-07
121	1.82203E-07
122	1.7628E-07
123	1.70596E-07
124	1.65139E-07
125	1.59899E-07
126	1.54864E-07
127	1.50026E-07
128	1.45375E-07
129	1.40903E-07
130	1.36602E-07
131	1.32463E-07
132	1.2848E-07
133	1.24645E-07
134	1.20952E-07
135	1.17395E-07
136	1.13967E-07
137	1.10664E-07
138	1.07479E-07
139	1.04408E-07
140	1.01446E-07
141	9.8588E-08
142	9.583E-08
143	9.31676E-08
144	9.05969E-08
145	8.81143E-08
146	8.57161E-08
147	8.33988E-08
148	8.11593E-08
149	7.89944E-08
150	7.69011E-08
151	7.48767E-08
152	7.29184E-08
153	7.10236E-08
154	6.919E-08
155	6.74151E-08
156	6.56967E-08
157	6.40327E-08
158	6.2421E-08
159	6.08597E-08
160	5.93468E-08
161	5.78806E-08
162	5.64594E-08
163	5.50815E-08
164	5.37454E-08
165	5.24494E-08
166	5.11923E-08
167	4.99726E-08
168	4.8789E-08
169	4.76402E-08
170	4.6525E-08
171	4.54422E-08
172	4.43907E-08
173	4.33694E-08
174	4.23773E-08
175	4.14134E-08
176	4.04767E-08
177	3.95664E-08
178	3.86814E-08
179	3.78211E-08
180	3.69845E-08
181	3.61709E-08
182	3.53796E-08
183	3.46097E-08
184	3.38607E-08
185	3.31318E-08
186	3.24224E-08
187	3.17318E-08
188	3.10596E-08
189	3.0405E-08
190	2.97676E-08
191	2.91467E-08
192	2.8542E-08
193	2.79529E-08
194	2.73788E-08
195	2.68195E-08
196	2.62743E-08
197	2.57429E-08
198	2.52248E-08
199	2.47197E-08
200	2.42272E-08
201	2.37469E-08
202	2.32784E-08
203	2.28214E-08
204	2.23756E-08
205	2.19405E-08
206	2.1516E-08
207	2.11017E-08
208	2.06973E-08
209	2.03026E-08
210	1.99172E-08
211	1.95409E-08
212	1.91735E-08
213	1.88146E-08
214	1.84641E-08
215	1.81217E-08
216	1.77872E-08
217	1.74604E-08
218	1.7141E-08
219	1.68289E-08
220	1.65239E-08
221	1.62257E-08
222	1.59343E-08
223	1.56493E-08
224	1.53707E-08
225	1.50982E-08
226	1.48318E-08
227	1.45712E-08
228	1.43163E-08
229	1.40669E-08
230	1.3823E-08
231	1.35843E-08
232	1.33507E-08
233	1.31221E-08
234	1.28984E-08
235	1.26795E-08
236	1.24651E-08
237	1.22553E-08
238	1.20499E-08
239	1.18487E-08
240	1.16517E-08
241	1.14588E-08
242	1.12699E-08
243	1.10848E-08
244	1.09036E-08
245	1.0726E-08
246	1.0552E-08
247	1.03815E-08
248	1.02145E-08
249	1.00508E-08
250	9.89031E-09
251	9.73305E-09
252	9.5789E-09
253	9.42779E-09
254	9.27965E-09
255	9.1344E-09
256	8.99198E-09
257	8.85233E-09
258	8.71537E-09
259	8.58105E-09
260	8.44931E-09
261	8.32008E-09
262	8.19331E-09
263	8.06894E-09
264	7.94693E-09
265	7.82721E-09
266	7.70973E-09
267	7.59445E-09
268	7.48131E-09
269	7.37027E-09
270	7.26129E-09
271	7.1543E-09
272	7.04928E-09
273	6.94618E-09
274	6.84495E-09
275	6.74556E-09
276	6.64797E-09
277	6.55213E-09
278	6.45802E-09
279	6.36558E-09
280	6.27479E-09
281	6.18562E-09
282	6.09802E-09
283	6.01197E-09
284	5.92742E-09
285	5.84436E-09
286	5.76274E-09
287	5.68255E-09
288	5.60374E-09
289	5.5263E-09
290	5.45018E-09
291	5.37537E-09
292	5.30184E-09
293	5.22956E-09
294	5.15851E-09
295	5.08866E-09
296	5.01999E-09
297	4.95247E-09
298	4.88608E-09
299	4.8208E-09
300	4.75661E-09
301	4.69348E-09
302	4.63139E-09
303	4.57032E-09
304	4.51026E-09
305	4.45118E-09
306	4.39306E-09
307	4.33589E-09
308	4.27965E-09
309	4.22431E-09
310	4.16986E-09
311	4.11629E-09
312	4.06358E-09
313	4.0117E-09
314	3.96065E-09
315	3.91041E-09
316	3.86096E-09
317	3.81229E-09
318	3.76439E-09
319	3.71723E-09
320	3.67081E-09
321	3.62511E-09
322	3.58012E-09
323	3.53583E-09
324	3.49221E-09
325	3.44927E-09
326	3.40699E-09
327	3.36535E-09
328	3.32434E-09
329	3.28396E-09
330	3.24418E-09
331	3.20501E-09
332	3.16643E-09
333	3.12842E-09
334	3.09099E-09
335	3.05411E-09
336	3.01777E-09
337	2.98198E-09
338	2.94672E-09
339	2.91197E-09
340	2.87774E-09
341	2.844E-09
342	2.81076E-09
343	2.77801E-09
344	2.74572E-09
345	2.71391E-09
346	2.68255E-09
347	2.65165E-09
348	2.62119E-09
349	2.59116E-09
350	2.56157E-09
351	2.53239E-09
352	2.50363E-09
353	2.47528E-09
354	2.44732E-09
355	2.41976E-09
356	2.39258E-09
357	2.36579E-09
358	2.33937E-09
359	2.31332E-09
360	2.28762E-09
361	2.26229E-09
362	2.2373E-09
363	2.21266E-09
364	2.18835E-09
365	2.16438E-09
366	2.14073E-09
367	2.11741E-09
368	2.0944E-09
369	2.07171E-09
370	2.04932E-09
371	2.02723E-09
372	2.00544E-09
373	1.98394E-09
374	1.96273E-09
375	1.9418E-09
376	1.92114E-09
377	1.90077E-09
378	1.88066E-09
379	1.86081E-09
380	1.84123E-09
381	1.8219E-09
382	1.80283E-09
383	1.784E-09
384	1.76542E-09
385	1.74709E-09
386	1.72898E-09
387	1.71112E-09
388	1.69348E-09
389	1.67607E-09
390	1.65888E-09
391	1.64191E-09
392	1.62516E-09
393	1.60862E-09
394	1.59229E-09
395	1.57617E-09
396	1.56025E-09
397	1.54453E-09
398	1.529E-09
399	1.51368E-09
400	1.49854E-09
401	1.48359E-09
402	1.46883E-09
403	1.45425E-09
404	1.43985E-09
405	1.42563E-09
406	1.41159E-09
407	1.39771E-09
408	1.38401E-09
409	1.37047E-09
410	1.3571E-09
411	1.34389E-09
412	1.33084E-09
413	1.31795E-09
414	1.30522E-09
415	1.29264E-09
416	1.2802E-09
417	1.26792E-09
418	1.25579E-09
419	1.2438E-09
420	1.23195E-09
421	1.22024E-09
422	1.20868E-09
423	1.19724E-09
424	1.18595E-09
425	1.17478E-09
426	1.16375E-09
427	1.15285E-09
428	1.14207E-09
429	1.13142E-09
430	1.12089E-09
431	1.11049E-09
432	1.1002E-09
433	1.09003E-09
434	1.07999E-09
435	1.07005E-09
436	1.06023E-09
437	1.05052E-09
438	1.04093E-09
439	1.03144E-09
440	1.02206E-09
441	1.01279E-09
442	1.00362E-09
443	9.94553E-10
444	9.8559E-10
445	9.76728E-10
446	9.67965E-10
447	9.593E-10
448	9.50731E-10
449	9.42258E-10
450	9.33879E-10
451	9.25593E-10
452	9.17399E-10
453	9.09295E-10
454	9.0128E-10
455	8.93353E-10
456	8.85513E-10
457	8.77759E-10
458	8.7009E-10
459	8.62504E-10
460	8.55E-10
461	8.47578E-10
462	8.40236E-10
463	8.32974E-10
464	8.25789E-10
465	8.18682E-10
466	8.11651E-10
467	8.04696E-10
468	7.97814E-10
469	7.91006E-10
470	7.84271E-10
471	7.77607E-10
472	7.71013E-10
473	7.64489E-10
474	7.58034E-10
475	7.51647E-10
476	7.45327E-10
477	7.39074E-10
478	7.32885E-10
479	7.26761E-10
480	7.20701E-10
481	7.14704E-10
482	7.0877E-10
483	7.02896E-10
484	6.97084E-10
485	6.91331E-10
486	6.85637E-10
487	6.80002E-10
488	6.74425E-10
489	6.68904E-10
490	6.6344E-10
491	6.58032E-10
492	6.52678E-10
493	6.47379E-10
494	6.42133E-10
495	6.36941E-10
496	6.31801E-10
497	6.26712E-10
498	6.21675E-10
499	6.16688E-10
500	6.11751E-10
501	6.06863E-10
502	6.02024E-10
503	5.97233E-10
504	5.92489E-10
505	5.87793E-10
506	5.83142E-10
507	5.78538E-10
508	5.73979E-10
509	5.69465E-10
510	5.64995E-10
511	5.60569E-10
512	5.56186E-10
513	5.51846E-10
514	5.47548E-10
515	5.43292E-10
516	5.39077E-10
517	5.34902E-10
518	5.30768E-10
519	5.26674E-10
520	5.22619E-10
521	5.18604E-10
522	5.14626E-10
523	5.10687E-10
524	5.06785E-10
525	5.02921E-10
526	4.99093E-10
527	4.95301E-10
528	4.91546E-10
529	4.87825E-10
530	4.8414E-10
531	4.8049E-10
532	4.76874E-10
533	4.73292E-10
534	4.69744E-10
535	4.66228E-10
536	4.62746E-10
537	4.59296E-10
538	4.55877E-10
539	4.52491E-10
540	4.49136E-10
541	4.45812E-10
542	4.42519E-10
543	4.39256E-10
544	4.36023E-10
545	4.3282E-10
546	4.29646E-10
547	4.26501E-10
548	4.23385E-10
549	4.20297E-10
550	4.17237E-10
551	4.14205E-10
552	4.112E-10
553	4.08223E-10
554	4.05273E-10
555	4.02349E-10
556	3.99451E-10
557	3.9658E-10
558	3.93734E-10
559	3.90913E-10
560	3.88118E-10
561	3.85348E-10
562	3.82602E-10
563	3.79881E-10
564	3.77184E-10
565	3.74511E-10
566	3.71861E-10
567	3.69235E-10
568	3.66632E-10
569	3.64052E-10
570	3.61494E-10
571	3.58959E-10
572	3.56446E-10
573	3.53955E-10
574	3.51486E-10
575	3.49038E-10
576	3.46611E-10
577	3.44206E-10
578	3.41821E-10
579	3.39457E-10
580	3.37113E-10
581	3.34789E-10
582	3.32486E-10
583	3.30202E-10
584	3.27938E-10
585	3.25693E-10
586	3.23467E-10
587	3.2126E-10
588	3.19072E-10
589	3.16903E-10
590	3.14752E-10
591	3.12619E-10
592	3.10504E-10
593	3.08407E-10
594	3.06328E-10
595	3.04266E-10
596	3.02221E-10
597	3.00194E-10
598	2.98184E-10
599	2.9619E-10
600	2.94213E-10
601	2.92252E-10
602	2.90308E-10
603	2.8838E-10
604	2.86468E-10
605	2.84571E-10
606	2.82691E-10
607	2.80825E-10
608	2.78976E-10
609	2.77141E-10
610	2.75321E-10
611	2.73516E-10
612	2.71727E-10
613	2.69951E-10
614	2.6819E-10
615	2.66444E-10
616	2.64711E-10
617	2.62993E-10
618	2.61288E-10
619	2.59598E-10
620	2.57921E-10
621	2.56257E-10
622	2.54607E-10
623	2.5297E-10
624	2.51346E-10
625	2.49736E-10
626	2.48138E-10
627	2.46553E-10
628	2.4498E-10
629	2.4342E-10
630	2.41873E-10
631	2.40337E-10
632	2.38814E-10
633	2.37303E-10
634	2.35804E-10
635	2.34316E-10
636	2.32841E-10
637	2.31376E-10
638	2.29924E-10
639	2.28483E-10
640	2.27053E-10
641	2.25634E-10
642	2.24226E-10
643	2.22829E-10
644	2.21443E-10
645	2.20068E-10
646	2.18703E-10
647	2.17349E-10
648	2.16006E-10
649	2.14673E-10
650	2.1335E-10
651	2.12037E-10
652	2.10734E-10
653	2.09441E-10
654	2.08159E-10
655	2.06886E-10
656	2.05622E-10
657	2.04369E-10
658	2.03124E-10
659	2.0189E-10
660	2.00664E-10
661	1.99448E-10
662	1.98241E-10
663	1.97044E-10
664	1.95855E-10
665	1.94675E-10
666	1.93504E-10
667	1.92342E-10
668	1.91188E-10
669	1.90044E-10
670	1.88907E-10
671	1.87779E-10
672	1.8666E-10
673	1.85549E-10
674	1.84446E-10
675	1.83351E-10
676	1.82265E-10
677	1.81186E-10
678	1.80116E-10
679	1.79053E-10
680	1.77998E-10
681	1.76951E-10
682	1.75912E-10
683	1.7488E-10
684	1.73856E-10
685	1.72839E-10
686	1.71829E-10
687	1.70827E-10
688	1.69833E-10
689	1.68845E-10
690	1.67865E-10
691	1.66892E-10
692	1.65925E-10
693	1.64966E-10
694	1.64014E-10
695	1.63068E-10
696	1.6213E-10
697	1.61198E-10
698	1.60273E-10
699	1.59354E-10
700	1.58442E-10
701	1.57536E-10
702	1.56637E-10
703	1.55745E-10
704	1.54858E-10
705	1.53978E-10
706	1.53105E-10
707	1.52237E-10
708	1.51375E-10
709	1.5052E-10
710	1.49671E-10
711	1.48827E-10
712	1.4799E-10
713	1.47158E-10
714	1.46332E-10
715	1.45512E-10
716	1.44698E-10
717	1.4389E-10
718	1.43087E-10
719	1.42289E-10
720	1.41498E-10
721	1.40711E-10
722	1.3993E-10
723	1.39155E-10
724	1.38385E-10
725	1.3762E-10
726	1.36861E-10
727	1.36106E-10
728	1.35357E-10
729	1.34613E-10
730	1.33874E-10
731	1.33141E-10
732	1.32412E-10
733	1.31688E-10
734	1.30969E-10
735	1.30255E-10
736	1.29546E-10
737	1.28842E-10
738	1.28142E-10
739	1.27448E-10
740	1.26757E-10
741	1.26072E-10
742	1.25391E-10
743	1.24715E-10
744	1.24043E-10
745	1.23376E-10
746	1.22714E-10
747	1.22055E-10
748	1.21402E-10
749	1.20752E-10
750	1.20107E-10
751	1.19466E-10
752	1.1883E-10
753	1.18197E-10
754	1.17569E-10
755	1.16945E-10
756	1.16325E-10
757	1.15709E-10
758	1.15098E-10
759	1.1449E-10
760	1.13887E-10
761	1.13287E-10
762	1.12691E-10
763	1.12099E-10
764	1.11511E-10
765	1.10927E-10
766	1.10347E-10
767	1.0977E-10
768	1.09198E-10
769	1.08629E-10
770	1.08063E-10
771	1.07502E-10
772	1.06944E-10
773	1.06389E-10
774	1.05839E-10
775	1.05291E-10
776	1.04748E-10
777	1.04207E-10
778	1.03671E-10
779	1.03137E-10
780	1.02608E-10
781	1.02081E-10
782	1.01558E-10
783	1.01038E-10
784	1.00522E-10
785	1.00009E-10
786	9.9499E-11
787	9.8992E-11
788	9.8489E-11
789	9.7988E-11
790	9.7491E-11
791	9.6997E-11
792	9.6507E-11
793	9.6019E-11
794	9.5534E-11
795	9.5053E-11
796	9.4574E-11
797	9.4099E-11
798	9.3626E-11
799	9.3157E-11
800	9.269E-11
801	9.2226E-11
802	9.1765E-11
803	9.1307E-11
804	9.0852E-11
805	9.04E-11
806	8.9951E-11
807	8.9504E-11
808	8.906E-11
809	8.8619E-11
810	8.818E-11
811	8.7745E-11
812	8.7312E-11
813	8.6881E-11
814	8.6453E-11
815	8.6028E-11
816	8.5606E-11
817	8.5186E-11
818	8.4768E-11
819	8.4354E-11
820	8.3941E-11
821	8.3532E-11
822	8.3124E-11
823	8.272E-11
824	8.2317E-11
825	8.1917E-11
826	8.152E-11
827	8.1125E-11
828	8.0732E-11
829	8.0342E-11
830	7.9954E-11
831	7.9568E-11
832	7.9185E-11
833	7.8804E-11
834	7.8425E-11
835	7.8049E-11
836	7.7675E-11
837	7.7303E-11
838	7.6933E-11
839	7.6566E-11
840	7.62E-11
841	7.5837E-11
842	7.5476E-11
843	7.5118E-11
844	7.4761E-11
845	7.4406E-11
846	7.4054E-11
847	7.3703E-11
848	7.3355E-11
849	7.3009E-11
850	7.2664E-11
851	7.2322E-11
852	7.1982E-11
853	7.1644E-11
854	7.1308E-11
855	7.0973E-11
856	7.0641E-11
857	7.0311E-11
858	6.9982E-11
859	6.9656E-11
860	6.9331E-11
861	6.9008E-11
862	6.8687E-11
863	6.8368E-11
864	6.8051E-11
865	6.7736E-11
866	6.7422E-11
867	6.7111E-11
868	6.6801E-11
869	6.6493E-11
870	6.6186E-11
871	6.5882E-11
872	6.5579E-11
873	6.5278E-11
874	6.4979E-11
875	6.4681E-11
876	6.4385E-11
877	6.4091E-11
878	6.3798E-11
879	6.3507E-11
880	6.3218E-11
881	6.293E-11
882	6.2644E-11
883	6.236E-11
884	6.2077E-11
885	6.1796E-11
886	6.1517E-11
887	6.1239E-11
888	6.0962E-11
889	6.0687E-11
890	6.0414E-11
891	6.0142E-11
892	5.9872E-11
893	5.9603E-11
894	5.9336E-11
895	5.907E-11
896	5.8806E-11
897	5.8543E-11
898	5.8282E-11
899	5.8022E-11
900	5.7764E-11
901	5.7507E-11
902	5.7251E-11
903	5.6997E-11
904	5.6744E-11
905	5.6493E-11
906	5.6243E-11
907	5.5995E-11
908	5.5747E-11
909	5.5502E-11
910	5.5257E-11
911	5.5014E-11
912	5.4772E-11
913	5.4532E-11
914	5.4293E-11
915	5.4055E-11
916	5.3818E-11
917	5.3583E-11
918	5.3349E-11
919	5.3116E-11
920	5.2885E-11
921	5.2655E-11
922	5.2426E-11
923	5.2198E-11
924	5.1972E-11
925	5.1746E-11
926	5.1522E-11
927	5.13E-11
928	5.1078E-11
929	5.0858E-11
930	5.0638E-11
931	5.042E-11
932	5.0204E-11
933	4.9988E-11
934	4.9773E-11
935	4.956E-11
936	4.9348E-11
937	4.9137E-11
938	4.8927E-11
939	4.8718E-11
940	4.851E-11
941	4.8303E-11
942	4.8098E-11
943	4.7893E-11
944	4.769E-11
945	4.7488E-11
946	4.7286E-11
947	4.7086E-11
948	4.6887E-11
949	4.6689E-11
950	4.6492E-11
951	4.6296E-11
952	4.6101E-11
953	4.5907E-11
954	4.5714E-11
955	4.5522E-11
956	4.5332E-11
957	4.5142E-11
958	4.4953E-11
959	4.4765E-11
960	4.4578E-11
961	4.4392E-11
962	4.4207E-11
963	4.4023E-11
964	4.384E-11
965	4.3658E-11
966	4.3477E-11
967	4.3296E-11
968	4.3117E-11
969	4.2939E-11
970	4.2761E-11
971	4.2585E-11
972	4.2409E-11
973	4.2234E-11
974	4.2061E-11
975	4.1888E-11
976	4.1716E-11
977	4.1544E-11
978	4.1374E-11
979	4.1205E-11
980	4.1036E-11
981	4.0868E-11
982	4.0702E-11
983	4.0536E-11
984	4.037E-11
985	4.0206E-11
986	4.0043E-11
987	3.988E-11
988	3.9718E-11
989	3.9557E-11
990	3.9397E-11
991	3.9238E-11
992	3.9079E-11
993	3.8921E-11
994	3.8764E-11
995	3.8608E-11
996	3.8453E-11
997	3.8298E-11
998	3.8144E-11
999	3.7991E-11
1000	3.7839E-11
1001	3.7687E-11
1002	3.7537E-11
1003	3.7387E-11
1004	3.7237E-11
1005	3.7089E-11
1006	3.6941E-11
1007	3.6794E-11
1008	3.6648E-11
1009	3.6502E-11
1010	3.6357E-11
1011	3.6213E-11
1012	3.6069E-11
1013	3.5927E-11
1014	3.5785E-11
1015	3.5643E-11
1016	3.5503E-11
1017	3.5363E-11
1018	3.5223E-11
1019	3.5085E-11
1020	3.4947E-11
1021	3.481E-11
1022	3.4673E-11
1023	3.4537E-11
1024	3.4402E-11
1025	3.4268E-11
1026	3.4134E-11
1027	3.4E-11
1028	3.3868E-11
1029	3.3736E-11
1030	3.3605E-11
1031	3.3474E-11
1032	3.3344E-11
1033	3.3214E-11
1034	3.3086E-11
1035	3.2957E-11
1036	3.283E-11
1037	3.2703E-11
1038	3.2577E-11
1039	3.2451E-11
1040	3.2326E-11
1041	3.2201E-11
1042	3.2077E-11
1043	3.1954E-11
1044	3.1831E-11
1045	3.1709E-11
1046	3.1588E-11
1047	3.1467E-11
1048	3.1346E-11
1049	3.1227E-11
1050	3.1107E-11
1051	3.0989E-11
1052	3.0871E-11
1053	3.0753E-11
1054	3.0636E-11
1055	3.052E-11
1056	3.0404E-11
1057	3.0289E-11
1058	3.0174E-11
1059	3.0059E-11
1060	2.9946E-11
1061	2.9833E-11
1062	2.972E-11
1063	2.9608E-11
1064	2.9496E-11
1065	2.9385E-11
1066	2.9275E-11
1067	2.9165E-11
1068	2.9055E-11
1069	2.8946E-11
1070	2.8838E-11
1071	2.873E-11
1072	2.8622E-11
1073	2.8516E-11
1074	2.8409E-11
1075	2.8303E-11
1076	2.8198E-11
1077	2.8093E-11
1078	2.7988E-11
1079	2.7884E-11
1080	2.7781E-11
1081	2.7678E-11
1082	2.7575E-11
1083	2.7473E-11
1084	2.7371E-11
1085	2.727E-11
1086	2.717E-11
1087	2.7069E-11
1088	2.697E-11
1089	2.687E-11
1090	2.6771E-11
1091	2.6673E-11
1092	2.6575E-11
1093	2.6478E-11
1094	2.6381E-11
1095	2.6284E-11
1096	2.6188E-11
1097	2.6092E-11
1098	2.5997E-11
1099	2.5902E-11
1100	2.5808E-11
1101	2.5714E-11
1102	2.562E-11
1103	2.5527E-11
1104	2.5434E-11
1105	2.5342E-11
1106	2.525E-11
1107	2.5159E-11
1108	2.5068E-11
1109	2.4977E-11
1110	2.4887E-11
1111	2.4797E-11
1112	2.4707E-11
1113	2.4618E-11
1114	2.453E-11
1115	2.4442E-11
1116	2.4354E-11
1117	2.4266E-11
1118	2.4179E-11
1119	2.4093E-11
1120	2.4006E-11
1121	2.3921E-11
1122	2.3835E-11
1123	2.375E-11
1124	2.3665E-11
1125	2.3581E-11
1126	2.3497E-11
1127	2.3413E-11
1128	2.333E-11
1129	2.3247E-11
1130	2.3165E-11
1131	2.3083E-11
1132	2.3001E-11
1133	2.292E-11
1134	2.2838E-11
1135	2.2758E-11
1136	2.2677E-11
1137	2.2598E-11
1138	2.2518E-11
1139	2.2439E-11
1140	2.236E-11
1141	2.2281E-11
1142	2.2203E-11
1143	2.2125E-11
1144	2.2047E-11
1145	2.197E-11
1146	2.1893E-11
1147	2.1817E-11
1148	2.1741E-11
1149	2.1665E-11
1150	2.1589E-11
1151	2.1514E-11
1152	2.1439E-11
1153	2.1365E-11
1154	2.129E-11
1155	2.1216E-11
1156	2.1143E-11
1157	2.107E-11
1158	2.0997E-11
1159	2.0924E-11
1160	2.0852E-11
1161	2.078E-11
1162	2.0708E-11
1163	2.0637E-11
1164	2.0565E-11
1165	2.0495E-11
1166	2.0424E-11
1167	2.0354E-11
1168	2.0284E-11
1169	2.0215E-11
1170	2.0145E-11
1171	2.0076E-11
1172	2.0008E-11
1173	1.9939E-11
1174	1.9871E-11
1175	1.9803E-11
1176	1.9736E-11
1177	1.9669E-11
1178	1.9602E-11
1179	1.9535E-11
1180	1.9469E-11
1181	1.9402E-11
1182	1.9337E-11
1183	1.9271E-11
1184	1.9206E-11
1185	1.9141E-11
1186	1.9076E-11
1187	1.9012E-11
1188	1.8947E-11
1189	1.8884E-11
1190	1.882E-11
1191	1.8757E-11
1192	1.8693E-11
1193	1.8631E-11
1194	1.8568E-11
1195	1.8506E-11
1196	1.8444E-11
1197	1.8382E-11
1198	1.832E-11
1199	1.8259E-11
1200	1.8198E-11
1201	1.8137E-11
1202	1.8077E-11
1203	1.8017E-11
1204	1.7957E-11
1205	1.7897E-11
1206	1.7837E-11
1207	1.7778E-11
1208	1.7719E-11
1209	1.766E-11
1210	1.7602E-11
1211	1.7543E-11
1212	1.7485E-11
1213	1.7428E-11
1214	1.737E-11
1215	1.7313E-11
1216	1.7256E-11
1217	1.7199E-11
1218	1.7142E-11
1219	1.7086E-11
1220	1.703E-11
1221	1.6974E-11
1222	1.6918E-11
1223	1.6862E-11
1224	1.6807E-11
1225	1.6752E-11
1226	1.6697E-11
1227	1.6643E-11
1228	1.6589E-11
1229	1.6534E-11
1230	1.648E-11
1231	1.6427E-11
1232	1.6373E-11
1233	1.632E-11
1234	1.6267E-11
1235	1.6214E-11
1236	1.6162E-11
1237	1.6109E-11
1238	1.6057E-11
1239	1.6005E-11
1240	1.5953E-11
1241	1.5902E-11
1242	1.585E-11
1243	1.5799E-11
1244	1.5748E-11
1245	1.5698E-11
1246	1.5647E-11
1247	1.5597E-11
1248	1.5547E-11
1249	1.5497E-11
1250	1.5447E-11
1251	1.5398E-11
1252	1.5348E-11
1253	1.5299E-11
1254	1.525E-11
1255	1.5201E-11
1256	1.5153E-11
1257	1.5105E-11
1258	1.5056E-11
1259	1.5008E-11
1260	1.4961E-11
1261	1.4913E-11
1262	1.4866E-11
1263	1.4819E-11
1264	1.4771E-11
1265	1.4725E-11
1266	1.4678E-11
1267	1.4632E-11
1268	1.4585E-11
1269	1.4539E-11
1270	1.4493E-11
1271	1.4448E-11
1272	1.4402E-11
1273	1.4357E-11
1274	1.4311E-11
1275	1.4266E-11
1276	1.4222E-11
1277	1.4177E-11
1278	1.4132E-11
1279	1.4088E-11
1280	1.4044E-11
1281	1.4E-11
1282	1.3956E-11
1283	1.3913E-11
1284	1.3869E-11
1285	1.3826E-11
1286	1.3783E-11
1287	1.374E-11
1288	1.3697E-11
1289	1.3654E-11
1290	1.3612E-11
1291	1.357E-11
1292	1.3528E-11
1293	1.3486E-11
1294	1.3444E-11
1295	1.3402E-11
1296	1.3361E-11
1297	1.3319E-11
1298	1.3278E-11
1299	1.3237E-11
1300	1.3196E-11
1301	1.3156E-11
1302	1.3115E-11
1303	1.3075E-11
1304	1.3035E-11
1305	1.2995E-11
1306	1.2955E-11
1307	1.2915E-11
1308	1.2875E-11
1309	1.2836E-11
1310	1.2797E-11
1311	1.2757E-11
1312	1.2718E-11
1313	1.268E-11
1314	1.2641E-11
1315	1.2602E-11
1316	1.2564E-11
1317	1.2526E-11
1318	1.2488E-11
1319	1.245E-11
1320	1.2412E-11
1321	1.2374E-11
1322	1.2337E-11
1323	1.2299E-11
1324	1.2262E-11
1325	1.2225E-11
1326	1.2188E-11
1327	1.2151E-11
1328	1.2114E-11
1329	1.2078E-11
1330	1.2041E-11
1331	1.2005E-11
1332	1.1969E-11
1333	1.1933E-11
1334	1.1897E-11
1335	1.1861E-11
1336	1.1826E-11
1337	1.179E-11
1338	1.1755E-11
1339	1.172E-11
1340	1.1685E-11
1341	1.165E-11
1342	1.1615E-11
1343	1.158E-11
1344	1.1546E-11
1345	1.1511E-11
1346	1.1477E-11
1347	1.1443E-11
1348	1.1409E-11
1349	1.1375E-11
1350	1.1341E-11
1351	1.1307E-11
1352	1.1274E-11
1353	1.124E-11
1354	1.1207E-11
1355	1.1174E-11
1356	1.1141E-11
1357	1.1108E-11
1358	1.1075E-11
1359	1.1042E-11
1360	1.101E-11
1361	1.0977E-11
1362	1.0945E-11
1363	1.0913E-11
1364	1.0881E-11
1365	1.0849E-11
1366	1.0817E-11
1367	1.0785E-11
1368	1.0754E-11
1369	1.0722E-11
1370	1.0691E-11
1371	1.0659E-11
1372	1.0628E-11
1373	1.0597E-11
1374	1.0566E-11
1375	1.0535E-11
1376	1.0505E-11
1377	1.0474E-11
1378	1.0444E-11
1379	1.0413E-11
1380	1.0383E-11
1381	1.0353E-11
1382	1.0323E-11
1383	1.0293E-11
1384	1.0263E-11
1385	1.0233E-11
1386	1.0204E-11
1387	1.0174E-11
1388	1.0145E-11
1389	1.0116E-11
1390	1.0086E-11
1391	1.0057E-11
1392	1.0028E-11
1393	9.999E-12
1394	9.971E-12
1395	9.942E-12
1396	9.913E-12
1397	9.885E-12
1398	9.857E-12
1399	9.828E-12
1400	9.8E-12
1401	9.772E-12
1402	9.744E-12
1403	9.716E-12
1404	9.689E-12
1405	9.661E-12
1406	9.633E-12
1407	9.606E-12
1408	9.579E-12
1409	9.551E-12
1410	9.524E-12
1411	9.497E-12
1412	9.47E-12
1413	9.443E-12
1414	9.416E-12
1415	9.39E-12
1416	9.363E-12
1417	9.337E-12
1418	9.31E-12
1419	9.284E-12
1420	9.258E-12
1421	9.232E-12
1422	9.205E-12
1423	9.18E-12
1424	9.154E-12
1425	9.128E-12
1426	9.102E-12
1427	9.077E-12
1428	9.051E-12
1429	9.026E-12
1430	9E-12
1431	8.975E-12
1432	8.95E-12
1433	8.925E-12
1434	8.9E-12
1435	8.875E-12
1436	8.85E-12
1437	8.826E-12
1438	8.801E-12
1439	8.777E-12
1440	8.752E-12
1441	8.728E-12
1442	8.703E-12
1443	8.679E-12
1444	8.655E-12
1445	8.631E-12
1446	8.607E-12
1447	8.583E-12
1448	8.56E-12
1449	8.536E-12
1450	8.512E-12
1451	8.489E-12
1452	8.465E-12
1453	8.442E-12
1454	8.419E-12
1455	8.395E-12
1456	8.372E-12
1457	8.349E-12
1458	8.326E-12
1459	8.303E-12
1460	8.281E-12
1461	8.258E-12
1462	8.235E-12
1463	8.213E-12
1464	8.19E-12
1465	8.168E-12
1466	8.145E-12
1467	8.123E-12
1468	8.101E-12
1469	8.079E-12
1470	8.057E-12
1471	8.035E-12
1472	8.013E-12
1473	7.991E-12
1474	7.969E-12
1475	7.948E-12
1476	7.926E-12
1477	7.905E-12
1478	7.883E-12
1479	7.862E-12
1480	7.84E-12
1481	7.819E-12
1482	7.798E-12
1483	7.777E-12
1484	7.756E-12
1485	7.735E-12
1486	7.714E-12
1487	7.693E-12
1488	7.673E-12
1489	7.652E-12
1490	7.631E-12
1491	7.611E-12
1492	7.59E-12
1493	7.57E-12
1494	7.55E-12
1495	7.529E-12
1496	7.509E-12
1497	7.489E-12
1498	7.469E-12
1499	7.449E-12
1500	7.429E-12
1501	7.409E-12
1502	7.389E-12
1503	7.37E-12
1504	7.35E-12
1505	7.33E-12
1506	7.311E-12
1507	7.291E-12
1508	7.272E-12
1509	7.253E-12
1510	7.233E-12
1511	7.214E-12
1512	7.195E-12
1513	7.176E-12
1514	7.157E-12
1515	7.138E-12
1516	7.119E-12
1517	7.1E-12
1518	7.082E-12
1519	7.063E-12
1520	7.044E-12
1521	7.026E-12
1522	7.007E-12
1523	6.989E-12
1524	6.97E-12
1525	6.952E-12
1526	6.934E-12
1527	6.916E-12
1528	6.897E-12
1529	6.879E-12
1530	6.861E-12
1531	6.843E-12
1532	6.825E-12
1533	6.807E-12
1534	6.79E-12
1535	6.772E-12
1536	6.754E-12
1537	6.737E-12
1538	6.719E-12
1539	6.702E-12
1540	6.684E-12
1541	6.667E-12
1542	6.649E-12
1543	6.632E-12
1544	6.615E-12
1545	6.598E-12
1546	6.581E-12
1547	6.563E-12
1548	6.546E-12
1549	6.53E-12
1550	6.513E-12
1551	6.496E-12
1552	6.479E-12
1553	6.462E-12
1554	6.446E-12
1555	6.429E-12
1556	6.412E-12
1557	6.396E-12
1558	6.379E-12
1559	6.363E-12
1560	6.347E-12
1561	6.33E-12
1562	6.314E-12
1563	6.298E-12
1564	6.282E-12
1565	6.266E-12
1566	6.25E-12
1567	6.234E-12
1568	6.218E-12
1569	6.202E-12
1570	6.186E-12
1571	6.17E-12
1572	6.154E-12
1573	6.139E-12
1574	6.123E-12
1575	6.107E-12
1576	6.092E-12
1577	6.076E-12
1578	6.061E-12
1579	6.046E-12
1580	6.03E-12
1581	6.015E-12
1582	6E-12
1583	5.984E-12
1584	5.969E-12
1585	5.954E-12
1586	5.939E-12
1587	5.924E-12
1588	5.909E-12
1589	5.894E-12
1590	5.879E-12
1591	5.865E-12
1592	5.85E-12
1593	5.835E-12
1594	5.82E-12
1595	5.806E-12
1596	5.791E-12
1597	5.777E-12
1598	5.762E-12
1599	5.748E-12
1600	5.733E-12
1601	5.719E-12
1602	5.705E-12
1603	5.69E-12
1604	5.676E-12
1605	5.662E-12
1606	5.648E-12
1607	5.634E-12
1608	5.62E-12
1609	5.606E-12
1610	5.592E-12
1611	5.578E-12
1612	5.564E-12
1613	5.55E-12
1614	5.536E-12
1615	5.522E-12
1616	5.509E-12
1617	5.495E-12
1618	5.481E-12
1619	5.468E-12
1620	5.454E-12
1621	5.441E-12
1622	5.427E-12
1623	5.414E-12
1624	5.401E-12
1625	5.387E-12
1626	5.374E-12
1627	5.361E-12
1628	5.347E-12
1629	5.334E-12
1630	5.321E-12
1631	5.308E-12
1632	5.295E-12
1633	5.282E-12
1634	5.269E-12
1635	5.256E-12
1636	5.243E-12
1637	5.23E-12
1638	5.218E-12
1639	5.205E-12
1640	5.192E-12
1641	5.179E-12
1642	5.167E-12
1643	5.154E-12
1644	5.142E-12
1645	5.129E-12
1646	5.117E-12
1647	5.104E-12
1648	5.092E-12
1649	5.079E-12
1650	5.067E-12
1651	5.055E-12
1652	5.042E-12
1653	5.03E-12
1654	5.018E-12
1655	5.006E-12
1656	4.994E-12
1657	4.981E-12
1658	4.969E-12
1659	4.957E-12
1660	4.945E-12
1661	4.933E-12
1662	4.922E-12
1663	4.91E-12
1664	4.898E-12
1665	4.886E-12
1666	4.874E-12
1667	4.863E-12
1668	4.851E-12
1669	4.839E-12
1670	4.828E-12
1671	4.816E-12
1672	4.804E-12
1673	4.793E-12
1674	4.781E-12
1675	4.77E-12
1676	4.759E-12
1677	4.747E-12
1678	4.736E-12
1679	4.725E-12
1680	4.713E-12
1681	4.702E-12
1682	4.691E-12
1683	4.68E-12
1684	4.668E-12
1685	4.657E-12
1686	4.646E-12
1687	4.635E-12
1688	4.624E-12
1689	4.613E-12
1690	4.602E-12
1691	4.591E-12
1692	4.58E-12
1693	4.57E-12
1694	4.559E-12
1695	4.548E-12
1696	4.537E-12
1697	4.527E-12
1698	4.516E-12
1699	4.505E-12
1700	4.495E-12
1701	4.484E-12
1702	4.473E-12
1703	4.463E-12
1704	4.452E-12
1705	4.442E-12
1706	4.431E-12
1707	4.421E-12
1708	4.411E-12
1709	4.4E-12
1710	4.39E-12
1711	4.38E-12
1712	4.369E-12
1713	4.359E-12
1714	4.349E-12
1715	4.339E-12
1716	4.329E-12
1717	4.319E-12
1718	4.308E-12
1719	4.298E-12
1720	4.288E-12
1721	4.278E-12
1722	4.268E-12
1723	4.258E-12
1724	4.249E-12
1725	4.239E-12
1726	4.229E-12
1727	4.219E-12
1728	4.209E-12
1729	4.199E-12
1730	4.19E-12
1731	4.18E-12
1732	4.17E-12
1733	4.161E-12
1734	4.151E-12
1735	4.141E-12
1736	4.132E-12
1737	4.122E-12
1738	4.113E-12
1739	4.103E-12
1740	4.094E-12
1741	4.084E-12
1742	4.075E-12
1743	4.066E-12
1744	4.056E-12
1745	4.047E-12
1746	4.038E-12
1747	4.028E-12
1748	4.019E-12
1749	4.01E-12
1750	4.001E-12
1751	3.992E-12
1752	3.982E-12
1753	3.973E-12
1754	3.964E-12
1755	3.955E-12
1756	3.946E-12
1757	3.937E-12
1758	3.928E-12
1759	3.919E-12
1760	3.91E-12
1761	3.901E-12
1762	3.892E-12
1763	3.884E-12
1764	3.875E-12
1765	3.866E-12
1766	3.857E-12
1767	3.848E-12
1768	3.84E-12
1769	3.831E-12
1770	3.822E-12
1771	3.814E-12
1772	3.805E-12
1773	3.796E-12
1774	3.788E-12
1775	3.779E-12
1776	3.771E-12
1777	3.762E-12
1778	3.754E-12
1779	3.745E-12
1780	3.737E-12
1781	3.728E-12
1782	3.72E-12
1783	3.712E-12
1784	3.703E-12
1785	3.695E-12
1786	3.687E-12
1787	3.678E-12
1788	3.67E-12
1789	3.662E-12
1790	3.654E-12
1791	3.646E-12
1792	3.637E-12
1793	3.629E-12
1794	3.621E-12
1795	3.613E-12
1796	3.605E-12
1797	3.597E-12
1798	3.589E-12
1799	3.581E-12
1800	3.573E-12
1801	3.565E-12
1802	3.557E-12
1803	3.549E-12
1804	3.541E-12
1805	3.533E-12
1806	3.525E-12
1807	3.518E-12
1808	3.51E-12
1809	3.502E-12
1810	3.494E-12
1811	3.487E-12
1812	3.479E-12
1813	3.471E-12
1814	3.463E-12
1815	3.456E-12
1816	3.448E-12
1817	3.441E-12
1818	3.433E-12
1819	3.425E-12
1820	3.418E-12
1821	3.41E-12
1822	3.403E-12
1823	3.395E-12
1824	3.388E-12
1825	3.38E-12
1826	3.373E-12
1827	3.366E-12
1828	3.358E-12
1829	3.351E-12
1830	3.343E-12
1831	3.336E-12
1832	3.329E-12
1833	3.322E-12
1834	3.314E-12
1835	3.307E-12
1836	3.3E-12
1837	3.293E-12
1838	3.285E-12
1839	3.278E-12
1840	3.271E-12
1841	3.264E-12
1842	3.257E-12
1843	3.25E-12
1844	3.243E-12
1845	3.236E-12
1846	3.229E-12
1847	3.222E-12
1848	3.215E-12
1849	3.208E-12
1850	3.201E-12
1851	3.194E-12
1852	3.187E-12
1853	3.18E-12
1854	3.173E-12
1855	3.166E-12
1856	3.159E-12
1857	3.153E-12
1858	3.146E-12
1859	3.139E-12
1860	3.132E-12
1861	3.125E-12
1862	3.119E-12
1863	3.112E-12
1864	3.105E-12
1865	3.099E-12
1866	3.092E-12
1867	3.085E-12
1868	3.079E-12
1869	3.072E-12
1870	3.065E-12
1871	3.059E-12
1872	3.052E-12
1873	3.046E-12
1874	3.039E-12
1875	3.033E-12
1876	3.026E-12
1877	3.02E-12
1878	3.013E-12
1879	3.007E-12
1880	3.001E-12
1881	2.994E-12
1882	2.988E-12
1883	2.981E-12
1884	2.975E-12
1885	2.969E-12
1886	2.962E-12
1887	2.956E-12
1888	2.95E-12
1889	2.944E-12
1890	2.937E-12
1891	2.931E-12
1892	2.925E-12
1893	2.919E-12
1894	2.912E-12
1895	2.906E-12
1896	2.9E-12
1897	2.894E-12
1898	2.888E-12
1899	2.882E-12
1900	2.876E-12
1901	2.87E-12
1902	2.864E-12
1903	2.858E-12
1904	2.852E-12
1905	2.846E-12
1906	2.84E-12
1907	2.834E-12
1908	2.828E-12
1909	2.822E-12
1910	2.816E-12
1911	2.81E-12
1912	2.804E-12
1913	2.798E-12
1914	2.792E-12
1915	2.786E-12
1916	2.78E-12
1917	2.775E-12
1918	2.769E-12
1919	2.763E-12
1920	2.757E-12
1921	2.752E-12
1922	2.746E-12
1923	2.74E-12
1924	2.734E-12
1925	2.729E-12
1926	2.723E-12
1927	2.717E-12
1928	2.712E-12
1929	2.706E-12
1930	2.7E-12
1931	2.695E-12
1932	2.689E-12
1933	2.684E-12
1934	2.678E-12
1935	2.672E-12
1936	2.667E-12
1937	2.661E-12
1938	2.656E-12
1939	2.65E-12
1940	2.645E-12
1941	2.639E-12
1942	2.634E-12
1943	2.629E-12
1944	2.623E-12
1945	2.618E-12
1946	2.612E-12
1947	2.607E-12
1948	2.602E-12
1949	2.596E-12
1950	2.591E-12
1951	2.586E-12
1952	2.58E-12
1953	2.575E-12
1954	2.57E-12
1955	2.564E-12
1956	2.559E-12
1957	2.554E-12
1958	2.549E-12
1959	2.543E-12
1960	2.538E-12
1961	2.533E-12
1962	2.528E-12
1963	2.523E-12
1964	2.518E-12
1965	2.512E-12
1966	2.507E-12
1967	2.502E-12
1968	2.497E-12
1969	2.492E-12
1970	2.487E-12
1971	2.482E-12
1972	2.477E-12
1973	2.472E-12
1974	2.467E-12
1975	2.462E-12
1976	2.457E-12
1977	2.452E-12
1978	2.447E-12
1979	2.442E-12
1980	2.437E-12
1981	2.432E-12
1982	2.427E-12
1983	2.422E-12
1984	2.417E-12
1985	2.412E-12
1986	2.407E-12
1987	2.403E-12
1988	2.398E-12
1989	2.393E-12
1990	2.388E-12
1991	2.383E-12
1992	2.378E-12
1993	2.374E-12
1994	2.369E-12
1995	2.364E-12
1996	2.359E-12
1997	2.355E-12
1998	2.35E-12
1999	2.345E-12
2000	2.34E-12
2001	2.336E-12
2002	2.331E-12
2003	2.326E-12
2004	2.322E-12
2005	2.317E-12
2006	2.312E-12
2007	2.308E-12
2008	2.303E-12
2009	2.299E-12
2010	2.294E-12
2011	2.289E-12
2012	2.285E-12
2013	2.28E-12
2014	2.276E-12
2015	2.271E-12
2016	2.267E-12
2017	2.262E-12
2018	2.258E-12
2019	2.253E-12
2020	2.249E-12
2021	2.244E-12
2022	2.24E-12
2023	2.235E-12
2024	2.231E-12
2025	2.227E-12
2026	2.222E-12
2027	2.218E-12
2028	2.213E-12
2029	2.209E-12
2030	2.205E-12
2031	2.2E-12
2032	2.196E-12
2033	2.192E-12
2034	2.187E-12
2035	2.183E-12
2036	2.179E-12
2037	2.174E-12
2038	2.17E-12
2039	2.166E-12
2040	2.162E-12
2041	2.157E-12
2042	2.153E-12
2043	2.149E-12
2044	2.145E-12
2045	2.14E-12
2046	2.136E-12
2047	2.132E-12
2048	2.128E-12
2049	2.124E-12
2050	2.12E-12
2051	2.115E-12
2052	2.111E-12
2053	2.107E-12
2054	2.103E-12
2055	2.099E-12
2056	2.095E-12
2057	2.091E-12
2058	2.087E-12
2059	2.083E-12
2060	2.079E-12
2061	2.075E-12
2062	2.07E-12
2063	2.066E-12
2064	2.062E-12
2065	2.058E-12
2066	2.054E-12
2067	2.05E-12
2068	2.046E-12
2069	2.042E-12
2070	2.039E-12
2071	2.035E-12
2072	2.031E-12
2073	2.027E-12
2074	2.023E-12
2075	2.019E-12
2076	2.015E-12
2077	2.011E-12
2078	2.007E-12
2079	2.003E-12
2080	1.999E-12
2081	1.996E-12
2082	1.992E-12
2083	1.988E-12
2084	1.984E-12
2085	1.98E-12
2086	1.976E-12
2087	1.973E-12
2088	1.969E-12
2089	1.965E-12
2090	1.961E-12
2091	1.958E-12
2092	1.954E-12
2093	1.95E-12
2094	1.946E-12
2095	1.943E-12
2096	1.939E-12
2097	1.935E-12
2098	1.931E-12
2099	1.928E-12
2100	1.924E-12
2101	1.92E-12
2102	1.917E-12
2103	1.913E-12
2104	1.909E-12
2105	1.906E-12
2106	1.902E-12
2107	1.899E-12
2108	1.895E-12
2109	1.891E-12
2110	1.888E-12
2111	1.884E-12
2112	1.881E-12
2113	1.877E-12
2114	1.873E-12
2115	1.87E-12
2116	1.866E-12
2117	1.863E-12
2118	1.859E-12
2119	1.856E-12
2120	1.852E-12
2121	1.849E-12
2122	1.845E-12
2123	1.842E-12
2124	1.838E-12
2125	1.835E-12
2126	1.831E-12
2127	1.828E-12
2128	1.824E-12
2129	1.821E-12
2130	1.818E-12
2131	1.814E-12
2132	1.811E-12
2133	1.807E-12
2134	1.804E-12
2135	1.801E-12
2136	1.797E-12
2137	1.794E-12
2138	1.79E-12
2139	1.787E-12
2140	1.784E-12
2141	1.78E-12
2142	1.777E-12
2143	1.774E-12
2144	1.77E-12
2145	1.767E-12
2146	1.764E-12
2147	1.76E-12
2148	1.757E-12
2149	1.754E-12
2150	1.751E-12
2151	1.747E-12
2152	1.744E-12
2153	1.741E-12
2154	1.738E-12
2155	1.734E-12
2156	1.731E-12
2157	1.728E-12
2158	1.725E-12
2159	1.722E-12
2160	1.718E-12
2161	1.715E-12
2162	1.712E-12
2163	1.709E-12
2164	1.706E-12
2165	1.702E-12
2166	1.699E-12
2167	1.696E-12
2168	1.693E-12
2169	1.69E-12
2170	1.687E-12
2171	1.684E-12
2172	1.681E-12
2173	1.677E-12
2174	1.674E-12
2175	1.671E-12
2176	1.668E-12
2177	1.665E-12
2178	1.662E-12
2179	1.659E-12
2180	1.656E-12
2181	1.653E-12
2182	1.65E-12
2183	1.647E-12
2184	1.644E-12
2185	1.641E-12
2186	1.638E-12
2187	1.635E-12
2188	1.632E-12
2189	1.629E-12
2190	1.626E-12
2191	1.623E-12
2192	1.62E-12
2193	1.617E-12
2194	1.614E-12
2195	1.611E-12
2196	1.608E-12
2197	1.605E-12
2198	1.602E-12
2199	1.599E-12
2200	1.596E-12
2201	1.593E-12
2202	1.59E-12
2203	1.588E-12
2204	1.585E-12
2205	1.582E-12
2206	1.579E-12
2207	1.576E-12
2208	1.573E-12
2209	1.57E-12
2210	1.567E-12
2211	1.565E-12
2212	1.562E-12
2213	1.559E-12
2214	1.556E-12
2215	1.553E-12
2216	1.551E-12
2217	1.548E-12
2218	1.545E-12
2219	1.542E-12
2220	1.539E-12
2221	1.537E-12
2222	1.534E-12
2223	1.531E-12
2224	1.528E-12
2225	1.525E-12
2226	1.523E-12
2227	1.52E-12
2228	1.517E-12
2229	1.515E-12
2230	1.512E-12
2231	1.509E-12
2232	1.506E-12
2233	1.504E-12
2234	1.501E-12
2235	1.498E-12
2236	1.496E-12
2237	1.493E-12
2238	1.49E-12
2239	1.488E-12
2240	1.485E-12
2241	1.482E-12
2242	1.48E-12
2243	1.477E-12
2244	1.474E-12
2245	1.472E-12
2246	1.469E-12
2247	1.466E-12
2248	1.464E-12
2249	1.461E-12
2250	1.459E-12
2251	1.456E-12
2252	1.453E-12
2253	1.451E-12
2254	1.448E-12
2255	1.446E-12
2256	1.443E-12
2257	1.44E-12
2258	1.438E-12
2259	1.435E-12
2260	1.433E-12
2261	1.43E-12
2262	1.428E-12
2263	1.425E-12
2264	1.423E-12
2265	1.42E-12
2266	1.418E-12
2267	1.415E-12
2268	1.413E-12
2269	1.41E-12
2270	1.408E-12
2271	1.405E-12
2272	1.403E-12
2273	1.4E-12
2274	1.398E-12
2275	1.395E-12
2276	1.393E-12
2277	1.39E-12
2278	1.388E-12
2279	1.385E-12
2280	1.383E-12
2281	1.381E-12
2282	1.378E-12
2283	1.376E-12
2284	1.373E-12
2285	1.371E-12
2286	1.369E-12
2287	1.366E-12
2288	1.364E-12
2289	1.361E-12
2290	1.359E-12
2291	1.357E-12
2292	1.354E-12
2293	1.352E-12
2294	1.349E-12
2295	1.347E-12
2296	1.345E-12
2297	1.342E-12
2298	1.34E-12
2299	1.338E-12
2300	1.335E-12
2301	1.333E-12
2302	1.331E-12
2303	1.328E-12
2304	1.326E-12
2305	1.324E-12
2306	1.321E-12
2307	1.319E-12
2308	1.317E-12
2309	1.315E-12
2310	1.312E-12
2311	1.31E-12
2312	1.308E-12
2313	1.305E-12
2314	1.303E-12
2315	1.301E-12
2316	1.299E-12
2317	1.296E-12
2318	1.294E-12
2319	1.292E-12
2320	1.29E-12
2321	1.288E-12
2322	1.285E-12
2323	1.283E-12
2324	1.281E-12
2325	1.279E-12
2326	1.276E-12
2327	1.274E-12
2328	1.272E-12
2329	1.27E-12
2330	1.268E-12
2331	1.265E-12
2332	1.263E-12
2333	1.261E-12
2334	1.259E-12
2335	1.257E-12
2336	1.255E-12
2337	1.252E-12
2338	1.25E-12
2339	1.248E-12
2340	1.246E-12
2341	1.244E-12
2342	1.242E-12
2343	1.24E-12
2344	1.238E-12
2345	1.235E-12
2346	1.233E-12
2347	1.231E-12
2348	1.229E-12
2349	1.227E-12
2350	1.225E-12
2351	1.223E-12
2352	1.221E-12
2353	1.219E-12
2354	1.217E-12
2355	1.214E-12
2356	1.212E-12
2357	1.21E-12
2358	1.208E-12
2359	1.206E-12
2360	1.204E-12
2361	1.202E-12
2362	1.2E-12
2363	1.198E-12
2364	1.196E-12
2365	1.194E-12
2366	1.192E-12
2367	1.19E-12
2368	1.188E-12
2369	1.186E-12
2370	1.184E-12
2371	1.182E-12
2372	1.18E-12
2373	1.178E-12
2374	1.176E-12
2375	1.174E-12
2376	1.172E-12
2377	1.17E-12
2378	1.168E-12
2379	1.166E-12
2380	1.164E-12
2381	1.162E-12
2382	1.16E-12
2383	1.158E-12
2384	1.156E-12
2385	1.154E-12
2386	1.152E-12
2387	1.15E-12
2388	1.149E-12
2389	1.147E-12
2390	1.145E-12
2391	1.143E-12
2392	1.141E-12
2393	1.139E-12
2394	1.137E-12
2395	1.135E-12
2396	1.133E-12
2397	1.131E-12
2398	1.129E-12
2399	1.128E-12
2400	1.126E-12
2401	1.124E-12
2402	1.122E-12
2403	1.12E-12
2404	1.118E-12
2405	1.116E-12
2406	1.114E-12
2407	1.113E-12
2408	1.111E-12
2409	1.109E-12
2410	1.107E-12
