281 8 KTC
                1                      10                    100                1e3              10e3             100e3                    1e6               10e6
    0.00     2088.777938         13119.92573         28764.59104         84043.60917         436680.0723         1480761.776         4759400.454         2170125.710    
    0.01     2088.777938         13119.92573         28764.59104         84043.60917         436680.0723         1480761.776         4759400.454         216524.5208    
    0.02     2088.777938         13119.92573         28764.59104         84043.60917         436680.0723         1480761.776         1145194.207         13768.37581    
    0.03     2088.777938         13119.92573         28764.59104         84043.60917         436680.0723         1480761.776         231177.0947         2747.276208    
    0.04     2088.777938         13119.92573         28764.59104         84043.60917         436680.0723         1480761.776         74281.56408         875.5044082    
    0.05     2088.777938         13119.92573         28764.59104         84043.60917         436680.0723         1140138.017         30791.51615         360.6046577    
    0.06     2088.777938         13119.92573         28764.59104         84043.60917         436680.0723         572225.5878         14995.00789         174.6939845    
    0.07     2088.777938         13119.92573         28764.59104         84043.60917         436680.0723         319474.7260         8161.029055         94.65809467    
    0.08     2088.777938         13119.92573         28764.59104         84043.60917         436680.0723         192825.5868         4818.179072         55.67163327    
    0.09     2088.777938         13119.92573         28764.59104         84043.60917         436680.0723         123524.5236         3026.999558         34.85760659    
    0.10     2088.777938         13119.92573         28764.59104         84043.60917         436680.0723         82935.54987         1997.252489         22.93015326    
    0.11     2088.777938         13119.92573         28764.59104         84043.60917         436680.0723         57840.48442         1371.131302         15.69881564    
    0.12     2088.777938         13119.92573         28764.59104         84043.60917         400136.1190         41624.64815         972.6320939         11.10845285    
    0.13     2088.777938         13119.92573         28764.59104         84043.60917         304931.7656         30754.76963         709.1888202         8.081104504    
    0.14     2088.777938         13119.92573         28764.59104         84043.60917         237108.4453         23239.12692         529.3547583         6.019125299    
    0.15     2088.777938         13119.92573         28764.59104         84043.60917         187599.8342         17903.03423         403.1796745         4.575373695    
    0.16     2088.777938         13119.92573         28764.59104         84043.60917         150690.1350         14026.45631         312.5250506         3.540051566    
    0.17     2088.777938         13119.92573         28764.59104         84043.60917         122661.2436         11153.11799         246.0249457         2.781950643    
    0.18     2088.777938         13119.92573         28764.59104         84043.60917         101027.6042         8985.380839         196.3424721         2.216527836    
    0.19     2088.777938         13119.92573         28764.59104         84043.60917         84087.22449         7324.074064         158.6161552         1.787859895    
    0.20     2088.777938         13119.92573         28764.59104         84043.60917         70649.56897         6032.870874         129.5492396         1.458084130    
    0.21     2088.777938         13119.92573         28764.59104         84043.60917         59865.87321         5016.556656         106.8593382         1.201027627    
    0.22     2088.777938         13119.92573         28764.59104         84043.60917         51120.60128         4207.413761         88.93668606        0.9982573463    
    0.23     2088.777938         13119.92573         28764.59104         84043.60917         43960.41282         3556.485170         74.62669762        0.8365705848    
    0.24     2088.777938         13119.92573         28764.59104         84043.60917         38046.71109         3027.846657         63.08854233        0.7063650482    
    0.25     2088.777938         13119.92573         28764.59104         84043.60917         33123.34677         2594.777340         53.70131274        0.6005588591    
    0.26     2088.777938         13119.92573         28764.59104         84043.60917         28994.26030         2237.153479         46.00062982        0.5138618175    
    0.27     2088.777938         13119.92573         28764.59104         84043.60917         25507.76181         1939.645677         39.63509594        0.4422754195    
    0.28     2088.777938         13119.92573         28764.59104         84043.60917         22545.31917         1690.453034         34.33592238        0.3827445449    
    0.29     2088.777938         13119.92573         28764.59104         80543.88183         20013.45541         1480.402015         29.89544619        0.3329113613    
    0.30     2088.777938         13119.92573         28764.59104         72840.60855         17837.82157         1302.296710         26.15173622        0.2909391706    
    0.31     2088.777938         13119.92573         28764.59104         66091.60178         15958.81162         1150.444810         22.97742873        0.2553847881    
    0.32     2088.777938         13119.92573         28764.59104         60153.34287         14328.28419         1020.307936         20.27153947        0.2251050374    
    0.33     2088.777938         13119.92573         28764.59104         54907.47911         12907.08744         908.2410705         17.95339565        0.1991875218    
    0.34     2088.777938         13119.92573         28764.59104         50255.81896         11663.17329         811.2964923         15.95809484        0.1768988648    
    0.35     2088.777938         13119.92573         28764.59104         46116.43368         10570.14835         727.0749397         14.23307548        0.1576456547    
    0.36     2088.777938         13119.92573         28764.59104         42420.59768         9606.151227         653.6116591         12.73550445        0.1409447213    
    0.37     2088.777938         13119.92573         28764.59104         39110.36969         8752.976332         589.2884735         11.43027108        0.1264003310    
    0.38     2088.777938         13119.92573         28764.59104         36136.66767         7995.385032         532.7654204         10.28843494        0.1136865554    
    0.39     2088.777938         13119.92573         28764.59104         33457.72686         7320.560468         482.9272294         9.286016197        0.1025335424    
    0.40     2088.777938         13119.92573         28764.59104         31037.85717         6717.673341         438.8411367         8.403046473        0.9271675184E-01
    0.41     2088.777938         13119.92573         28764.59104         28846.43621         6177.533965         399.7234273         7.622819359        0.8404846183E-01
    0.42     2088.777938         13119.92573         28764.59104         26857.08862         5692.311877         364.9127375         6.931294910        0.7637102564E-01
    0.43     2088.777938         13119.92573         28764.59104         25047.01409         5255.308631         333.8486335         6.316623788        0.6955148679E-01
    0.44     2088.777938         13119.92573         28764.59104         23396.43405         4860.772761         306.0543274         5.768764900        0.6347725537E-01
    0.45     2088.777938         13119.92573         28764.59104         21888.13438         4503.748329         281.1226624         5.279176548        0.5805261801E-01
    0.46     2088.777938         13119.92573         28764.59104         20507.08534         4179.950389         258.7046909         4.840565720        0.5319590669E-01
    0.47     2088.777938         13119.92573         28764.59104         19240.12477         3885.662116         238.5003237         4.446683590        0.4883719095E-01
    0.48     2088.777938         13119.92573         28712.59977         18075.69264         3617.649485         220.2506396         4.092157968        0.4491638825E-01
    0.49     2088.777938         13119.92573         27240.15742         17003.60789         3373.090194         203.7315341         3.772355410        0.4138170982E-01
    0.50     2088.777938         13119.92573         25870.72606         16014.88017         3149.514241         188.7484518         3.483267274        0.3818837718E-01
    0.51     2018.479916         12575.31203         24595.24964         15101.55036         2944.754047         175.1320019         3.221415180        0.3529755792E-01
    0.52     1951.844914         12063.23289         23405.62468         14256.55508         2756.902446         162.7342929         2.983772281        0.3267547986E-01
    0.53     1888.617010         11581.17387         22294.58423         13473.61113         2584.277173         151.4258597         2.767697442        0.3029269102E-01
    0.54     1828.562538         11126.85734         21255.59782         12747.11676         2425.390756         141.0930768         2.570880031        0.2812343916E-01
    0.55     1771.467789         10698.21634         20282.78499         12072.06689         2278.924898         131.6359740         2.391293449        0.2614514985E-01
    0.56     1717.136982         10293.37173         19370.84025         11443.98018         2143.708614         122.9663864         2.227155885        0.2433798590E-01
    0.57     1665.390471         9910.612134         18514.96790         10858.83621         2018.699528         115.0063824         2.076897075        0.2268447442E-01
    0.58     1616.063165         9548.376357         17710.82525         10313.02101         1902.967815         107.6869233         1.939130052        0.2116919006E-01
    0.59     1569.003122         9205.237921         16954.47290         9803.279888         1795.682378         100.9467188         1.812627077        0.1977848521E-01
    0.60     1524.070302         8879.891397         16242.33131         9326.676452         1696.098931         94.73124499         1.696299071        0.1850025958E-01
    0.61     1481.135456         8571.140340         15571.14266         8880.556806         1603.549675         88.99190122         1.589177985        0.1732376283E-01
    0.62     1440.079132         8277.886592         14937.93723         8462.518343         1517.434359         83.68528327         1.490401658        0.1623942511E-01
    0.63     1400.790795         7999.120791         14340.00380         8070.382393         1437.212499         78.77255581         1.399200773        0.1523871113E-01
    0.64     1363.168028         7733.913925         13774.86356         7702.170226         1362.396603         74.21890902         1.314887596        0.1431399428E-01
    0.65     1327.115824         7481.409810         13240.24692         7356.081958         1292.546254         69.99308694         1.236846229        0.1345844763E-01
    0.66     1292.545943         7240.818373         12734.07298         7030.477953         1227.262932         66.06697742         1.164524149        0.1266594955E-01
    0.67     1259.376340         7011.409642         12254.43132         6723.862412         1166.185473         62.41525454         1.097424864        0.1193100158E-01
    0.68     1227.530647         6792.508370         11799.56572         6434.868854         1108.986077         59.01506635         1.035101503        0.1124865693E-01
    0.69     1196.937698         6583.489199         11367.85972         6162.247248         1055.366795         55.84576150        0.9771512228        0.1061445815E-01
    0.70     1167.531110         6383.772322         10957.82366         5904.852590         1005.056433         52.88864948        0.9232103183        0.1002438251E-01
    0.71     1139.248902         6192.819575         10568.08310         5661.634741         957.8078078         50.12678998        0.8729499305        0.9474794211E-02
    0.72     1112.033138         6010.130915         10197.36848         5431.629380         913.3953249         47.54480735        0.8260722804        0.8962402429E-02
    0.73     1085.829620         5835.241236         9844.505764         5213.949919         871.6128273         45.12872704        0.7823073540        0.8484224371E-02
    0.74     1060.587593         5667.717494         9508.408096         5007.780292         832.2716843         42.86583104        0.7414099798        0.8037552758E-02
    0.75     1036.259489         5507.156099         9188.068257         4812.368487         795.1990913         40.74452993        0.7031572491        0.7619927107E-02
    0.76     1012.800685         5353.180559         8882.551868         4627.020753         760.2365544         38.75424944        0.6673462325        0.7229108342E-02
    0.77     990.1692839         5205.439329         8590.991252         4451.096396         727.2385372         36.88532977        0.6337919582        0.6863056305E-02
    0.78     968.3259178         5063.603864         8312.579889         4284.003105         696.0712516         35.12893591        0.6023256168        0.6519909802E-02
    0.79     947.2335642         4927.366845         8046.567392         4125.192735         666.6115749         33.47697792        0.5727929660        0.6197968882E-02
    0.80     926.8573787         4796.440558         7792.254953         3974.157512         638.7460783         31.92203966        0.5450529100        0.5895679060E-02
    0.81     907.1645423         4670.555423         7548.991211         3830.426601         612.3701556         30.45731520        0.5189762337        0.5611617257E-02
    0.82     888.1241197         4549.458641         7316.168497         3693.563009         587.3872387         29.07655192        0.4944444717        0.5344479251E-02
    0.83     869.7069306         4432.912965         7093.219417         3563.160778         563.7080923         27.77399946        0.4713488976        0.5093068464E-02
    0.84     851.8854301         4320.695566         6879.613736         3438.842440         541.2501775         26.54436401        0.4495896188        0.4856285922E-02
    0.85     834.6335990         4212.597005         6674.855546         3320.256712         519.9370771         25.38276719        0.4290747649        0.4633121254E-02
    0.86     817.9268430         4108.420275         6478.480667         3207.076397         499.6979770         24.28470903        0.4097197591        0.4422644626E-02
    0.87     801.7418985         4007.979938         6290.054283         3098.996481         480.4671964         23.24603475        0.3914466637        0.4223999475E-02
    0.88     786.0567472         3911.101314         6109.168774         2995.732393         462.1837623         22.26290463        0.3741835899        0.4036395989E-02
    0.89     770.8505357         3817.619753         5935.441728         2897.018425         444.7910237         21.33176698        0.3578641675        0.3859105220E-02
    0.90     756.1035016         3727.379948         5768.514127         2802.606287         428.2363011         20.44933354        0.3424270649        0.3691453784E-02
    0.91     741.7969057         3640.235308         5608.048674         2712.263791         412.4705680         19.61255738        0.3278155567        0.3532819066E-02
    0.92     727.9129679         3556.047388         5453.728256         2625.773641         397.4481615         18.81861273        0.3139771320        0.3382624897E-02
    0.93     714.4348086         3474.685344         5305.254538         2542.932333         383.1265177         18.06487680        0.3008631401        0.3240337629E-02
    0.94     701.3463942         3396.025447         5162.346665         2463.549142         369.4659315         17.34891321        0.2884284692        0.3105462587E-02
    0.95     688.6324860         3319.950622         5024.740062         2387.445193         356.4293369         16.66845692        0.2766312550        0.2977540850E-02
    0.96     676.2785930         3246.350027         4892.185335         2314.452614         343.9821057         16.02140060        0.2654326161        0.2856146321E-02
    0.97     664.2709281         3175.118660         4764.447252         2244.413753         332.0918648         15.40578212        0.2547964133        0.2740883079E-02
    0.98     652.5963670         3106.156994         4641.303807         2177.180456         320.7283272         14.81977318        0.2446890304        0.2631382951E-02
    0.99     641.2424098         3039.370641         4522.545347         2112.613406         309.8631389         14.26166897        0.2350791750        0.2527303317E-02
      1     630.197145627           2974.67003731           4407.9737688073       2050.5815195922                299.4697371872               13.7298786715              0.2259376965      0.0024283251
      2     190.1343532438          674.4445064161           751.0509253027        262.5611009076                 28.4749064899                0.9987343819               0.014655161      0.0001544125
      3      94.3271777344          283.1015399436           266.7380555796         78.8979220903                  7.1894324127                0.2155936249              0.0029583956      3.08107204355155E-005
      4      57.3647033064          152.9162517286           127.9675247593         33.6189178782                  2.7075199893                0.0726496125              0.0009505884      9.81878627861392E-006
      5      39.0039213297           94.8360324206            72.3895067368         17.3466530978                  1.2693937812                0.0312470749               0.000394042      4.04418260230555E-006
      6      28.4590894394           64.1873807777            45.4480616183         10.1022685933                  0.6836030164                0.0156826415              0.0001918926      1.95919353130313E-006
      7      21.8014039452           46.1444410205            30.6613524415          6.3958910947                  0.4050822726                0.0087556511              0.0001044375      1.06159072341474E-006
      8      17.3072836617           34.6705767788            21.8036977804          4.3046423686                  0.2574429698                0.0052846546     6.16587040156177E-005      6.24357440864445E-007
      9      14.1187825446           26.9429822176            16.1410194402          3.0356667368                  0.1725982027                0.0033853621     3.87368064003757E-005      3.90928082573753E-007
     10      11.7677228586            21.502096123            12.3340584288          2.2211047407                  0.1206995724                0.0022729646               0.000025559      2.57161672361041E-007
     11       9.9800661515           17.5331843263             9.6699665323          1.6742757177                   0.087335773                0.0015851993     1.75465000306267E-005      1.76062212008367E-007
     12       8.5862822484           14.5531523846             7.7436506027          1.2935173453                  0.0649999968                0.0011407816     1.24468670842338E-005       1.2458128985116E-007
     13       7.4766833407           12.2611969169             6.3123848455          1.0202154707                   0.049534553                0.0008428774     9.07555800459292E-006      9.06295771508204E-008
     14       6.5776176038           10.4622913996              5.224222813           0.818944378                  0.0385170132                0.0006369007     6.77420410306518E-006      6.75044805446388E-008
     15       5.8380617004            9.0256151048              4.380478942           0.667427689                  0.0304746011                0.0004906577     5.15952933895317E-006      5.13128069694547E-008
     16       5.2217138847            7.8608315374             3.7150147101          0.5511761559                  0.0244788157                0.0003844146     3.99941333860397E-006      3.97016701353263E-008
     17       4.7021450688            6.9039770205             3.1822863462          0.4604866127                  0.0199256705                0.0003056668     3.14840505740467E-006      3.11995691490071E-008
     18        4.259723495            6.1087603382             2.7501814261          0.3886936427                  0.0164114001                0.0002462569     2.51261363153759E-006       2.4858353188664E-008
     19       3.8796063948            5.4410290797             2.3955816843          0.3311149243                   0.013659525                0.0002007265      2.0298263007673E-006      2.00508429843556E-008
     20       3.5503943336            4.8751526807             2.1015338297          0.2843952803                  0.0114766489                0.0001653393     1.65785416679398E-006      1.63524084431366E-008
     21       3.2632088531            4.3916004629             1.8553988659          0.2460875183                  0.0097248946                0.0001374857     1.36748930128286E-006      1.34695203525403E-008
     22       3.0110473147            3.9752845528             1.6476135505           0.214378054                  0.0083042714                0.0001153101     1.13813138613047E-006      1.11954521672301E-008
     23       2.7883233557            3.6144040037             1.4708443829          0.1879033804                  0.0071411366        9.7470443946229E-005               0.000000955       9.3821355853808E-009
     24       2.5905341422            3.2996243461             1.3193989473          0.1656248898                   0.006180487       8.29823670687112E-005      8.0735018737835E-007      7.92188088261782E-009
     25       2.4140158197            3.0234859438             1.1888094078          0.1467419709                  0.0053807125       7.11134974950929E-005     6.87220901082346E-007      6.73526481328638E-009
     26         2.25576133            2.7799711561             1.0755332785          0.1306306989                  0.0047099643       6.13123160475002E-005     5.88674515923156E-007      5.76295778835312E-009
     27       2.1132829936            2.5641834761             0.9767354268          0.1167999396                   0.004143601       5.31586991508202E-005     5.07214162299952E-007                0.000000005
     28       1.9845076698            2.3721067784             0.8901272066          0.1048594925                  0.0036623679       4.63292267029532E-005     4.39400124942007E-007      4.29247806437479E-009
     29       1.8676959256            2.2004226475             0.8138463384          0.0944966814                    0.00325108       4.05724851112957E-005     3.82574921122338E-007      3.73359910993001E-009
     30        1.761379107            2.0463703362             0.7463662298          0.0854589526                  0.0028976598       3.56912604558872E-005     3.34666302001759E-007       3.2628811681949E-009
     31       1.6643099027            1.9076383722             0.6864268233             0.0775408                  0.0025924246        3.1529546999454E-005               0.000000294      2.86413892353004E-009
     32       1.5754231818              1.78227991              0.632981361           0.070573843                   0.002327554                 0.000027963     2.59416854576636E-007      2.52455165642283E-009
     33       1.4938047248            1.6686460752             0.5851550408          0.0644192264                  0.0020966881       2.48916152073604E-005     2.29751343524387E-007      2.23388684137313E-009
     34       1.4186660757            1.5653330674             0.5422126424          0.0589617486                  0.0018946208       2.22347136258199E-005     2.04217285830773E-007                0.000000002
     35       1.3493241762            1.4711398743             0.5035329826          0.0541052882                  0.0017170647        1.9926504333213E-005     1.82142045932961E-007      1.76799500632101E-009
     36       1.2851847669            1.3850342389             0.4685886108          0.0497692141                  0.0015604685       1.79131405120086E-005               0.000000163      1.58069412456645E-009
     37       1.2257287773            1.3061250904             0.4369295616          0.0458855478                  0.0014218747       1.61502737600923E-005     1.46274286542056E-007      1.41757886433497E-009
     38       1.1705011008            1.2336400764             0.4081702694          0.0423967047                   0.001298808       1.46011805374228E-005     1.31662098838173E-007      1.27499394096745E-009
     39       1.1191012896            1.1669071477             0.3819789654          0.0392536848                  0.0011891863       1.32352952955192E-005     1.18834049021129E-007       1.1499129627362E-009
     40        1.071175798            1.1053393829             0.3580690381          0.0364146156                  0.0010912505        1.2027054345011E-005     1.07534599923744E-007                0.000000001
     41       1.0264114895            1.0484224179             0.3361919537          0.0338435698                  0.0010035077                 0.000010955     9.75499579559605E-008      9.42602890764148E-010
     42        0.984530173            0.9957039838             0.3161314264          0.0315096031                   0.000924686       1.00009432974541E-005     8.87004525843351E-008      8.56500489811133E-010
     43       0.9452839875            0.9467851581             0.2976985937          0.0293859652                  0.0008536971       9.14958813442836E-006     8.08344466855625E-008       7.8001940326874E-010
     44       0.9084514865            0.9013130177             0.2807280049          0.0274494514                  0.0007896068       8.38784635258364E-006     7.38234434123216E-008      7.11896935742122E-010
     45       0.8738343032            0.8589744419             0.2650742715          0.0256798656                  0.0007316101       7.70455924772085E-006     6.75581338448638E-008      6.51059662237669E-010
     46       0.8412542988            0.8194908658             0.2506092578          0.0240595743                  0.0006790108       7.09016342497274E-006     6.19451885806596E-008      5.96591676171866E-010
     47       0.8105511169             0.782613821             0.2372197157          0.0225731353                  0.0006312053       6.53643451964473E-006     5.69046408048041E-008      5.47708707893055E-010
     48       0.7815800771            0.7481211313             0.2248052852          0.0212069859                   0.000587668       6.03627643506799E-006     5.23677420710549E-008       5.0373693187285E-010
     49       0.7542103567            0.7158136568             0.2132767986          0.0199491815                  0.0005479407       5.58354727200635E-006      4.8275197748489E-008      4.64095537299424E-010
     50        0.728323414             0.685512497             0.2025548364          0.0187891742                  0.0005116219       5.17291497348418E-006     4.45757088514218E-008      4.28282333787742E-010
     51       0.7038116194            0.6570565816             0.1925684945          0.0177176262                  0.0004783597       4.79973714287749E-006     4.12247622394849E-008      3.95861816021976E-010
     52       0.6805770615            0.6303005882             0.1832543264          0.0167262505                  0.0004478442                  0.00000446     3.81836230369512E-008      3.66455229235716E-010
     53        0.658530504            0.6051131373             0.1745554358          0.0158076754                  0.0004198022                  0.00000415     3.54184923842707E-008      3.39732269604024E-010
     54       0.6375904715            0.5813752239             0.1664206923          0.0149553287                  0.0003939919       3.86685285486337E-006     3.28998009059263E-008      3.15404125921827E-010
     55       0.6176824471            0.5589788502             0.1588040547          0.0141633384                  0.0003701993       3.60766774206547E-006     3.06016140134486E-008      2.93217625933431E-010
     56       0.5987381646            0.5378258312             0.1516639838          0.0134264469                  0.0003482341       3.37006558478138E-006     2.85011297063945E-008       2.7295029580969E-010
     57       0.5806949849            0.5178267478             0.1449629317          0.0127399371                  0.0003279271       3.15191055458191E-006     2.65782531506809E-008      2.54406177170274E-010
     58       0.5634953432            0.4989000285             0.1386668972           0.012099569                  0.0003091271        2.9513105547673E-006     2.48152352044974E-008      2.37412274729615E-010
     59         0.54708626            0.4809711399             0.1327450368          0.0115015243                  0.0002916991       2.76658583526209E-006     2.31963643823321E-008       2.2181553065374E-010
     60       0.5314189054            0.4639718739             0.1271693247          0.0109423578                  0.0002755223       2.59624209380958E-006       2.170770361745E-008      2.07480240246816E-010
     61       0.5164482121            0.4478397164             0.1219142535          0.0104189558                  0.0002604882       2.43894736063082E-006     2.03368646957443E-008      1.94285838569861E-010
     62       0.5021325297             0.432517289             0.1169565718          0.0099284996                  0.0002464992       2.29351208315838E-006     1.90728144620189E-008       1.8212499975383E-010
     63       0.4884333158            0.4179518529             0.1122750524          0.0094684331                  0.0002334676       2.15887192506317E-006     1.79057079005254E-008      1.70902000673021E-010
     64       0.4753148595            0.4040948674             0.1078502872          0.0090364347                  0.0002213141       2.03407287382862E-006     1.68267440098918E-008      1.60531308738982E-010
     65       0.4627440331            0.3909015971             0.1036645065          0.0086303927                  0.0002099673       1.91825831697078E-006     1.58280410639419E-008      1.50936360212556E-010
     66       0.4506900693            0.3783307609             0.0997014179          0.0082483836                  0.0001993624        1.8106578013442E-006     1.49025284024925E-008      1.42048500892452E-010
     67       0.4391243602            0.3663442181             0.0959460637          0.0078886524                  0.0001894407       1.71057723496079E-006               0.000000014      1.33806065545244E-010
     68       0.4280202769             0.354906687             0.0923846938          0.0075495958                  0.0001801489       1.61739032810295E-006     1.32462942574696E-008      1.26153576172252E-010
     69       0.4173530054             0.343985493             0.0890046519          0.0072297473                  0.0001714388       1.53053110161917E-006     1.25046989079753E-008      1.19041042305914E-010
     70       0.4070993995            0.3335503414             0.0857942747          0.0069277636                  0.0001632661       1.44948731626633E-006     1.18144119253688E-008      1.12423349107007E-010
     71       0.3972378463            0.3235731131             0.0827428012          0.0066424126                  0.0001555908       1.37379469871495E-006     1.11712248718536E-008      1.06259721187049E-010
     72       0.3877481454             0.314027681             0.0798402913          0.0063725629                  0.0001483762                 0.000001303     1.05713270407818E-008      1.00513251882604E-010
     73       0.3786113982            0.3048897436             0.0770775528          0.0061171743                  0.0001415889       1.23681580233491E-006                0.00000001      9.51504892210338E-011
     74       0.3698099078            0.2961366743             0.0744460763          0.0058752894                  0.0001351981        1.1747979765053E-006     9.48789537553201E-009      9.01410710901682E-011
     75       0.3613270877            0.2877473857             0.0719379757           0.005646026                  0.0001291759       1.11666075637453E-006               0.000000009      8.54574031981884E-011
     76       0.3531473783            0.2797022063             0.0695459353          0.0054285701                  0.0001234964       1.06211433965531E-006     8.54009442281832E-009      8.10743743179307E-011
     77       0.3452561711            0.2719827678             0.0672631616          0.0052221699                  0.0001181361       1.01089398535096E-006     8.11069712298003E-009      7.69691040793179E-011
     78       0.3376397392            0.2645719039               0.06508334          0.0050261307                  0.0001130731       9.62757558329908E-007     7.70801930275796E-009      7.31207192272413E-011
     79       0.3302851733            0.2574535573             0.0630005953          0.0048398092                  0.0001082875       9.17483342007284E-007     7.33008710741968E-009       6.9510154818654E-011
     80       0.3231803238            0.2506126949             0.0610094562          0.0046626098                  0.0001037609       8.74868086926937E-007               0.000000007      6.61199773073358E-011
     81       0.3163137471            0.2440352314             0.0591048228          0.0044939801         9.94762939051687E-005       8.34725267249538E-007     6.64138916818777E-009      6.29342268706139E-011
     82       0.3096746567             0.237707958             0.0572819375          0.0043334073                   0.000095418       7.96883520770406E-007     6.32745383247928E-009      5.99382766799575E-011
     83       0.3032528778            0.2316184785             0.0555363578          0.0041804152         9.15713990311765E-005       7.61185251203333E-007               0.000000006       5.7118707115768E-011
     84        0.297038806            0.2257551505             0.0538639322          0.0040345609         8.79232295063604E-005       7.27485374150476E-007     5.75344193280715E-009      5.44631931832936E-011
     85       0.2910233688            0.2201070305             0.0522607781          0.0038954323                   0.000084461       6.95650190495968E-007      5.4909113587621E-009       5.1960403607692E-011
     86       0.2851979906            0.2146638251             0.0507232611          0.0037626455         8.11732942371039E-005        6.6555637296652E-007     5.24322347435365E-009      4.95999102771213E-011
     87       0.2795545596            0.2094158452             0.0492479768          0.0036358427         7.80493556137197E-005       6.37090053340436E-007               0.000000005      4.73721068677629E-011
     88       0.2740853986            0.2043539639             0.0478317338          0.0035146899         7.50793084223274E-005       6.10145999295824E-007     4.78846367270593E-009      4.52681356276486E-011
     89       0.2687832361            0.1994695781              0.046471538          0.0033988755         7.22539499978424E-005       5.84626871201314E-007     4.57962244209118E-009       4.3279821420199E-011
     90       0.2636411816            0.1947545732             0.0451645784          0.0032881081         6.95647228363943E-005       5.60442550296185E-007      4.3820723439452E-009      4.13996122362044E-011
     91       0.2586527007            0.1902012898             0.0439082142          0.0031821154         6.70036628610716E-005       5.37509530704459E-007     4.19508745725977E-009      3.96205254768388E-011
     92       0.2538115939            0.1858024942             0.0426999626          0.0030806424         6.45633523465173E-005       5.15750368599466E-007               0.000000004      3.79360993921416E-011
     93       0.2491119757            0.1815513499             0.0415374877          0.0029834503         6.22368770378484E-005       4.95093182598507E-007      3.8501747696622E-009      3.63403491308762E-011
     94       0.2445482552             0.177441392             0.0404185906          0.0028903154         6.00177870500768E-005       4.75471200136123E-007      3.6910470808072E-009      3.48277269201906E-011
     95        0.240115119            0.1734665034             0.0393411997          0.0028010277         5.79000611789138E-005        4.5682234515173E-007     3.54007698754775E-009      3.33930859482633E-011
     96       0.2358075144            0.1696208927             0.0383033626          0.0027153905         5.58780742933071E-005        4.3908886294346E-007     3.39676692034429E-009      3.20316475711535E-011
     97       0.2316206339            0.1658990734             0.0373032373          0.0026332186         5.39465675149431E-005       4.22216978494538E-007     3.26065440161572E-009      3.07389715072675E-011
     98       0.2275499014            0.1622958454             0.0363390858          0.0025543384         5.21006209208279E-005       4.06156584978983E-007     3.13130924305751E-009      2.95109287199783E-011
     99       0.2235909584            0.1588062769             0.0354092665          0.0024785862         5.03356285324326E-005       3.90860959507058E-007               0.000000003      2.83436767216289E-011
    100       0.2197396517            0.1554256882             0.0345122284          0.0024058084         4.86472753791736E-005       3.76286503483298E-007     2.89134660554894E-009      2.72336370609864E-011
    101       0.2159920219            0.1521496365              0.033646505          0.0023358601         4.70315164455824E-005       3.62392505226581E-007       2.780008321098E-009      2.61774747816964E-011
    102       0.2123442926            0.1489739018             0.0328107093           0.002268605         4.54845573307151E-005       3.49140922746662E-007     2.67399171963802E-009      2.51720796617974E-011
    103         0.20879286            0.1458944732             0.0320035282          0.0022039144         4.40028364654535E-005       3.36496184789038E-007     2.57299394842705E-009      2.42145490643144E-011
    104       0.2053342836            0.1429075372             0.0312237183           0.002141667                   0.000042583       3.24425008453126E-007     2.47673209692387E-009      2.33021722466195E-011
    105       0.2019652775            0.1400094661             0.0304701016          0.0020817484         4.12219304762829E-005       3.12896231860363E-007     2.38494170873597E-009      2.24324159919463E-011
    106       0.1986827016            0.1371968071             0.0297415612          0.0020240505         3.99166454513193E-005       3.01880660501882E-007     2.29737541741091E-009      2.16029114403926E-011
    107       0.1954835544            0.1344662722             0.0290370377          0.0019684713         3.86643721701588E-005       2.91350926031539E-007     2.21380169471781E-009      2.08114420091435E-011
    108       0.1923649651            0.1318147294              0.028355526          0.0019149142         3.74624919946536E-005       2.81281356391774E-007     2.13400370120087E-009       2.0055932302708E-011
    109       0.1893241872            0.1292391934             0.0276960717          0.0018632878         3.63085382247523E-005       2.71647856268389E-007     2.05777822979909E-009       1.9334437923805E-011
    110       0.1863585917            0.1267368179             0.0270577681          0.0018135059         3.52001859959966E-005       2.62427796967434E-007               0.000000002      1.86451361043361E-011
    111       0.1834656615            0.1243048875             0.0264397539          0.0017654867         3.41352429327771E-005       2.53599914894424E-007     1.91529443464221E-009      1.79863170837367E-011
    112       0.1806429853            0.1219408111             0.0258412099          0.0017191527         3.31116404946302E-005        2.4514421789397E-007     1.84868949376821E-009      1.73563761690298E-011
    113       0.1778882521            0.1196421147              0.025261357          0.0016744304         3.21274259585759E-005                 0.000000237     1.78496225744813E-009       1.6753806417199E-011
    114        0.175199247            0.1174064353             0.0246994537          0.0016312504         3.11807549856319E-005       2.29275255432411E-007     1.72396455398578E-009      1.61771918861402E-011
    115       0.1725738454            0.1152315151             0.0241547942          0.0015895465         3.02698847242794E-005       2.21827616952181E-007     1.66555704731118E-009      1.56252014055133E-011
    116       0.1700100094            0.1131151957             0.0236267063          0.0015492562         2.93931674078473E-005       2.14683275298211E-007     1.60960863939539E-009      1.50965828233624E-011
    117       0.1675057829            0.1110554133             0.0231145492          0.0015103199                   0.000028549       2.07827422024271E-007     1.55599591778373E-009      1.45901576884578E-011
    118       0.1650592881            0.1090501935             0.0226177124          0.0014726812                   0.000027736       2.01246089656103E-007      1.5046026444915E-009      1.41048163319945E-011
    119       0.1626687216            0.1070976466             0.0221356134          0.0014362863         2.69527597262315E-005       1.94926097345653E-007     1.45531928284821E-009       1.3639513315587E-011
    120       0.1603323509            0.1051959638             0.0216676968          0.0014010843         2.61978786106878E-005       1.88855000455915E-007     1.40804255918354E-009      1.31932632154948E-011
    121       0.1580485108            0.1033434125             0.0212134322          0.0013670265         2.54701436924299E-005                 0.000000183      1.3626750565258E-009       1.2765136715699E-011
    122       0.1558156007            0.1015383329             0.0207723135          0.0013340667         2.47683663777007E-005       1.77413117983931E-007     1.31912483773486E-009      1.23542569848872E-011
    123       0.1536320811            0.0997791343              0.020343857           0.001302161         2.40914192648143E-005                 0.000000172     1.27730509571766E-009      1.19597963146018E-011
    124       0.1514964713            0.0980642915             0.0199276008          0.0012712676         2.34382325303083E-005       1.66833912193048E-007     1.23713382857991E-009       1.1580972997794E-011
    125       0.1494073462            0.0963923418             0.0195231032          0.0012413464          2.2807790555462E-005       1.61843293657037E-007     1.19853353775335E-009      1.12170484288301E-011
    126       0.1473633342             0.094761882             0.0191299419          0.0012123596         2.21991287754257E-005                 0.000000157     1.16143094730581E-009      1.08673244076237E-011
    127       0.1453631146            0.0931715654              0.018747713          0.0011842708         2.16113307346533E-005       1.52415483478629E-007     1.12575674279479E-009      1.05311406320503E-011
    128       0.1434054153             0.091620099             0.0183760299          0.0011570456         2.10435253336364E-005                 0.000000148     1.09144532816307E-009      1.02078723641432E-011
    129       0.1414890107            0.0901062413             0.0180145228          0.0011306508         2.04948842531385E-005        1.4367154431423E-007      1.0584345993014E-009      9.89692825678546E-012
    130       0.1396127197            0.0886287996             0.0176628373           0.001105055         1.99646195432213E-005       1.39537324423587E-007               0.000000001      9.59774832872813E-012
    131       0.1377754037            0.0871866278             0.0173206341          0.0010802282                   0.000019452       1.35552393697981E-007               0.000000001      9.30980207676471E-012
    132       0.1359759647            0.0857786242              0.016987588          0.0010561417         1.89562558767997E-005        1.3171028260951E-007               0.000000001      9.03258671481762E-012
    133       0.1342133438            0.0844037296             0.0166633873           0.001032768         1.84767632473522E-005                 0.000000128     9.38267250394468E-010      8.76562553052324E-012
    134       0.1324865192            0.0830609252             0.0163477334          0.0010100809         1.80128557991725E-005       1.24430254504645E-007     9.10936603688421E-010      8.50846635066614E-012
    135       0.1307945049            0.0817492307             0.0160403395          0.0009880553         1.75639162612902E-005                 0.000000121     8.84596471647654E-010      8.26068010750911E-012
    136        0.129136349            0.0804677031             0.0157409307          0.0009666673         1.71293561308855E-005       1.17651682745453E-007     8.59204013223797E-010      8.02185949870006E-012
    137       0.1275111324            0.0792154342             0.0154492432          0.0009458939         1.67086141341048E-005       1.14437419400276E-007     8.34718536245276E-010      7.79161773401523E-012
    138       0.1259179676            0.0779915497             0.0151650236          0.0009257132         1.63011547796915E-005       1.11333397060036E-007     8.11101374999958E-010      7.56958736273138E-012
    139       0.1243559969            0.0767952075             0.0148880286          0.0009061041         1.59064669992135E-005       1.08335076533266E-007     7.88315775613277E-010      7.35541917590146E-012
    140       0.1228243916            0.0756255963             0.0146180247          0.0008870465         1.55240628681249E-005       1.05438136307484E-007     7.66326788673888E-010      7.14878117825471E-012
    141       0.1213223509            0.0744819342             0.0143547873          0.0008685212         1.51534764023238E-005       1.02638460655134E-007     7.45101168600939E-010      6.94935762484703E-012
    142       0.1198491004            0.0733634675             0.0140981006          0.0008505095         1.47942624252522E-005       9.99321284678221E-008     7.24607279285642E-010      6.75684811796109E-012
    143       0.1184038913            0.0722694695             0.0138477571          0.0008329939                   0.000014446       9.73154027695207E-008     7.04815005575229E-010      6.57096676009747E-012
    144       0.1169859993            0.0711992395             0.0136035575          0.0008159574         1.41082689287499E-005       9.47847208630664E-008     6.85695670199917E-010      6.39144135921089E-012
    145       0.1155947237            0.0701521012             0.0133653098          0.0007993836         1.37806937957889E-005       9.23366850676458E-008      6.6722195577332E-010       6.2180126826353E-012
    146       0.1142293865            0.0691274024             0.0131328294          0.0007832568         1.34628980834219E-005                  0.00000009     6.49367831524092E-010      6.05043375640422E-012
    147       0.1128893313            0.0681245133             0.0129059385          0.0007675623         1.31545258243435E-005       8.76757344193595E-008     6.32108484441995E-010      5.88846920691824E-012
    148       0.1115739227            0.0671428261             0.0126844662          0.0007522854         1.28552363070924E-005       8.54567734332369E-008     6.15420254544602E-010      5.73189464213313E-012
    149       0.1102825455            0.0661817539             0.0124682478          0.0007374124         1.25647033250195E-005       8.33083513146402E-008     5.99280573992334E-010      5.58049606965034E-012
    150       0.1090146038            0.0652407296             0.0122571245            0.00072293          1.2282614466951E-005       8.12277746197274E-008     5.83667909799122E-010       5.4340693492795E-012
    151       0.1077695201            0.0643192056             0.0120509435          0.0007088254         1.20086704469712E-005       7.92124697480001E-008     5.68561709904195E-010      5.29241967781827E-012
    152       0.1065467352            0.0634166526             0.0118495576          0.0006950864         1.17425844709299E-005       7.72599768635249E-008     5.53942352387194E-010      5.15536110395663E-012
    153       0.1053457068            0.0625325592             0.0116528247          0.0006817012         1.14840816374327E-005       7.53679441618564E-008     5.39791097624204E-010      5.02271607135972E-012
    154       0.1041659094            0.0616664307             0.0114606081          0.0006686585         1.12328983712309E-005       7.35341224609006E-008     5.26090043196607E-010      4.89431498812254E-012
    155       0.1030068336            0.0608177889             0.0112727756          0.0006559473         1.09887818870601E-005       7.17563600954673E-008     5.12822081377796E-010      4.76999582091532E-012
    156       0.1018679851            0.0599861715                0.0110892          0.0006435572         1.07514896821085E-005                  0.00000007     4.99970859034899E-010      4.64960371225564E-012
    157       0.1007488847            0.0591711311             0.0109097584           0.000631478         1.05207890554154E-005       6.83608656383405E-008     4.87520739794017E-010      4.53299061945249E-012
    158       0.0996490674            0.0583722346             0.0107343323          0.0006197001         1.02964566526104E-005       6.67392757348107E-008     4.75456768327757E-010      4.42001497386624E-012
    159       0.0985680819            0.0575890633             0.0105628073          0.0006082142         1.00782780345068E-005       6.51660211735169E-008     4.63764636633568E-010      4.31054135922247E-012
    160       0.0975054906            0.0568212115             0.0103950729          0.0005970111                   0.000009866       6.36393706694019E-008     4.52430652180247E-010      4.20444020780245E-012
    161       0.0964608682            0.0560682867             0.0102310223          0.0005860823         9.65956653909095E-006       6.21576652270402E-008     4.41441707808256E-010      4.10158751341334E-012
    162       0.0954338022            0.0553299086             0.0100705526          0.0005754194         9.45864578345033E-006       6.07193146982917E-008     4.30785253277173E-010      4.00186456011402E-012
    163       0.0944238918            0.0546057089             0.0099135643          0.0005650143         9.26310233899306E-006       5.93227945238126E-008     4.20449268360643E-010      3.90515766574128E-012
    164       0.0934307478             0.053895331              0.009759961          0.0005548593          9.0727606137833E-006                 0.000000058     4.10422237395851E-010      3.81135793934461E-012
    165       0.0924539922            0.0531984292             0.0096096499          0.0005449469         8.88745177163379E-006       5.66494565940988E-008     4.00693125200618E-010      3.72036105169595E-012
    166       0.0914932576            0.0525146683             0.0094625411          0.0005352698                   0.000008707       5.53698906992549E-008     3.91251354276866E-010      3.63206701809592E-012
    167       0.0905481872            0.0518437238             0.0093185476          0.0005258212         8.53128939280713E-006       5.41266534851215E-008     3.82086783224572E-010      3.54637999274892E-012
    168       0.0896184339            0.0511852808             0.0091775855          0.0005165943          8.3601293473043E-006       5.29185051711656E-008     3.73189686295125E-010      3.46320807402554E-012
    169       0.0887036607            0.0505390339             0.0090395734          0.0005075827         8.19338864096406E-006       5.17442553135777E-008     3.64550734017637E-010       3.3824631199762E-012
    170       0.0878035396            0.0499046871             0.0089044327            0.00049878         8.03092802090228E-006       5.06027605655596E-008     3.56160974835973E-010       3.3040605734991E-012
    171       0.0869177517            0.0492819533             0.0087720873          0.0004901802           7.872613405209E-006       4.94929225516879E-008     3.48011817698216E-010       3.2279192966047E-012
    172       0.0860459871            0.0486705536             0.0086424634          0.0004817777         7.71831566218672E-006       4.84136858499176E-008     3.40095015543951E-010      3.15396141325333E-012
    173       0.0851879441            0.0480702178             0.0085154899          0.0004735666         7.56791040022636E-006       4.73640360751903E-008     3.32402649638214E-010      3.08211216027617E-012
    174       0.0843433293            0.0474806834             0.0083910977          0.0004655415          7.4212777677513E-006       4.63429980589828E-008       3.249271147041E-010       3.0122997459202E-012
    175       0.0835118572            0.0469016957             0.0082692199          0.0004576973         7.27830226269152E-006       4.53496341194715E-008     3.17661104809016E-010       2.9444552155858E-012
    176       0.0826932498            0.0463330072             0.0081497917          0.0004500289         7.13887255098389E-006       4.43830424173222E-008     3.10597599962366E-010      2.87851232435351E-012
    177       0.0818872368            0.0457743779             0.0080327504          0.0004425312         7.00288129362159E-006       4.34423553924063E-008     3.03729853384995E-010      2.81440741591979E-012
    178       0.0810935548            0.0452255744             0.0079180352          0.0004351997         6.87022498180555E-006       4.25267382770362E-008     2.97051379413201E-010       2.7520793075863E-012
    179       0.0803119475            0.0446863702             0.0078055873          0.0004280297         6.74080377977481E-006       4.16353876815655E-008     2.90555942002303E-010       2.6914691809677E-012
    180       0.0795421653            0.0441565452             0.0076953494          0.0004210168         6.61452137491786E-006       4.07675302484572E-008     2.84237543796944E-010      2.63252047810391E-012
