48 9
0.10	0		4.179		0.0	    0.00	0.00		0.00	    0.00	  0.00		0.00
1      101.4  		1.045508475   100.3544915   0             0             0           1.133950004   0             99.22054152   
1.5    74.9  		1.430443137   73.46955686   0             0             0           1.44058037    0             72.02897649   
2      56.05 		1.592707921   54.45729208   0             0             0           1.61754423    0             52.83974785   
3      38.2  		1.792260274   36.40773973   0             0             0           1.745577275   0             34.66216245   
4      29.9  		1.92287931    27.97712069   0             0             0.003858915 1.92559849    0             26.04766328   
5      23.5  		1.888694758   21.61130524   0             0             0.003464918 1.728994004   0.01          19.87884632   
7      20.1  		2.17884       17.92116      0             0.005401882   0.091831988 1.703393342   1.45          14.67053279   
10     16.4  		1.727337278   14.67266272   0             0.0677884     0.03728362  3.284347993   2.42          8.863242709   
15     13.5   		1.456803797   12.0431962    0.4           0.460490441   0.791206304 1.804285274   2.92          5.8           
20     12.1  		1.510943396   10.5890566    0.9           0.683724444   1.808023827 0.499546172   2.73          3.8           
30     10.4  		1.587912525   8.812087475   1.404074151   0.454259284   2.155666784 0.115629636   2.28          2.40245762    
40     9.35   		1.58279148    7.76720852    1.728341606   0.493811887   1.835334182 0.057611387   1.71          1.942109458   
50     8.55  		1.533908189   7.016091811   2.068856456   0.405658129   1.547180102 0.034886599   1.3           1.659510526   
70     7.35   		1.390944767   5.959055233   2.342543459   0.309820264   1.110818995 0.015113184   0.90172531    1.279034021   
100    6.01  		1.174585965   4.835414035   2.383556786   0.225113696   0.695204063 0.006620991   0.585453549   0.93946495    
150    4.89  		0.962920705   3.927079295   2.272854288   0.187006998   0.414292427 0.002877031   0.358303454   0.691745097   
200    4.15  		0.816963351   3.333036649   2.076106917   0.164569451   0.291161336 0      	  0.252902882   0.548296063   
300    3.32   		0.65722449    2.66277551    1.781394018   0.137845966   0.201467181 0      	  0.154779105   0.387289241   
400    2.8    		0.553114754   2.246885246   1.551889301   0.118673888   0.15518893  0      	  0.109248408   0.311884719   
500    2.43  		0.486         1.944         1.377037992   0.104078453   0.120090523 0      	  0.083379614   0.259413419   
700    2      		0.402439024   1.597560976   1.126324018   0.087156025   0.127381883 0      	  0.055475731   0.201223319   
1000   1.58     	0.322551834   1.257448166   0.889286777   0.06964294    0.112500134 0      	  0.036018134   0.150000179   
1500   1.15   		0.245         0.90504346    0.650102      0.05297       0.07803474  0      	  0.02204346    0.088         
2000   0.921  		0.197283844   0.723716156   0.509695597   0.040901499   0.065893912 0      	  0.015559031   0.078903301   
3000   0.675  		0.147919922   0.527080078   0.382588426   0.029961744   0.051919873 0      	  0.009522283   0.056607884   
4000   0.538  		0.117         0.421001155   0.312         0.0234        0.043842057 0      	  0.006721155   0.0435        
5000   0.448  		0.101619512   0.346380488   0.266113221   0.019882022   0.038452479 0      	  0.005129661   0.035373561   
7000   0.345  		0.077         0.268002965   0.209         0.0147        0.031551931 0      	  0.003412965   0.0271        
10000  0.258  		0.060122172   0.197877828   0.161478639   0.011408817   0.02558409  0             0.002215899   0.020141669   
15000	0.15105		0.051805      0.099245	    0.072842	  2.824E-05	0	    0		  0	  	0.0179629755998
20000	0.117441	0.0396456     0.0777954	    0.0571768     2.016E-05	0	    0		  0	  	0.01409990751592
30000	0.082766	0.0275607     0.0552053	    0.0408842	  1.304E-05	0	    0		  0		0.01008212139998
40000	0.0649356	0.02116678    0.04376882    0.0324196	  1.056E-05	0	    0		  0		0.00799473495724
50000	0.0541014	0.01743518    0.03666622    0.027217	  8.64E-06	0	    0		  0		0.0067117639123
70000	0.0415		0.0131	      0.0282	    0.0212	  6.88E-06	0	    0		  0		0.00522796028
100000	0.0318674	0.00991704    0.02195036    0.0164454	  4.48E-06	0	    0		  0		0.00405546688626
150000	0.0243186	0.00744746    0.01687114    0.0127352	  3.28E-06	0	    0		  0		0.00314052451688
200000	0.0205422	0.00621678    0.01432542    0.0108672	  2.16E-06	0	    0		  0		0.00267987216768
300000	0.0168092	0.00499188    0.01181732    0.0090207	  1.68E-06	0	    0		  0		0.00222452175933
400000	0.0149684	0.00435594    0.01061246    0.0081276	  1.4E-06	0	    0		  0		0.00200428160244
500000	0.0138977	0.0039709     0.0099268	    0.00761634	  1.336E-06	0	    0		  0		0.00187820391505
700000	0.0128		0.00352	      0.00924	    0.00713	  1.16E-06	0	    0		  0		0.001758271547
1000000	0.0119083	0.00315582    0.00875248    0.00672364	  1.12E-06	0	    0		  0		0.00165806239892
1500000	0.0113415	0.00286458    0.00847692    0.00652098	  1.056E-06	0	    0		  0		0.00160808605786
2000000	0.0110665	0.00270826    0.00835824    0.00645072	  9.52E-07	0	    0		  0		0.00159075980837
3000000	0.0108122	0.00255346    0.00825874    0.00639848	  8.32E-07	0	    0		  0		0.00157787732511
4000000	0.0106678	0.0024736     0.0081942	    0.00636196	  7.68E-07	0	    0		  0		0.00156887142372
												              

E(eV)     Total         Elast         Inelast       Ioniz         Exc           Neutr       Vibr          Ps            Rot           
