 181          29 KTC
             0.90000          1.0000          1.5000          2.0000          3.0000          4.0000          5.0000          7.0000          10.000          15.000          20.000          30.000          40.000          50.000          70.000          100.00          150.00          200.00          300.00          400.00          500.00          700.00          1000.0          2000.0          3000.0          4000.0          5000.0          7000.0          10000.    
           0 1               72797.5472      109197.27       145317.06       218116.752      291196.668      363996.584      509596.528      727996.892      1091996.948     1453196.696     2181196.136     2911995.744     3639995.408     5095994.988     7279994.596     10919994.26     14531994.092    21811994.064    29119994.092    36399994.176    50959994.456    72799994.764    145319995.604   218119996.192   291199996.556   363999996.892   509599997.3148  727999997.7768  
           1 1               7893.5472       5597.2728       4281.088        2908.752        2191.896        1757.784        1259.356        881.72          587.804         441.952         295.82          220.976         176.708         126.224         88.396          59.052          44.184          29.512          22.092          17.668          12.628          8.848           4.4268          2.94            2.2064          1.7724          1.2628          0.8848          
           2 1               2145.1528       1453.284        1097.488        733.208         551.124         441.868         315.84          220.752         147.196         110.572         73.696          55.188          44.296          31.696          22.092          14.728          11.06           7.364           5.516           4.424           3.164           2.198           1.106           0.7364          0.5516          0.4424          0.3164          0.2212          
           3 1               969.1612        649.7008        489.916         327.236         245.448         196.392         140.392         98.252          65.604          49.168          32.788          24.668          19.656          14.028          9.828           6.552           4.9             3.276           2.464           1.96            1.3972          0.9828          0.49            0.3276          0.2464          0.196           0.14            0.098           
           4 1               549.1752        366.9204        275.744         183.96          138.012         110.544         78.932          55.286          36.9348         27.51           18.424          13.804          11.06           7.896           5.516           3.696           2.772           1.848           1.3692          1.1172          0.7896          0.5516          0.2772          0.1848          0.1372          0.1092          0.0784          0.056           
           5 1               353.1892        235.3484        176.68          117.936         88.536          70.616          50.54           35.28           23.5676         17.6792         11.788          8.848           7.084           5.04            3.528           2.352           1.764           1.1676          0.882           0.7084          0.504           0.3528          0.1764          0.1176          0.0896          0.07            0.0504          0.0364          
           6 1               244.8488        163.4192        122.6736        81.9            61.46           49.168          35              24.556          16.3716         12.2836         8.1956          6.132           4.9             3.5             2.464           1.624           1.2236          0.826           0.6132          0.49            0.35            0.2464          0.1232          0.0812          0.0616          0.0504          0.0364          0.0252          
           7 1               180.1856        120.3328        90.2412         60.144          45.024          36.12           25.8776         18.0516         12.0512         9.0384          6.0144          4.522           3.612           2.576           1.792           1.2124          0.896           0.602           0.4508          0.3612          0.2576          0.1792          0.0896          0.0588          0.0448          0.0364          0.0252          0.01792         
           8 1               137.928         92.0864         69.0088         46.2308         34.4876         27.5464         19.754          13.8348         9.2064          6.9076          4.6116          3.444           2.7776          1.9628          1.3916          0.9296          0.6916          0.462           0.3444          0.2772          0.1988          0.1372          0.07            0.0448          0.0336          0.028           0.01988         0.01372         
           9 1               109.1104        72.8056         54.7792         36.512          27.3            21.8512         15.6156         10.9284         7.2884          5.4712          3.64            2.7384          2.198           1.5484          1.1004          0.7196          0.546           0.364           0.2744          0.2184          0.1568          0.1092          0.056           0.0364          0.02828         0.02184         0.01568         0.01092         
          10 1               88.4156         59.1248         44.1896         29.5848         22.1508         17.7212         12.6476         8.862           5.8968          4.424           2.9652          2.2204          1.7752          1.2796          0.896           0.5908          0.4424          0.294           0.2212          0.1764          0.126           0.0896          0.0448          0.02996         0.02212         0.01764         0.0126          0.00896         
          11 1               73.3208         48.804          36.6828         24.4244         18.3148         14.6524         10.4664         7.3276          4.8888          3.6708          2.4528          1.8312          1.4532          1.05            0.7336          0.4872          0.3668          0.2436          0.182           0.1456          0.1036          0.0728          0.0364          0.02436         0.0182          0.01456         0.01036         0.00728         
          12 1               61.586          41.006          30.8532         20.5184         15.4056         12.3116         8.7864          6.1488          4.0964          3.0772          2.044           1.5456          1.2292          0.8904          0.616           0.4116          0.308           0.2044          0.154           0.1232          0.0868          0.0616          0.03108         0.02044         0.0154          0.01232         0.00868         0.00616         
          13 1               52.3712         34.8852         26.1464         17.5112         13.1376         10.5056         7.4956          5.2444          3.4944          2.6208          1.7388          1.3048          1.05            0.7504          0.5264          0.35            0.2632          0.1764          0.1316          0.1064          0.0756          0.0532          0.02632         0.01764         0.01316         0.01064         0.00756         0.005124        
          14 1               45.3992         30.1672         22.6408         15.092          11.3176         9.0608          6.482           4.5304          3.0296          2.2708          1.512           1.1396          0.9072          0.6468          0.4536          0.3024          0.2268          0.1512          0.112           0.0896          0.0644          0.0448          0.02268         0.01512         0.0112          0.00896         0.00644         0.004536        
          15 1               39.5444         26.2892         19.7568         13.1768         9.8616          7.8932          5.6308          3.9508          2.6432          1.974           1.33            0.9884          0.7896          0.5656          0.3948          0.2632          0.1988          0.1316          0.098           0.0784          0.056           0.0392          0.01988         0.01316         0.0098          0.00784         0.005544        0.003948        
          16 1               34.8124         23.1672         17.374          11.5948         8.6856          6.9468          4.9728          3.4804          2.3072          1.75            1.1592          0.868           0.6944          0.4956          0.3472          0.2324          0.1736          0.1148          0.0868          0.07            0.0504          0.03472         0.01736         0.01148         0.00868         0.007           0.004956        0.003472        
          17 1               30.9232         20.5212         15.386          10.2676         7.7028          6.1656          4.3904          3.0912          2.0524          1.54            1.0276          0.77            0.616           0.4396          0.308           0.2044          0.154           0.1036          0.0784          0.0616          0.0448          0.0308          0.0154          0.01036         0.00784         0.006244        0.004396        0.00308         
          18 1               27.5884         18.3232         13.7592         9.1616          6.888           5.4908          3.92            2.7524          1.82            1.3748          0.9156          0.6888          0.5488          0.392           0.2744          0.182           0.1372          0.0924          0.07            0.056           0.0392          0.02744         0.01372         0.00924         0.007           0.005488        0.00392         0.002744        
          19 1               24.7072         16.464          12.3592         8.2236          6.1824          4.928           3.5308          2.4668          1.6464          1.2348          0.8232          0.6188          0.4928          0.3528          0.2464          0.1652          0.1232          0.0812          0.0616          0.0504          0.03528         0.02464         0.01232         0.00812         0.006244        0.004928        0.003528        0.002464        
          20 1               22.2992         14.8848         11.1524         7.4508          5.586           4.4744          3.1948          2.2344          1.4868          1.1172          0.7448          0.5572          0.4452          0.3192          0.224           0.1484          0.112           0.0756          0.056           0.04452         0.03192         0.0224          0.0112          0.00756         0.005572        0.004452        0.003192        0.00224         
          21 1               20.258          13.5016         10.1444         6.7592          5.0708          4.046           2.884           2.0216          1.3496          1.0136          0.6748          0.5068          0.406           0.2884          0.2016          0.1344          0.1008          0.0672          0.0504          0.0406          0.02884         0.02016         0.01008         0.006636        0.005068        0.00406         0.002884        0.002016        
          22 1               18.4688         12.3116         9.2456          6.1516          4.6116          3.7016          2.6544          1.848           1.232           0.924           0.616           0.462           0.3696          0.2632          0.1848          0.1232          0.0924          0.0616          0.04704         0.03696         0.02632         0.01848         0.00924         0.00616         0.00462         0.003696        0.002632        0.001848        
          23 1               16.9316         11.2924         8.4588          5.6532          4.2308          3.3824          2.4192          1.694           1.1284          0.8456          0.5656          0.4228          0.3388          0.2408          0.168           0.112           0.084           0.056           0.04228         0.03388         0.02408         0.0168          0.0084          0.005656        0.004228        0.003388        0.002408        0.00168         
          24 1               15.5624         10.3852         7.784           5.1828          3.906           3.1164          2.2344          1.5568          1.0388          0.7784          0.518           0.3892          0.3108          0.2212          0.1568          0.1036          0.0784          0.05152         0.03892         0.03108         0.02212         0.01568         0.00784         0.00518         0.003892        0.003108        0.002212        0.001568        
          25 1               14.3612         9.5872          7.1904          4.7964          3.5812          2.8728          2.0496          1.4364          0.9576          0.7196          0.4788          0.3584          0.2884          0.2044          0.1428          0.0952          0.0728          0.04788         0.03584         0.02884         0.02044         0.01428         0.007308        0.004788        0.003584        0.002884        0.002044        0.001428        
          26 1               13.3            8.876           6.6528          4.4352          3.3348          2.6572          1.8872          1.33            0.8876          0.6636          0.4424          0.3332          0.266           0.1904          0.1316          0.0896          0.0672          0.04424         0.03332         0.0266          0.01904         0.01316         0.006636        0.004424        0.003332        0.00266         0.001904        0.0013188       
          27 1               12.3508         8.246           6.1712          4.1272          3.0884          2.4668          1.764           1.2348          0.8232          0.6188          0.4116          0.308           0.2464          0.1764          0.1232          0.0812          0.06048         0.04116         0.0308          0.02464         0.01764         0.01232         0.006188        0.004116        0.00308         0.002464        0.001764        0.0012432       
          28 1               11.4856         7.672           5.7428          3.822           2.8672          2.3016          1.6436          1.1508          0.7672          0.574           0.3836          0.2884          0.2296          0.1652          0.1148          0.0756          0.05824         0.03836         0.02884         0.02296         0.01652         0.01148         0.00574         0.003836        0.002884        0.002296        0.001652        0.0011396       
          29 1               10.7324         7.1512          5.3732          3.5672          2.674           2.1364          1.5344          1.0724          0.7168          0.5376          0.3584          0.2688          0.2156          0.154           0.1064          0.0728          0.05376         0.03584         0.02688         0.02156         0.0154          0.010724        0.005376        0.003584        0.002688        0.002156        0.00154         0.0010724       
          30 1               10.0352         6.6892          5.026           3.3404          2.5032          2.0216          1.4364          1.0052          0.6692          0.5012          0.336           0.252           0.2016          0.1428          0.1008          0.06664         0.05012         0.0336          0.0252          0.02016         0.01428         0.00994         0.005012        0.00336         0.00252         0.002016        0.0014308       0.0010052       
          31 1               9.4192          6.2804          4.7096          3.1416          2.3604          1.8844          1.3468          0.9436          0.6272          0.4704          0.3136          0.2352          0.1876          0.1344          0.0952          0.0616          0.04704         0.03136         0.02352         0.01876         0.01344         0.009408        0.004704        0.003136        0.002352        0.001876        0.0013384       0.0009436       
          32 1               8.862           5.8996          4.4184          2.94            2.2148          1.7724          1.2656          0.8848          0.5908          0.4424          0.294           0.2212          0.1764          0.126           0.0896          0.05908         0.04424         0.0294          0.02212         0.01764         0.012712        0.008848        0.004424        0.00294         0.002212        0.001764        0.0012768       0.0008848       
          33 1               8.33            5.572           4.1832          2.7916          2.0944          1.6688          1.1928          0.8344          0.5572          0.4172          0.2772          0.2072          0.168           0.1204          0.084           0.05572         0.04172         0.02772         0.02072         0.0168          0.011816        0.008344        0.004172        0.002772        0.002072        0.00168         0.0011788       0.0008344       
          34 1               7.882           5.2472          3.9452          2.6152          1.974           1.5736          1.1256          0.7868          0.5236          0.3948          0.2632          0.196           0.1568          0.112           0.07896         0.05236         0.03948         0.02632         0.0196          0.01568         0.011116        0.007868        0.003948        0.002632        0.00196         0.0015876       0.0011256       0.0007868       
          35 1               7.434           4.9476          3.7072          2.492           1.862           1.4896          1.064           0.74424         0.4956          0.3724          0.2492          0.1848          0.1484          0.1064          0.07476         0.04956         0.03724         0.02492         0.01848         0.014756        0.0105          0.007448        0.003724        0.002492        0.001848        0.0014868       0.001064        0.0007448       
          36 1               7.042           4.704           3.5252          2.3408          1.7612          1.4084          1.008           0.70448         0.47012         0.3528          0.2352          0.1764          0.14            0.1008          0.07            0.04704         0.03528         0.02352         0.01764         0.014           0.01008         0.007056        0.003528        0.002352        0.001764        0.0014112       0.001008        0.0007056       
          37 1               6.678           4.4604          3.3404          2.2148          1.6716          1.3356          0.9548          0.66864         0.44632         0.3332          0.224           0.168           0.1344          0.0952          0.06692         0.04452         0.03332         0.0224          0.016744        0.013496        0.009548        0.006692        0.003332        0.00224         0.001666        0.0013328       0.0009548       0.0006692       
          38 1               6.342           4.242           3.1836          2.1168          1.5876          1.2712          0.9072          0.63364         0.42392         0.3164          0.2128          0.1596          0.126           0.091           0.06356         0.04228         0.03164         0.02128         0.015792        0.012824        0.009072        0.006356        0.003164        0.002128        0.001596        0.0012824       0.0009072       0.0006356       
          39 1               6.034           4.0236          3.024           2.016           1.5092          1.2068          0.8624          0.60536         0.40292         0.3024          0.2016          0.1512          0.1204          0.08764         0.06048         0.04032         0.03024         0.020216        0.015232        0.012068        0.008624        0.006048        0.003024        0.002016        0.0015008       0.0012068       0.0008624       0.0006048       
          40 1               5.7512          3.8332          2.8644          1.918           1.4392          1.1508          0.8232          0.5754          0.38332         0.28868         0.1904          0.1428          0.11564         0.08232         0.0574          0.03836         0.02884         0.019152        0.014252        0.011508        0.008232        0.00574         0.002884        0.001904        0.0014364       0.0011508       0.0008232       0.000574        
          41 1               5.4992          3.6708          2.7328          1.8284          1.372           1.0976          0.784           0.54936         0.3654          0.27356         0.182           0.1372          0.1106          0.0784          0.05488         0.03668         0.02744         0.018172        0.013748        0.010976        0.00784         0.005488        0.002744        0.0018368       0.0013776       0.0010976       0.000784        0.0005488       
          42 1               5.2444          3.5056          2.6292          1.7472          1.3104          1.0472          0.74984         0.52472         0.34916         0.2632          0.1736          0.13216         0.10416         0.07476         0.05236         0.035           0.02632         0.017416        0.013104        0.010472        0.007476        0.005236        0.002632        0.001736        0.0012964       0.0010472       0.0007476       0.0005236       
          43 1               5.0176          3.3404          2.4948          1.6688          1.2516          1.0024          0.7168          0.50148         0.3346          0.25172         0.1666          0.12432         0.09884         0.07168         0.05012         0.03332         0.025032        0.016604        0.012516        0.010024        0.007168        0.005012        0.002492        0.0016716       0.0012516       0.0010024       0.0007168       0.0005012       
          44 1               4.7908          3.2032          2.3884          1.5988          1.1984          0.9604          0.68516         0.47964         0.3192          0.2394          0.15904         0.12068         0.09492         0.0686          0.04788         0.03192         0.02394         0.016072        0.011984        0.009604        0.00686         0.004788        0.002408        0.0015876       0.0011984       0.0009604       0.000686        0.00047852      
          45 1               4.592           3.0632          2.3072          1.5316          1.148           0.9184          0.65744         0.45948         0.30576         0.22876         0.15316         0.11592         0.09184         0.06552         0.04592         0.03052         0.023072        0.015316        0.01148         0.009184        0.006552        0.004592        0.002296        0.0015456       0.001148        0.0009184       0.0006552       0.0004606       
          46 1               4.4184          2.926           2.198           1.47            1.1032          0.882           0.62832         0.44128         0.29428         0.22036         0.14616         0.10976         0.0882          0.063           0.04396         0.029288        0.02212         0.0147          0.011032        0.00882         0.0063          0.004396        0.002212        0.001456        0.0011032       0.000882        0.00063         0.00044212      
          47 1               4.2448          2.814           2.1168          1.4112          1.0584          0.8456          0.6034          0.42448         0.28168         0.21112         0.14084         0.10528         0.08456         0.06048         0.04228         0.028112        0.021196        0.014112        0.010584        0.008456        0.006048        0.004228        0.0021168       0.0014056       0.0010584       0.0008456       0.0006048       0.00042364      
          48 1               4.046           2.6992          2.0328          1.3496          1.0108          0.8092          0.57708         0.40376         0.2688          0.20132         0.13496         0.10108         0.08092         0.05768         0.0406          0.027076        0.0203          0.013496        0.010108        0.008092        0.005768        0.00406         0.0020104       0.0013496       0.0010108       0.0008092       0.0005768       0.00040544      
          49 1               3.8164          2.5592          1.9096          1.274           0.9548          0.76468         0.54656         0.38248         0.25508         0.19068         0.12796         0.09548         0.07644         0.0546          0.03808         0.02548         0.019208        0.01274         0.009548        0.007644        0.00546         0.003808        0.0019152       0.001274        0.0009548       0.0007644       0.00054404      0.00038052      
          50 1               3.6148          2.3912          1.8032          1.2012          0.9016          0.72072         0.5152          0.36008         0.24108         0.17948         0.12012         0.09016         0.07224         0.05152         0.03612         0.024164        0.017948        0.012012        0.009016        0.007224        0.005152        0.003612        0.0018088       0.0012012       0.0009016       0.0007224       0.0005152       0.00035952      
          51 1               3.4132          2.2764          1.7052          1.1368          0.854           0.68376         0.48832         0.33992         0.22624         0.17052         0.11368         0.0854          0.06832         0.04872         0.034216        0.022876        0.017052        0.011368        0.00854         0.006832        0.004872        0.003416        0.0017136       0.0011368       0.000854        0.0006832       0.00048748      0.0003402       
          52 1               3.2368          2.1616          1.6156          1.078           0.8092          0.64596         0.46312         0.32452         0.21644         0.161           0.1078          0.08092         0.06468         0.0462          0.032284        0.021448        0.016156        0.01078         0.008092        0.006468        0.00462         0.00322         0.0016072       0.001078        0.0008092       0.0006468       0.000462        0.000322        
          53 1               3.0632          2.0468          1.5316          1.022           0.7672          0.61236         0.43708         0.30576         0.20356         0.154           0.1022          0.07672         0.06132         0.04368         0.030772        0.020412        0.015316        0.01022         0.007672        0.006132        0.004368        0.003052        0.0015428       0.001022        0.0007672       0.0006132       0.00043876      0.00030548      
          54 1               2.9148          1.9292          1.456           0.9688          0.728           0.58324         0.41552         0.29176         0.1932          0.1456          0.09688         0.0728          0.05824         0.04144         0.029232        0.019516        0.01456         0.009688        0.00728         0.005824        0.004144        0.002912        0.0014672       0.0009688       0.000728        0.0005824       0.00041664      0.00029064      
          55 1               2.7664          1.8424          1.3832          0.9212          0.69076         0.55328         0.39564         0.27748         0.18424         0.13832         0.09212         0.06916         0.05544         0.03948         0.027692        0.018508        0.013832        0.009212        0.006916        0.005544        0.003948        0.002772        0.0013832       0.0009212       0.0006916       0.00055328      0.00039564      0.00027524      
          56 1               2.618           1.7528          1.316           0.8764          0.658           0.52528         0.3752          0.26236         0.17556         0.1316          0.08764         0.0658          0.05264         0.037576        0.026208        0.017556        0.01316         0.008764        0.00658         0.005264        0.003752        0.0026376       0.001316        0.0008764       0.000658        0.00052752      0.0003752       0.0002618       
          57 1               2.4976          1.6716          1.2544          0.8344          0.62748         0.50176         0.35672         0.24976         0.16716         0.12544         0.08344         0.06272         0.05012         0.035868        0.025116        0.016716        0.012544        0.008344        0.006272        0.005012        0.003584        0.0025172       0.0012544       0.0008344       0.0006272       0.00050064      0.00035924      0.0002506       
          58 1               2.3772          1.5932          1.1956          0.7952          0.59836         0.47768         0.34048         0.23884         0.15932         0.11956         0.07952         0.05964         0.04788         0.034048        0.023884        0.015932        0.011956        0.007952        0.005964        0.004788        0.003416        0.0023828       0.0011956       0.0007952       0.0005964       0.0004774       0.00034076      0.00023856      
          59 1               2.2848          1.5204          1.1396          0.7588          0.56868         0.45556         0.32592         0.22792         0.15204         0.11396         0.07588         0.05712         0.04564         0.032676        0.022792        0.015204        0.011396        0.007588        0.005712        0.004564        0.003248        0.0022904       0.0011396       0.0007588       0.0005712       0.000455        0.00032508      0.00022792      
          60 1               2.1644          1.4532          1.0892          0.7252          0.54376         0.43512         0.31248         0.21784         0.14532         0.10892         0.07252         0.05432         0.04368         0.03108         0.021672        0.014532        0.010892        0.007252        0.005432        0.004368        0.0030996       0.002184        0.0010892       0.0007252       0.00054404      0.00043428      0.00031024      0.00021784      
          61 1               2.0692          1.3888          1.0416          0.6944          0.5208          0.41692         0.296772        0.20832         0.13888         0.10416         0.06944         0.05208         0.04172         0.02982         0.02072         0.013888        0.010416        0.006944        0.005208        0.004172        0.0029624       0.002072        0.0010416       0.0006944       0.00051996      0.00041664      0.0002982       0.00020832      
          62 1               2.002           1.3272          0.9968          0.6636          0.49728         0.39816         0.285292        0.19936         0.133           0.09968         0.06636         0.04984         0.03976         0.028336        0.019908        0.0133          0.009968        0.006636        0.004984        0.003976        0.002842        0.0019824       0.0009968       0.0006636       0.00049952      0.00039984      0.00028532      0.00019936      
          63 1               1.9096          1.2712          0.9548          0.63756         0.47824         0.38108         0.272664        0.19096         0.12712         0.09548         0.06356         0.0476          0.03822         0.027272        0.018984        0.012712        0.009548        0.006356        0.00476         0.0038108       0.0027132       0.0019152       0.0009548       0.0006356       0.00047656      0.00038192      0.00027216      0.00019096      
          64 1               1.8284          1.2208          0.9156          0.61096         0.45864         0.36652         0.26152         0.18284         0.12208         0.09156         0.06104         0.04564         0.036484        0.026096        0.018284        0.012208        0.009156        0.006104        0.0045696       0.0036456       0.002604        0.0018172       0.0009156       0.0006104       0.0004578       0.00036624      0.00026152      0.00018284      
          65 1               1.7556          1.1704          0.8764          0.58632         0.43848         0.35112         0.250852        0.17556         0.11704         0.08764         0.05852         0.04396         0.035056        0.025144        0.017556        0.011704        0.008764        0.005852        0.0044016       0.0035196       0.0025172       0.0017668       0.0008764       0.0005852       0.0004382       0.0003514       0.00024948      0.00017556      
          66 1               1.6856          1.1228          0.8428          0.56084         0.42028         0.33796         0.240744        0.16856         0.11228         0.08428         0.05628         0.042           0.033628        0.024052        0.016856        0.011228        0.008428        0.005628        0.0042224       0.0033656       0.002394        0.0016856       0.0008428       0.0005628       0.00042224      0.00033684      0.00024052      0.000168392     
          67 1               1.6184          1.0808          0.8092          0.54068         0.40432         0.32424         0.231252        0.16184         0.10808         0.08092         0.05404         0.0406          0.032312        0.0231          0.016184        0.010808        0.008092        0.005404        0.00406         0.0032312       0.0023268       0.0016268       0.0008092       0.00053844      0.00040544      0.00032256      0.00023128      0.00016198      
          68 1               1.5568          1.0388          0.7784          0.51968         0.3906          0.31276         0.222488        0.15568         0.10388         0.07784         0.0518          0.038836        0.031108        0.022288        0.015568        0.010388        0.007784        0.0051856       0.0038836       0.0031276       0.002226        0.0015624       0.0007784       0.00051828      0.00039004      0.00031136      0.00022232      0.000155652     
          69 1               1.498           0.9996          0.7504          0.49812         0.37324         0.301           0.21392         0.1498          0.09996         0.07504         0.04984         0.037464        0.030044        0.021364        0.01498         0.009996        0.007504        0.004998        0.0037548       0.002996        0.0021448       0.001498        0.0007504       0.00049952      0.0003752       0.00030044      0.00021392      0.000149912     
          70 1               1.442           0.9632          0.7224          0.4816          0.3612          0.2884          0.206248        0.1442          0.09632         0.07224         0.04816         0.036176        0.02884         0.020608        0.01442         0.009632        0.007224        0.0048076       0.0036176       0.0028868       0.002058        0.001442        0.0007224       0.0004802       0.00036036      0.00028952      0.00020608      0.000144312     
          71 1               1.3916          0.9268          0.6944          0.46452         0.3486          0.27888         0.198632        0.13916         0.09268         0.06944         0.04648         0.034664        0.027832        0.019824        0.013916        0.009268        0.006944        0.0046256       0.003472        0.0027748       0.0019908       0.0013916       0.0006944       0.00046368      0.00034748      0.00027748      0.00019852      0.000138964     
          72 1               1.3412          0.8932          0.6692          0.44688         0.33572         0.267904        0.191436        0.13412         0.08932         0.06692         0.0448          0.033516        0.026768        0.019236        0.013412        0.008932        0.006692        0.0044716       0.0033488       0.0026824       0.0019208       0.0013412       0.0006692       0.00044828      0.00033628      0.00026796      0.00019152      0.000134064     
          73 1               1.2936          0.8624          0.6468          0.43176         0.3248          0.258832        0.184716        0.12936         0.08624         0.06468         0.04312         0.032284        0.025928        0.018592        0.012936        0.008624        0.006468        0.0043036       0.0032452       0.0025928       0.0018424       0.0012936       0.0006468       0.00043204      0.00032256      0.00025872      0.0001848       0.000129332     
          74 1               1.2488          0.8316          0.6244          0.4158          0.3136          0.249788        0.178444        0.12488         0.08316         0.06244         0.04172         0.03122         0.025004        0.017836        0.012488        0.008316        0.006244        0.0041552       0.0031108       0.002492        0.0017864       0.0012488       0.0006244       0.00041776      0.00031276      0.00025116      0.00017836      0.000124992     
          75 1               1.2068          0.8036          0.6048          0.40236         0.30184         0.241388        0.172536        0.12068         0.08036         0.06048         0.04032         0.030296        0.02408         0.017248        0.012068        0.008036        0.0060256       0.0040264       0.0030296       0.002422        0.0017276       0.0012068       0.0006048       0.0004018       0.00030072      0.00024192      0.000172312     0.00012082      
          76 1               1.1676          0.7784          0.5824          0.38836         0.2926          0.233408        0.166712        0.11676         0.07784         0.05824         0.03892         0.029036        0.023408        0.01666         0.011676        0.007784        0.0058212       0.0038892       0.0029148       0.0023464       0.0016688       0.0011676       0.0005824       0.0003878       0.00029232      0.00023324      0.000166684     0.000116648     
          77 1               1.1284          0.7532          0.5656          0.3766          0.28308         0.225596        0.16128         0.11284         0.07532         0.05656         0.03752         0.028252        0.022652        0.016128        0.011284        0.007532        0.0056476       0.0037716       0.0028336       0.002268        0.0016128       0.0011284       0.0005656       0.00037492      0.00028168      0.00022568      0.00016114      0.000112728     
          78 1               1.092           0.728           0.54712         0.36456         0.273           0.218596        0.156016        0.1092          0.0728          0.0546          0.0364          0.027188        0.021868        0.015596        0.01092         0.00728         0.0054628       0.0036456       0.0027244       0.0021868       0.0015596       0.001092        0.00054544      0.00036288      0.00027188      0.0002184       0.0001561       0.000109368     
          79 1               1.0584          0.7056          0.53032         0.35196         0.26544         0.211568        0.151172        0.10584         0.07056         0.05292         0.035308        0.02632         0.021028        0.01512         0.010584        0.0070588       0.0053032       0.0035168       0.0026376       0.0021028       0.001512        0.0010584       0.00052808      0.00035336      0.00026488      0.00021168      0.00015106      0.000105896     
          80 1               1.0248          0.6832          0.51324         0.34188         0.25536         0.205156        0.146496        0.10248         0.06832         0.05124         0.034076        0.025676        0.02044         0.014644        0.010248        0.0068348       0.0051128       0.0034048       0.0025536       0.0020468       0.0014644       0.0010248       0.00051296      0.00034048      0.00025732      0.00020496      0.000146328     0.000102592     
          81 1               0.994           0.6636          0.4956          0.33124         0.248472        0.198856        0.14196         0.0994          0.06636         0.04956         0.033068        0.024752        0.019824        0.014196        0.00994         0.0066304       0.00497         0.0033208       0.0024892       0.001988        0.0014196       0.000994        0.00049812      0.00033264      0.00024864      0.0001988       0.000141932     0.000099512     
          82 1               0.9632          0.644           0.48328         0.32032         0.240968        0.192976        0.13776         0.09632         0.0644          0.04816         0.032256        0.02408         0.019152        0.013776        0.009632        0.0064288       0.0048272       0.0032004       0.0023996       0.0019264       0.0013776       0.0009632       0.0004816       0.00032004      0.0002408       0.00019292      0.000137704     0.000096348     
          83 1               0.9352          0.6244          0.4676          0.31192         0.23394         0.187236        0.13356         0.09352         0.06244         0.04676         0.03108         0.02338         0.018732        0.013356        0.009352        0.006244        0.0046788       0.0031332       0.0023352       0.0018844       0.0013356       0.0009352       0.00046816      0.00031136      0.00023408      0.000187236     0.000133728     0.000093576     
          84 1               0.91            0.6048          0.45444         0.30296         0.227164        0.18172         0.12992         0.091           0.06048         0.04536         0.030408        0.022652        0.018312        0.012992        0.0091          0.006062        0.0045528       0.0030324       0.002268        0.0018172       0.0012992       0.00091         0.0004536       0.0003038       0.00022708      0.00018172      0.000129752     0.000090972     
          85 1               0.882           0.588           0.441           0.294           0.220668        0.17668         0.12628         0.0882          0.0588          0.04424         0.0294          0.021952        0.017668        0.012628        0.00882         0.0058772       0.0044268       0.0029316       0.002198        0.0017696       0.0012628       0.000882        0.00044212      0.00029456      0.00022064      0.000176652     0.000126252     0.00008834      
          86 1               0.8596          0.5712          0.43008         0.28728         0.214452        0.171668        0.12264         0.08596         0.05712         0.04284         0.028672        0.021476        0.017164        0.012264        0.008596        0.0057092       0.0042896       0.002856        0.002156        0.0017164       0.0012264       0.0008596       0.00042868      0.00028644      0.00021448      0.000171752     0.00012264      0.000085932     
          87 1               0.8344          0.5572          0.4186          0.27748         0.208628        0.166824        0.11928         0.08344         0.05572         0.04172         0.02786         0.020804        0.016688        0.011928        0.008344        0.0055692       0.0041832       0.0027776       0.0020832       0.0016688       0.0011928       0.0008344       0.00041636      0.00027944      0.0002086       0.000166908     0.000119336     0.000083496     
          88 1               0.812           0.5404          0.40712         0.2702          0.203168        0.1624          0.11592         0.0812          0.05404         0.0406          0.02702         0.02044         0.01624         0.011592        0.00812         0.0054208       0.0040712       0.0026964       0.0020384       0.001624        0.0011592       0.000812        0.00040656      0.00026992      0.000203        0.000162484     0.00011606      0.00008134      
          89 1               0.7896          0.5264          0.39508         0.26264         0.197596        0.158088        0.11284         0.07896         0.05264         0.03948         0.026432        0.019768        0.01582         0.011284        0.007896        0.0052668       0.0039536       0.0026432       0.001988        0.001582        0.0011284       0.0007896       0.00039592      0.00026264      0.00019768      0.000158032     0.000113064     0.000079156     
          90 1               0.77            0.5124          0.38556         0.2576          0.192472        0.153972        0.11004         0.077           0.05124         0.03864         0.025536        0.019348        0.0154          0.011004        0.0077084       0.0051436       0.0038388       0.0025592       0.0019376       0.00154         0.0011004       0.00077         0.00038444      0.00025788      0.00019264      0.000153888     0.0001099       0.000076972     
          91 1               0.7504          0.5012          0.37576         0.24948         0.187544        0.149968        0.10724         0.07504         0.05012         0.03752         0.02492         0.018648        0.015008        0.010724        0.0074928       0.0050092       0.0037548       0.0025032       0.0018844       0.0015008       0.0010724       0.0007504       0.00037604      0.0002506       0.000187712     0.000150108     0.000107156     0.000074984     
          92 1               0.7308          0.4872          0.36568         0.24388         0.18284         0.14616         0.10444         0.07308         0.04872         0.03668         0.024276        0.018172        0.014616        0.010444        0.0073276       0.0048748       0.0036708       0.00245         0.0018284       0.0014616       0.0010444       0.0007308       0.00036596      0.00024444      0.000182812     0.000146412     0.000104384     0.000073024     
          93 1               0.714           0.476           0.35532         0.23772         0.178388        0.142772        0.10192         0.0714          0.0476          0.03556         0.023884        0.017696        0.01428         0.010192        0.0071204       0.0047656       0.0035532       0.0023688       0.0017836       0.001428        0.0010192       0.000714        0.00035672      0.0002366       0.000178416     0.000142604     0.00010178      0.000071288     
          94 1               0.6972          0.4648          0.34748         0.23212         0.173964        0.139328        0.0994          0.06972         0.04648         0.03472         0.023156        0.017388        0.013916        0.00994         0.0069664       0.0046508       0.0034888       0.0023156       0.0017388       0.0013916       0.000994        0.0006972       0.00034804      0.00023212      0.000174132     0.00013916      0.00009954      0.000069608     
          95 1               0.6804          0.45304         0.33936         0.226408        0.16982         0.1358          0.09716         0.06804         0.04536         0.03388         0.022736        0.016996        0.01358         0.009716        0.006804        0.004536        0.0033964       0.0022568       0.0016996       0.001358        0.0009716       0.0006804       0.00033992      0.00022652      0.000169904     0.000135968     0.000097188     0.000067872     
          96 1               0.6636          0.441           0.33096         0.221228        0.16576         0.132748        0.09464         0.06636         0.04424         0.03304         0.022036        0.016576        0.013272        0.009464        0.006636        0.0044184       0.0033236       0.0022008       0.0016576       0.0013272       0.0009464       0.0006636       0.0003304       0.0002212       0.000165872     0.000132748     0.00009478      0.000066416     
          97 1               0.6468          0.43148         0.32536         0.215908        0.162148        0.12964         0.09268         0.06468         0.04312         0.03248         0.021588        0.016212        0.012964        0.009268        0.0064904       0.0043232       0.0032536       0.0021672       0.0016212       0.0012964       0.0009268       0.0006468       0.00032312      0.00021616      0.000162064     0.000129752     0.00009268      0.000064932     
          98 1               0.6328          0.42196         0.3164          0.211064        0.15848         0.12656         0.09044         0.06328         0.04228         0.03164         0.021112        0.015848        0.012656        0.009044        0.006342        0.004228        0.0031752       0.0021084       0.0015848       0.0012656       0.0009044       0.0006328       0.00031584      0.00021112      0.000158284     0.000126728     0.000090552     0.00006342      
          99 1               0.6188          0.41188         0.30996         0.206416        0.1547          0.12376         0.08848         0.06188         0.04116         0.03108         0.020608        0.015484        0.012376        0.008848        0.006188        0.00413         0.0030968       0.0020748       0.0015484       0.0012376       0.0008848       0.0006188       0.00031024      0.00020636      0.000154952     0.000123732     0.000088564     0.000061936     
         100 1               0.6048          0.4046          0.30352         0.201964        0.151368        0.12124         0.08652         0.06048         0.04032         0.03024         0.020132        0.015148        0.012124        0.008652        0.0060564       0.0040292       0.0030156       0.0020104       0.0015148       0.0012124       0.0008652       0.0006048       0.00030268      0.00020188      0.000151396     0.00012124      0.00008666      0.000060704     
         101 1               0.5936          0.39424         0.2968          0.197456        0.148204        0.11844         0.08456         0.05936         0.03948         0.02968         0.019628        0.014812        0.011844        0.008456        0.0059276       0.0039564       0.0029596       0.0019768       0.0014812       0.0011844       0.0008456       0.0005936       0.0002968       0.00019768      0.000148176     0.00011844      0.000084588     0.00005922      
         102 1               0.5796          0.38668         0.2898          0.19348         0.144956        0.11592         0.08288         0.05796         0.03864         0.02912         0.019376        0.014504        0.011592        0.008288        0.0057932       0.003878        0.0029064       0.0019348       0.0014504       0.0011592       0.0008288       0.0005796       0.00028896      0.00019348      0.000145068     0.00011592      0.000082936     0.000057932     
         103 1               0.5684          0.37884         0.2828          0.189252        0.141904        0.11368         0.0812          0.05684         0.0378          0.02828         0.018844        0.014196        0.011368        0.00812         0.0056812       0.0037996       0.0028448       0.0018928       0.0014196       0.0011368       0.000812        0.0005684       0.00028308      0.00018942      0.000142128     0.000113708     0.000081172     0.0000567       
         104 1               0.5572          0.37072         0.27804         0.185556        0.139076        0.11116         0.07952         0.05572         0.03696         0.02772         0.018564        0.013916        0.011116        0.007952        0.005572        0.0037212       0.0027832       0.0018536       0.0013916       0.0011116       0.0007952       0.00055692      0.00027748      0.000185388     0.000139188     0.000111384     0.000079464     0.000055692     
         105 1               0.546           0.36232         0.27356         0.181636        0.136192        0.10892         0.07784         0.0546          0.0364          0.02716         0.018312        0.013636        0.010892        0.007784        0.005446        0.0036372       0.0027216       0.0018172       0.0013636       0.0010892       0.0007784       0.0005446       0.00027188      0.000181636     0.000136416     0.000108948     0.00007798      0.000054432     
         106 1               0.5348          0.35672         0.26852         0.178304        0.133532        0.10696         0.07644         0.05348         0.03556         0.026712        0.017724        0.013356        0.010696        0.007644        0.0053452       0.003556        0.0026824       0.0017808       0.0013356       0.0010696       0.0007644       0.0005348       0.000266        0.00017808      0.000133644     0.000107016     0.000076468     0.000053452     
         107 1               0.5236          0.35084         0.26348         0.174776        0.131068        0.10472         0.07476         0.05236         0.035           0.02618         0.017416        0.013104        0.010472        0.007476        0.0052472       0.0035          0.002618        0.0017472       0.0013104       0.0010472       0.0007476       0.000525        0.0002632       0.000174608     0.000130984     0.000104888     0.000074956     0.000052444     
         108 1               0.5152          0.34188         0.25816         0.171304        0.128548        0.10276         0.07336         0.05152         0.03416         0.025592        0.017108        0.012852        0.010276        0.007336        0.0051436       0.0034412       0.002576        0.0017136       0.0012852       0.0010276       0.0007336       0.00051408      0.00025704      0.000171276     0.00012866      0.000102872     0.000073388     0.000051436     
         109 1               0.504           0.33572         0.25284         0.168196        0.12628         0.1008          0.07196         0.0504          0.0336          0.025312        0.016772        0.012628        0.01008         0.007196        0.0050344       0.0033572       0.0025368       0.0016828       0.0012628       0.001008        0.0007196       0.00050372      0.00025116      0.000168252     0.000126028     0.000101024     0.000072212     0.0000504       
         110 1               0.4956          0.329           0.24724         0.1652          0.12376         0.09912         0.07084         0.04956         0.03304         0.024724        0.01652         0.012376        0.009912        0.007084        0.004956        0.0033012       0.002464        0.001652        0.0012376       0.0009912       0.0007084       0.00049504      0.00024752      0.000165032     0.0001239       0.00009898      0.000070672     0.000049672     
         111 1               0.4872          0.32536         0.24444         0.162036        0.12152         0.09716         0.06944         0.04872         0.03248         0.024388        0.016212        0.012152        0.009716        0.006944        0.0048748       0.0032452       0.002422        0.0016212       0.0012152       0.0009716       0.0006944       0.0004872       0.00024416      0.000162204     0.000121744     0.000097412     0.000069468     0.000048636     
         112 1               0.4788          0.31864         0.23856         0.159292        0.11956         0.09548         0.06832         0.04788         0.03192         0.024024        0.015932        0.011956        0.009548        0.0068152       0.004788        0.003192        0.0023772       0.0015932       0.0011956       0.0009548       0.0006832       0.00047796      0.00023772      0.000159264     0.00011956      0.00009562      0.00006818      0.000047908     
         113 1               0.4704          0.31164         0.2352          0.156408        0.11732         0.0938          0.0672          0.04704         0.03136         0.023352        0.015652        0.011732        0.00938         0.00672         0.004704        0.0031304       0.0023576       0.0015652       0.0011732       0.000938        0.000672        0.00046872      0.00023408      0.000156464     0.00011746      0.000093912     0.000067172     0.000046872     
         114 1               0.462           0.30716         0.23212         0.15386         0.11536         0.0924          0.0658          0.0462          0.0308          0.02296         0.015372        0.011536        0.00924         0.0065968       0.0046172       0.0030716       0.0023128       0.0015372       0.0011536       0.000924        0.000658        0.00046116      0.00023072      0.000153804     0.000115276     0.0000924       0.000065884     0.000046116     
         115 1               0.4536          0.30268         0.22568         0.1512          0.1134          0.09072         0.06496         0.04536         0.03024         0.02282         0.01512         0.01134         0.009072        0.0064932       0.0045248       0.003038        0.0022652       0.001512        0.001134        0.0009072       0.0006496       0.00045332      0.0002268       0.00015134      0.00011354      0.000090832     0.000064876     0.00004536      
         116 1               0.4452          0.2982          0.22316         0.148764        0.11172         0.08932         0.06384         0.04452         0.02968         0.0224          0.014868        0.011172        0.008932        0.0063868       0.0044632       0.0029736       0.0022456       0.0014868       0.0011172       0.0008932       0.0006384       0.0004452       0.00022316      0.00014868      0.000111608     0.000089348     0.000063896     0.000044548     
         117 1               0.4396          0.29344         0.21952         0.146552        0.10976         0.08792         0.06272         0.04396         0.0294          0.02198         0.014644        0.010976        0.008792        0.0062832       0.0044016       0.00294         0.002198        0.0014644       0.0010976       0.0008792       0.0006272       0.00043848      0.00021952      0.000146552     0.00010976      0.000087724     0.00006286      0.00004382      
         118 1               0.4312          0.2884          0.21616         0.144004        0.10808         0.08652         0.06188         0.04312         0.02884         0.021504        0.01442         0.010808        0.008652        0.0061852       0.0043344       0.0028728       0.0021756       0.001442        0.0010808       0.0008652       0.0006188       0.00043232      0.00021616      0.000144088     0.000108108     0.000086576     0.00006188      0.000043288     
         119 1               0.4256          0.28336         0.2128          0.141932        0.1064          0.08512         0.06076         0.04256         0.02828         0.02128         0.014196        0.01064         0.008512        0.0060844       0.00427         0.0028336       0.002128        0.0014196       0.001064        0.0008512       0.0006076       0.00042476      0.0002128       0.000141848     0.000106288     0.00008526      0.000060816     0.000042532     
         120 1               0.42            0.27832         0.20972         0.139832        0.10472         0.08372         0.05992         0.042           0.028           0.021084        0.013972        0.010472        0.008372        0.0059892       0.0042056       0.0027944       0.0021056       0.0013972       0.0010472       0.0008372       0.0005992       0.00042056      0.00020972      0.000139832     0.000104664     0.000083776     0.00005978      4.20056E-005    
         121 1               0.4116          0.2758          0.20636         0.137676        0.10332         0.0826          0.05908         0.04116         0.02744         0.02058         0.013776        0.010332        0.00826         0.0058912       0.0041356       0.0027552       0.002058        0.0013776       0.0010332       0.000826        0.0005908       0.00041244      0.00020636      0.000137564     0.000103152     0.00008246      0.000058996     0.000041244     
         122 1               0.406           0.27048         0.20356         0.135744        0.10164         0.08148         0.05824         0.0406          0.02716         0.020328        0.013552        0.010164        0.008148        0.0058212       0.0040684       0.0027132       0.0020356       0.0013552       0.0010164       0.0008148       0.00058184      0.00040712      0.00020356      0.00013566      0.000101724     0.00008148      0.000058268     4.07456E-005    
         123 1               0.4004          0.26768         0.20048         0.133812        0.10024         0.08036         0.0574          0.04004         0.02688         0.020048        0.013384        0.010024        0.008036        0.0057176       0.0040012       0.0026712       0.0020048       0.0013384       0.0010024       0.0008036       0.0005726       0.00040152      0.00020048      0.000133756     0.00010024      0.00008022      0.000057232     0.00004025      
         124 1               0.3948          0.2646          0.19768         0.131824        0.09884         0.07924         0.05656         0.03948         0.02632         0.019768        0.013188        0.009884        0.007924        0.0056476       0.0039592       0.0026264       0.0019768       0.0013188       0.0009884       0.0007924       0.0005656       0.00039536      0.00019768      0.000131768     0.00009898      0.000079212     0.000056448     3.94772E-005    
         125 1               0.3892          0.259           0.19516         0.130116        0.09744         0.07812         0.05572         0.03892         0.02604         0.019488        0.012992        0.009744        0.007812        0.0055748       0.0038892       0.0026124       0.0019516       0.0012992       0.0009744       0.0007812       0.00055608      0.00038976      0.00019516      0.00012992      0.000097496     0.000078008     0.000055692     3.89424E-005    
         126 1               0.3836          0.25592         0.19236         0.128352        0.09632         0.077           0.05488         0.03836         0.02576         0.01918         0.012824        0.009632        0.0077          0.0054992       0.00385         0.0025676       0.0019236       0.0012824       0.0009632       0.00077         0.0005488       0.00038612      0.00019236      0.000128184     0.00009618      0.000076972     0.00005488      3.84524E-005    
         127 1               0.3808          0.25256         0.18984         0.126588        0.09492         0.07588         0.05432         0.03808         0.0252          0.018872        0.012656        0.009492        0.007588        0.0054264       0.003808        0.0025228       0.0018984       0.0012656       0.0009492       0.0007588       0.00054236      0.00038024      0.000189952     0.000126616     0.000095004     0.000076048     0.000054404     0.000037912     
         128 1               0.3752          0.24948         0.1876          0.125076        0.0938          0.07504         0.05348         0.03752         0.02492         0.018816        0.012488        0.00938         0.007504        0.0053564       0.0037632       0.002506        0.001876        0.0012488       0.000938        0.0007504       0.00053508      0.00037632      0.0001876       0.000125104     0.000093744     0.000074984     0.000053592     3.74388E-005    
         129 1               0.3696          0.24612         0.18508         0.123536        0.09268         0.07392         0.05292         0.03696         0.02464         0.01848         0.012348        0.009268        0.007392        0.0052808       0.003696        0.0024584       0.0018508       0.0012348       0.0009268       0.0007392       0.00052864      0.00037016      0.000185164     0.000123452     0.000092568     0.000074004     0.000052864     3.69068E-005    
         130 1               0.3668          0.24248         0.18284         0.1218          0.09156         0.07308         0.05236         0.03668         0.02436         0.018396        0.01218         0.009156        0.007308        0.0052332       0.0036512       0.0024388       0.0018284       0.001218        0.0009156       0.0007308       0.00052164      0.00036624      0.000183008     0.00012194      0.000091308     0.00007322      5.23656E-005    0.00003668      
         131 1               0.3612          0.24164         0.1806          0.1204          0.09044         0.07224         0.05152         0.03612         0.02408         0.018032        0.01204         0.009044        0.007224        0.0051632       0.0036064       0.0024192       0.001806        0.001204        0.0009044       0.0007224       0.00051492      0.00036036      0.000180628     0.000120456     0.000090328     0.000072184     5.15872E-005    0.000036148     
         132 1               0.3584          0.238           0.17864         0.119           0.08932         0.0714          0.05096         0.03584         0.0238          0.017948        0.0119          0.008932        0.00714         0.0050904       0.0035644       0.0023688       0.0017864       0.00119         0.0008932       0.000714        0.00051072      0.000357        0.000178584     0.000119028     0.000089348     0.000071456     5.10692E-005    3.56132E-005    
         133 1               0.3528          0.23436         0.1764          0.1176          0.0882          0.07056         0.0504          0.03528         0.02352         0.017556        0.01176         0.00882         0.007056        0.0050428       0.0035224       0.0023492       0.001764        0.001176        0.000882        0.0007056       0.00050316      0.00035336      0.0001764       0.000117796     0.000088284     0.000070672     5.05316E-005    0.000035392     
         134 1               0.35            0.23352         0.17444         0.11648         0.08736         0.06972         0.04984         0.035           0.02324         0.017416        0.011648        0.008736        0.006972        0.0049952       0.0035028       0.0023296       0.0017444       0.0011648       0.0008736       0.0006972       0.00049896      0.00035         0.00017444      0.000116424     0.000087304     0.000069692     4.97392E-005    0.000034846     
         135 1               0.3444          0.2296          0.17276         0.11508         0.08624         0.06916         0.04928         0.03444         0.02296         0.017276        0.011508        0.008624        0.006916        0.0049252       0.003458        0.0023044       0.0017276       0.0011508       0.0008624       0.0006916       0.00049392      0.00034608      0.000172536     0.00011522      0.000086268     0.00006916      4.92212E-005    3.46248E-005    
         136 1               0.3416          0.22848         0.1708          0.11396         0.0854          0.06832         0.04872         0.03416         0.02268         0.017164        0.011396        0.00854         0.006832        0.0048804       0.003416        0.0022848       0.001708        0.0011396       0.000854        0.0006832       0.00048664      0.00034272      0.000170884     0.000113876     0.000085288     0.000068404     4.87368E-005    0.000034062     
         137 1               0.3388          0.22456         0.16912         0.11256         0.08456         0.06748         0.04816         0.03388         0.0224          0.017024        0.011256        0.008456        0.006748        0.0048328       0.0033684       0.0022596       0.0016912       0.0011256       0.0008456       0.0006748       0.00048384      0.0003388       0.00016898      0.0001127       0.000084532     0.000067564     0.000048216     3.38296E-005    
         138 1               0.336           0.22316         0.16744         0.11144         0.08372         0.06692         0.04788         0.0336          0.0224          0.016856        0.011144        0.008372        0.006692        0.004788        0.0033488       0.0022372       0.0016744       0.0011144       0.0008372       0.0006692       0.0004788       0.00033516      0.000167216     0.00011158      0.000083552     0.00006706      4.77036E-005    3.35608E-005    
         139 1               0.3304          0.22176         0.165536        0.11032         0.08288         0.06636         0.04732         0.03304         0.02212         0.016688        0.011032        0.008288        0.006636        0.0047432       0.003304        0.0022148       0.0016576       0.0011032       0.0008288       0.0006636       0.00047348      0.00033152      0.000165564     0.000110404     0.000082768     0.000066276     0.000047446     3.30456E-005    
         140 1               0.3276          0.21756         0.164024        0.10948         0.08204         0.06552         0.04676         0.03276         0.02184         0.016492        0.010948        0.008204        0.006552        0.0046956       0.0032844       0.0021896       0.0016408       0.0010948       0.0008204       0.0006552       0.00046788      0.00032788      0.00016394      0.000109452     0.000082012     0.000065492     0.000046914     3.27964E-005    
         141 1               0.3248          0.21616         0.162428        0.10836         0.0812          0.06496         0.04648         0.03248         0.02156         0.016324        0.010836        0.00812         0.006496        0.004648        0.0032368       0.0021644       0.001624        0.0010836       0.000812        0.0006496       0.00046564      0.00032424      0.000162624     0.000108248     0.000081228     0.000065016     4.63904E-005    3.25276E-005    
         142 1               0.322           0.21476         0.161056        0.10724         0.08064         0.0644          0.04592         0.0322          0.02156         0.016128        0.010724        0.008064        0.00644         0.0046032       0.00322         0.002142        0.00161         0.0010724       0.0008064       0.000644        0.00046004      0.00032312      0.000160944     0.000107268     0.000080388     0.000064484     0.000046144     0.000032284     
         143 1               0.3192          0.21308         0.159628        0.1064          0.0798          0.06384         0.04564         0.03192         0.02128         0.015932        0.01064         0.00798         0.006384        0.0045556       0.0031976       0.002142        0.001596        0.001064        0.000798        0.0006384       0.000455        0.00031976      0.00015974      0.000106344     0.000079912     0.000063728     4.56316E-005    3.19956E-005    
         144 1               0.3164          0.2114          0.158172        0.10556         0.07924         0.06328         0.04508         0.03164         0.021           0.015736        0.010556        0.007924        0.006328        0.004508        0.003178        0.0021196       0.001582        0.0010556       0.0007924       0.0006328       0.0004522       0.00031556      0.000158368     0.000105616     0.0000791       0.000063168     4.50856E-005    3.17772E-005    
         145 1               0.3136          0.20972         0.15694         0.10472         0.0784          0.06272         0.0448          0.03136         0.021           0.015792        0.010472        0.00784         0.006272        0.0044912       0.0031304       0.0020916       0.001568        0.0010472       0.000784        0.0006272       0.00044716      0.00031444      0.00015694      0.00010472      0.000078344     0.000062636     4.48364E-005    3.15028E-005    
         146 1               0.3108          0.20804         0.15568         0.10388         0.07784         0.06216         0.04452         0.03108         0.02072         0.015568        0.010388        0.007784        0.006216        0.0044436       0.0031108       0.0020748       0.0015568       0.0010388       0.0007784       0.0006216       0.00044408      0.00031024      0.000155568     0.000103712     0.000077812     0.000062384     4.45648E-005    3.12676E-005    
         147 1               0.308           0.20636         0.15456         0.10304         0.07728         0.06188         0.04424         0.0308          0.02072         0.015372        0.010304        0.007728        0.006188        0.004424        0.0030884       0.002058        0.0015456       0.0010304       0.0007728       0.0006188       0.00044156      0.00030884      0.000154308     0.000103012     0.000077336     6.18856E-005    4.40356E-005    3.09876E-005    
         148 1               0.3052          0.2044          0.15316         0.1022          0.07672         0.06132         0.04368         0.03052         0.02044         0.0154          0.01022         0.007672        0.006132        0.0043764       0.0030688       0.002044        0.0015316       0.001022        0.0007672       0.0006132       0.00043848      0.00030744      0.000153216     0.000102284     0.000076496     6.13788E-005    4.37948E-005    3.07216E-005    
         149 1               0.3052          0.20272         0.15204         0.10136         0.07616         0.06076         0.0434          0.03052         0.02016         0.015176        0.010136        0.007616        0.006076        0.0043568       0.0030464       0.0020272       0.0015204       0.0010136       0.0007616       0.0006076       0.00043512      0.00030296      0.000152068     0.000101528     0.000075964     6.08608E-005    4.35512E-005    3.04668E-005    
         150 1               0.3024          0.20076         0.15092         0.1008          0.0756          0.06048         0.04312         0.03024         0.02016         0.015232        0.01008         0.00756         0.006048        0.0043092       0.0030212       0.0020132       0.0015092       0.001008        0.000756        0.0006048       0.00043176      0.00030128      0.000150948     0.000100772     0.000075432     6.03456E-005    4.32992E-005    3.01924E-005    
         151 1               0.30128         0.1988          0.15008         0.09996         0.07504         0.05992         0.04284         0.02996         0.01988         0.01498         0.009996        0.007504        0.005992        0.0042896       0.0030016       0.0019992       0.0015008       0.0009996       0.0007504       0.00059976      0.00042784      0.0002996       0.000149968     0.00009996      0.0000749       6.00544E-005    4.27364E-005    2.99572E-005    
         152 1               0.29736         0.19964         0.14896         0.0994          0.07448         0.05964         0.04256         0.02968         0.01988         0.015008        0.00994         0.007448        0.005964        0.00427         0.0029792       0.001988        0.0014896       0.000994        0.0007448       0.00059668      0.00042448      0.00029792      0.000149128     0.000099484     0.000074424     0.000059514     4.24592E-005    2.96688E-005    
         153 1               0.29624         0.1974          0.14812         0.09884         0.07392         0.05936         0.04228         0.02968         0.01988         0.014756        0.009884        0.007392        0.005936        0.0042224       0.002954        0.001974        0.0014812       0.0009884       0.0007392       0.00059276      0.0004228       0.00029624      0.000148204     0.000098728     0.00007392      5.92256E-005    4.21764E-005    2.96968E-005    
         154 1               0.29512         0.19628         0.14728         0.098           0.07364         0.0588          0.042           0.0294          0.0196          0.014812        0.0098          0.007364        0.00588         0.0042028       0.0029316       0.0019628       0.0014728       0.00098         0.0007364       0.0005894       0.00041916      0.00029456      0.000147168     0.000098        0.000073444     5.89848E-005    4.19216E-005    0.0000294       
         155 1               0.29372         0.19516         0.14616         0.09744         0.07308         0.05852         0.04172         0.02912         0.0196          0.014532        0.009744        0.007308        0.005852        0.0041804       0.0029372       0.0019516       0.0014616       0.0009744       0.0007308       0.00058548      0.00041776      0.00029288      0.0001463       0.000097496     0.000073192     5.84556E-005    0.000041678     2.91592E-005    
         156 1               0.29232         0.19404         0.1456          0.09688         0.0728          0.05824         0.04144         0.02912         0.019348        0.01456         0.009688        0.00728         0.005824        0.0041608       0.002912        0.0019404       0.001456        0.0009688       0.000728        0.00058184      0.00041692      0.0002912       0.000145516     0.00009702      0.000072688     5.82288E-005    4.14344E-005    0.000029176     
         157 1               0.28812         0.19292         0.14476         0.09632         0.07224         0.05796         0.04144         0.02884         0.019236        0.01456         0.009632        0.007224        0.005796        0.0041412       0.0028896       0.0019292       0.0014476       0.0009632       0.0007224       0.00057848      0.000413        0.00028924      0.000144676     0.000096488     0.000072408     5.79824E-005    0.000041454     2.89128E-005    
         158 1               0.28924         0.1918          0.14392         0.09604         0.07196         0.05768         0.04116         0.02884         0.019124        0.014308        0.009604        0.007196        0.005768        0.0041188       0.0028672       0.001918        0.0014392       0.0009604       0.0007196       0.00057708      0.0004116       0.00028728      0.000144004     0.000095956     0.000071848     5.74336E-005    0.000041174     2.86496E-005    
         159 1               0.28756         0.19096         0.14308         0.09548         0.07168         0.0574          0.04088         0.02856         0.019012        0.014336        0.009548        0.007168        0.00574         0.0040992       0.00287         0.0019096       0.0014308       0.0009548       0.0007168       0.00057372      0.00040824      0.0002856       0.000143108     0.000095424     0.000071596     5.71648E-005    4.08884E-005    0.00002863      
         160 1               0.28588         0.19012         0.14252         0.09492         0.0714          0.05712         0.0406          0.02856         0.019124        0.014336        0.009492        0.00714         0.005712        0.0040796       0.0028476       0.0019012       0.0014252       0.0009492       0.000714        0.00056924      0.00040684      0.00028588      0.000142576     0.000095144     0.000071344     5.68792E-005    4.06112E-005    2.83864E-005    
         161 1               0.2842          0.18928         0.14196         0.09464         0.07084         0.05684         0.0406          0.02828         0.018956        0.014056        0.009464        0.007084        0.005684        0.0040572       0.0028252       0.0018928       0.0014196       0.0009464       0.0007084       0.00056868      0.000406        0.00028392      0.000141848     0.000094668     0.000070868     5.66188E-005    4.06336E-005    2.83668E-005    
         162 1               0.28252         0.18844         0.1414          0.09408         0.07056         0.05656         0.04032         0.02828         0.018788        0.014056        0.009408        0.007056        0.005656        0.0040348       0.002828        0.0018844       0.001414        0.0009408       0.0007056       0.00056392      0.00040432      0.0002814       0.000141316     0.000094164     0.000070616     5.66356E-005    4.03816E-005    2.81344E-005    
         163 1               0.28056         0.1876          0.14084         0.0938          0.07028         0.05628         0.04032         0.02828         0.018648        0.014084        0.00938         0.007028        0.005628        0.0040124       0.0028056       0.001876        0.0014084       0.000938        0.0007028       0.00056252      0.0004032       0.00028224      0.000140616     0.000093716     0.000070392     5.63948E-005    4.01352E-005    2.81204E-005    
         164 1               0.2814          0.18704         0.14028         0.09352         0.07            0.056           0.04004         0.028           0.018788        0.014084        0.009352        0.007           0.0056          0.0039928       0.0028112       0.0018704       0.0014028       0.0009352       0.0007          0.00056084      0.00040124      0.00027972      0.000140168     0.000093492     0.00007014      5.61204E-005    0.000040138     2.81372E-005    
         165 1               0.27944         0.1862          0.13972         0.09324         0.06972         0.056           0.04004         0.028           0.018592        0.014084        0.009324        0.006972        0.0056          0.0039956       0.0027832       0.001862        0.0013972       0.0009324       0.0006972       0.00055832      0.00039956      0.00028028      0.000139552     0.00009324      0.00006986      5.58404E-005    3.98524E-005    0.000027846     
         166 1               0.27748         0.18564         0.13916         0.09268         0.06972         0.05572         0.03976         0.02772         0.018676        0.013804        0.009268        0.006972        0.005572        0.0039704       0.002786        0.0018564       0.0013916       0.0009268       0.0006972       0.0005572       0.0003976       0.00027776      0.000139216     0.000092708     0.000069608     0.000055552     3.98468E-005    0.000027846     
         167 1               0.27804         0.18508         0.13888         0.0924          0.06944         0.05544         0.03976         0.02772         0.018452        0.013804        0.00924         0.006944        0.005544        0.003976        0.0027636       0.0018508       0.0013888       0.000924        0.0006944       0.00055384      0.00039788      0.00027832      0.000138824     0.000092652     0.000069328     5.55352E-005    0.000039578     0.000027888     
         168 1               0.2758          0.18452         0.13832         0.0924          0.06916         0.05544         0.03948         0.02772         0.018536        0.013804        0.00924         0.006916        0.005544        0.0039508       0.0027664       0.0018452       0.0013832       0.000924        0.0006916       0.00055272      0.00039592      0.00027636      0.00013846      0.000092344     0.000069076     0.000055272     3.95976E-005    2.75828E-005    
         169 1               0.27664         0.18396         0.13804         0.09212         0.06888         0.05516         0.03948         0.02772         0.01834         0.013804        0.009212        0.006888        0.005516        0.0039508       0.0027692       0.0018396       0.0013804       0.0009212       0.0006888       0.0005516       0.00039312      0.00027636      0.000137928     0.000092036     0.000069104     5.53028E-005    3.93344E-005    2.76136E-005    
         170 1               0.27412         0.18368         0.13776         0.09184         0.06888         0.05516         0.03948         0.02744         0.018424        0.013804        0.009184        0.006888        0.005516        0.0039284       0.002744        0.0018368       0.0013776       0.0009184       0.0006888       0.00055076      0.00039396      0.00027468      0.000137732     0.000091756     0.000068908     0.00005509      3.93484E-005    0.000027552     
         171 1               0.27468         0.18312         0.13748         0.09156         0.0686          0.05488         0.0392          0.02744         0.0182          0.013804        0.009156        0.00686         0.005488        0.003934        0.002744        0.0018312       0.0013748       0.0009156       0.000686        0.0005502       0.00039396      0.00027468      0.00013734      0.000091532     0.0000686       0.000054824     3.93372E-005    0.000027608     
         172 1               0.27524         0.18284         0.1372          0.09156         0.0686          0.05488         0.0392          0.02744         0.018228        0.013804        0.009156        0.00686         0.005488        0.0039312       0.0027468       0.0018284       0.001372        0.0009156       0.000686        0.00054852      0.000392        0.00027524      0.00013706      0.000091364     0.000068628     5.48492E-005    3.93204E-005    2.73056E-005    
         173 1               0.27272         0.18256         0.13692         0.09128         0.06832         0.05488         0.0392          0.02744         0.018256        0.013804        0.009128        0.006832        0.005488        0.0039032       0.0027496       0.0018256       0.0013692       0.0009128       0.0006832       0.00054628      0.00038976      0.00027244      0.000137004     0.000091168     0.000068572     5.48044E-005    3.90488E-005    2.73616E-005    
         174 1               0.273           0.18228         0.13664         0.091           0.06832         0.0546          0.03892         0.02744         0.018284        0.013804        0.0091          0.006832        0.00546         0.0039088       0.0027216       0.0018228       0.0013664       0.00091         0.0006832       0.00054656      0.0003906       0.00027244      0.000136752     0.000091224     0.000068264     5.47512E-005    3.90712E-005    2.73784E-005    
         175 1               0.27328         0.182           0.13664         0.091           0.06832         0.0546          0.03892         0.02744         0.018088        0.013524        0.0091          0.006832        0.00546         0.0039088       0.0027216       0.00182         0.0013664       0.00091         0.0006832       0.00054572      0.00039144      0.00027244      0.000136612     0.000091        0.000068264     5.47064E-005    3.90908E-005    2.73364E-005    
         176 1               0.27356         0.18172         0.13636         0.091           0.06832         0.0546          0.03892         0.02716         0.018116        0.013524        0.0091          0.006832        0.00546         0.0039032       0.0027272       0.0018172       0.0013636       0.00091         0.0006832       0.00054684      0.00038892      0.00027188      0.000136472     0.000090944     0.000068292     5.46924E-005    3.90824E-005    2.73672E-005    
         177 1               0.27356         0.18172         0.13636         0.09072         0.06804         0.0546          0.03892         0.02716         0.018144        0.013524        0.009072        0.006804        0.00546         0.0038808       0.0027272       0.0018172       0.0013636       0.0009072       0.0006804       0.00054488      0.0003906       0.00027244      0.00013622      0.000090888     0.000068096     5.44824E-005    3.90432E-005    0.00002723      
         178 1               0.27356         0.18172         0.13608         0.09072         0.06804         0.0546          0.03892         0.02716         0.018116        0.013524        0.009072        0.006804        0.00546         0.0038864       0.0027244       0.0018172       0.0013608       0.0009072       0.0006804       0.00054432      0.00039004      0.0002716       0.000136248     0.000090804     0.000068152     5.44684E-005    3.89704E-005    2.73308E-005    
         179 1               0.27104         0.18144         0.13608         0.09072         0.06804         0.0546          0.03892         0.02716         0.01806         0.013524        0.009072        0.006804        0.00546         0.0039032       0.0027272       0.0018144       0.0013608       0.0009072       0.0006804       0.00054404      0.00038892      0.00027216      0.000136052     0.000090832     0.000068012     5.43704E-005    3.87996E-005    2.72384E-005    
         180 1               0.27104         0.18144         0.13608         0.09072         0.06804         0.05432         0.03892         0.02716         0.026           0.013524        0.009072        0.006804        0.005432        0.003892        0.0027328       0.0018144       0.0013608       0.0009072       0.0006804       0.00054488      0.00038864      0.000273        0.000136192     0.000090804     0.00006818      0.000054376     3.88892E-005    0.000027216     
