#  Energy   Elastic     Ionisation   ElectronicExc       Dissociation  VibrationalExc RotationalExc   Attachment      factor_gl
  0.100000001       2.26830745       0.00000000       0.00000000       0.00000000       0.00000000       45.5781403       0.00000000       7.57111982E-02
  0.150000006       2.28950667       0.00000000       0.00000000       0.00000000       0.00000000       33.7066269       0.00000000       7.57111982E-02
  0.200000003       2.28950667       0.00000000       0.00000000       0.00000000       0.00000000       27.1348934       0.00000000       7.57111982E-02
  0.300000012       2.48029876       0.00000000       0.00000000       0.00000000       0.00000000       19.8635883       0.00000000       7.57111982E-02
  0.400000006       2.45909977       0.00000000       0.00000000       0.00000000       0.00000000       15.8145552       0.00000000       7.57111982E-02
  0.500000000       2.41670156       0.00000000       0.00000000       0.00000000      0.170350194       13.2282610       0.00000000       7.57111982E-02
  0.699999988       2.37430310       0.00000000       0.00000000       0.00000000      0.143851280       10.0695896       0.00000000       7.57111982E-02
   1.00000000       2.26830745       0.00000000       0.00000000       0.00000000       6.58687428E-02   7.50449419       0.00000000       7.57111982E-02
   1.50000000       2.73936582       0.00000000       0.00000000       0.00000000       6.21408150E-02   7.01544905       0.00000000       9.94253010E-02
   2.00000000       3.06222034       0.00000000       0.00000000       0.00000000       6.29090741E-02   6.70707560       0.00000000      0.120978996    
   3.00000000       3.42459488       0.00000000       0.00000000       0.00000000       7.56371915E-02   6.30846405       0.00000000      0.160930201    
   4.00000000       3.59520006       0.00000000       0.00000000       0.00000000      0.107000008       6.10400009       2.00000009E-04  0.200000003    
   5.00000000       3.70816565       0.00000000       0.00000000       0.00000000      0.140786201       6.02660465       3.07820708E-04  0.238620698    
   7.00000000       4.07738161       0.00000000       6.34834403E-04   0.00000000      0.206095517       5.66958237       1.10419057E-02  0.300869375    
   10.0000000       4.49418736       0.00000000       4.12623351E-03   0.00000000      0.191169515       5.22555256       1.58613909E-03  0.378553510    
   15.0000000       4.82340145       6.41769096E-02   3.97124775E-02  0.140658423      0.154410601       4.66127014       4.82533185E-04  0.482533157    
   20.0000000       4.68691683      0.255589306      0.133467004      0.476699680      0.100100257       4.15749693       5.56112558E-04  0.556112528    
   30.0000000       4.11046076      0.721921206      0.203928813       1.21307743       5.31410538E-02   3.45948291       0.00000000      0.664263189    
   40.0000000       3.83775282       1.15806544      0.296085536       1.30224621       3.40763405E-02   3.05324006       0.00000000      0.757251978    
   50.0000000       3.66958046       1.56427622      0.282275409       1.28200090       2.41950359E-02   2.77570820       0.00000000      0.840105414    
   70.0000000       3.27962184       2.02860475      0.252205938       1.10460532       1.38854962E-02   2.30631495       0.00000000      0.944591582    
   100.000000       2.70395827       2.29073787      0.207006335      0.719272733       7.13131856E-03   1.75271964       0.00000000      0.990460932    
   150.000000       2.07023025       2.15975380      0.125791326      0.478492081       0.00000000       1.22535241       0.00000000      0.999145806    
   200.000000       1.70775211       1.94011855       8.36590230E-02  0.392271906       0.00000000      0.943463087       0.00000000      0.999854922    
   300.000000       1.30198681       1.60718369       4.53662947E-02  0.293430269       0.00000000      0.652393341       0.00000000      0.999989808    
   400.000000       1.06959844       1.36639810       2.85550598E-02  0.240244552       0.00000000      0.501199305       0.00000000      0.999998569    
   500.000000      0.915599704       1.20119965       1.98815074E-02  0.201318428       0.00000000      0.408799887       0.00000000      0.999999702    
   700.000000      0.722400010      0.926800013       1.07923299E-02  0.193607673       0.00000000      0.299600005       0.00000000       1.00000000    
   1000.00000      0.554400027      0.711199999       5.70488861E-03  0.159495115       0.00000000      0.215880007       0.00000000       1.00000000    
   1500.00000      0.395999998      0.512399971       2.69059185E-03  0.114909410       0.00000000      0.147000000       0.00000000       1.00000000    
   2000.00000      0.319200009      0.405999988       1.57834811E-03   9.92216542E-02   0.00000000      0.113679998       0.00000000       1.00000000    
   3000.00000      0.227640003      0.294000000       7.48182123E-04   6.64518178E-02   0.00000000       7.81200007E-02   0.00000000       1.00000000    
   4000.00000      0.174999997      0.236599997       4.45772021E-04   3.89542282E-02   0.00000000       5.97999990E-02   0.00000000       1.00000000    
   5000.00000      0.146439999      0.196559995       2.93306366E-04   3.49866934E-02   0.00000000       4.87199984E-02   0.00000000       1.00000000    
   7000.00000      0.108999997      0.137999997       1.44899997E-04   3.38550992E-02   0.00000000       3.57000008E-02   0.00000000       1.00000000    
   10000.0000       7.95200020E-02  0.103000000       7.44999998E-05   2.15255003E-02   0.00000000       2.54800003E-02   0.00000000       1.00000000    
   15000.0000       5.18050008E-02   7.28420019E-02   2.82399997E-05   8.41178466E-03   0.00000000       1.79629754E-02   0.00000000       1.00000000    
   20000.0000       3.96456011E-02   5.71767986E-02   2.01599996E-05   6.49853237E-03   0.00000000       1.40999071E-02   0.00000000       1.00000000    
   30000.0000       2.75606997E-02   4.08842005E-02   1.30400003E-05   4.22593858E-03   0.00000000       1.00821210E-02   0.00000000       1.00000000    
   40000.0000       2.11667791E-02   3.24195996E-02   1.05600002E-05   3.34392511E-03   0.00000000       7.99473468E-03   0.00000000       1.00000000    
   50000.0000       1.74351800E-02   2.72170007E-02   8.63999958E-06   2.72881612E-03   0.00000000       6.71176380E-03   0.00000000       1.00000000    
   70000.0000       1.31000001E-02   2.11999994E-02   6.88000000E-06   1.76515977E-03   0.00000000       5.22796018E-03   0.00000000       1.00000000    
   100000.000       9.91704036E-03   1.64454002E-02   4.47999992E-06   1.44501310E-03   0.00000000       4.05546697E-03   0.00000000       1.00000000    
   150000.000       7.44746020E-03   1.27352001E-02   3.28000010E-06   9.92135494E-04   0.00000000       3.14052450E-03   0.00000000       1.00000000    
   200000.000       6.21677982E-03   1.08671999E-02   2.15999989E-06   7.76187808E-04   0.00000000       2.67987209E-03   0.00000000       1.00000000    
   300000.000       4.99188015E-03   9.02070012E-03   1.67999997E-06   5.70418255E-04   0.00000000       2.22452171E-03   0.00000000       1.00000000    
   400000.000       4.35594004E-03   8.12759995E-03   1.39999997E-06   4.79178387E-04   0.00000000       2.00428162E-03   0.00000000       1.00000000    
   500000.000       3.97090008E-03   7.61634018E-03   1.33599997E-06   4.30920074E-04   0.00000000       1.87820394E-03   0.00000000       1.00000000    
   700000.000       3.52000003E-03   7.12999981E-03   1.16000001E-06   3.50568444E-04   0.00000000       1.75827160E-03   0.00000000       1.00000000    
   1000000.00       3.15582007E-03   6.72364002E-03   1.11999998E-06   3.69657588E-04   0.00000000       1.65806245E-03   0.00000000       1.00000000    
   1500000.00       2.86457990E-03   6.52098004E-03   1.05599997E-06   3.46797955E-04   0.00000000       1.60808605E-03   0.00000000       1.00000000    
   2000000.00       2.70825997E-03   6.45072013E-03   9.51999994E-07   3.15808196E-04   0.00000000       1.59075984E-03   0.00000000       1.00000000    
   3000000.00       2.55345996E-03   6.39847992E-03   8.32000012E-07   2.81550689E-04   0.00000000       1.57787732E-03   0.00000000       1.00000000    
   4000000.00       2.47359998E-03   6.36195997E-03   7.68000007E-07   2.62600573E-04   0.00000000       1.56887143E-03   0.00000000       1.00000000    
