# 1
# 1e9
# 1
# 360.
# 36
  6.2   1.099999E+01
  6.4   6.200000E+01
  6.6   1.080000E+02
  6.8   1.589999E+02
  7.0   2.160000E+02
  7.2   2.720000E+02
  7.4   3.223333E+02
  7.6   2.610000E+02
  7.8   2.163333E+02
  8.0   2.009999E+02
  8.2   1.556666E+02
  8.4   1.333333E+02
  8.6   1.480000E+02
  8.8   2.189999E+02
  9.0   2.589999E+02
  9.2   3.523333E+02
  9.4   4.090000E+02
  9.6   4.503333E+02
  9.8   5.109999E+02
 10.0   5.220000E+02
 10.2   5.219999E+02
 10.4   4.950082E+02
 10.6   4.600219E+02
 10.8   4.250356E+02
 11.0   3.900493E+02
 11.2   3.550630E+02
 11.4   3.200767E+02
 11.6   2.850904E+02
 11.8   2.501041E+02
 12.0   2.151178E+02
 12.2   1.801315E+02
 12.4   1.451452E+02
 12.6   1.101589E+02
 12.8   7.517267E+01
 13.0   4.018638E+01
 13.2   5.200085E+00
