  -15.2087994       1.00000001E-10
  -15.1703987       1.00000001E-10
  -15.1320000       1.00000001E-10
  -15.0935993       3.86097445E-03
  -15.0551996       1.32387877E-02
  -15.0167999       2.55932510E-02
  -14.9784012       3.67330983E-02
  -14.9400005       4.48008850E-02
  -14.9015999       3.80088091E-02
  -14.8631992       2.07914487E-02
  -14.8248005       1.98642313E-02
  -14.7863998       1.17014926E-02
  -14.7480001       3.54223332E-04
  -14.7096004       3.04336631E-04
  -14.6711998       1.00000001E-10
  -14.6327991       1.00000001E-10
  -14.5944004       1.00000001E-10
  -14.5559998       1.00000001E-10
  -14.5176010       1.00000001E-10
  -14.4792004       1.00000001E-10
  -14.4407997       3.67027288E-03
  -14.4023991       1.00000001E-10
  -14.3639994       2.35194201E-03
  -14.3255997       1.30919069E-02
  -14.2872000       1.35209467E-02
  -14.2488003       3.21340631E-04
  -14.2104006       6.12726319E-04
  -14.1720009       1.54541247E-02
  -14.1335993       1.01570180E-02
  -14.0951996       1.31864639E-04
  -14.0567999       1.00000001E-10
  -14.0184002       4.90512874E-04
  -13.9799995       7.30204629E-04
  -13.9415998       1.00000001E-10
  -13.9032001       1.00000001E-10
  -13.8647995       1.00000001E-10
  -13.8263998       4.69046086E-03
  -13.7880001       1.00000001E-10
  -13.7496004       1.00000001E-10
  -13.7111998       1.13354204E-03
  -13.6728001       3.61078256E-03
  -13.6343994       6.29001623E-03
  -13.5960007       1.27091557E-02
  -13.5576000       1.94366872E-02
  -13.5191994       1.28415059E-02
  -13.4808006       1.29103232E-02
  -13.4424000       4.14040592E-03
  -13.4040012       3.81948473E-03
  -13.3656006       1.49697775E-03
  -13.3272009       1.08122826E-03
  -13.2888012       3.88167845E-03
  -13.2504005       5.04190940E-03
  -13.2120008       8.96048616E-04
  -13.1735992       2.64618406E-03
  -13.1351995       2.27692118E-03
  -13.0967999       8.36334308E-04
  -13.0584002       1.00000001E-10
  -13.0199995       1.00000001E-10
  -12.9815998       1.00000001E-10
  -12.9431992       1.00000001E-10
  -12.9047995       1.00000001E-10
  -12.8663998       1.00000001E-10
  -12.8279991       1.00000001E-10
  -12.7896004       1.00000001E-10
  -12.7511997       1.00000001E-10
  -12.7128000       1.00698706E-03
  -12.6743994       9.12720896E-03
  -12.6359997       2.62717195E-02
  -12.5976000       2.32748035E-02
  -12.5591993       2.93874778E-02
  -12.5208006       2.98758447E-02
  -12.4823990       3.09494697E-02
  -12.4440002       3.17374580E-02
  -12.4055996       2.06000134E-02
  -12.3671989       1.34679787E-02
  -12.3288002       7.15168472E-03
  -12.2903996       3.42274579E-05
  -12.2519989       1.00000001E-10
  -12.2136002       1.00000001E-10
  -12.1751995       1.00000001E-10
  -12.1367998       1.00000001E-10
  -12.0983992       1.59431458E-03
  -12.0600004       9.74847749E-03
  -12.0215998       7.57577457E-03
  -11.9832001       6.32729614E-04
  -11.9447994       1.39205465E-02
  -11.9064007       2.79524364E-02
  -11.8680000       2.04008445E-02
  -11.8296013       1.71946436E-02
  -11.7912016       3.08436975E-02
  -11.7528009       3.44818607E-02
  -11.7144012       1.64478868E-02
  -11.6759996       9.19616222E-03
  -11.6375999       1.33533007E-03
  -11.5992012       1.00000001E-10
  -11.5607996       1.00000001E-10
  -11.5224009       1.00000001E-10
  -11.4839993       2.73160939E-03
  -11.4456005       2.82991398E-03
  -11.4071999       5.23079839E-03
  -11.3688002       6.50383998E-03
  -11.3303995       2.16025207E-02
  -11.2919998       1.04074767E-02
  -11.2535992       1.00000001E-10
  -11.2151985       4.80980962E-04
  -11.1767998       1.67559623E-03
  -11.1383991       1.06012486E-02
  -11.0999985       3.47424997E-03
  -11.0615997       1.68767869E-02
  -11.0231991       3.95283848E-02
  -10.9847994       3.81012857E-02
  -10.9463997       2.08775718E-02
  -10.9080009       1.84956361E-02
  -10.8696003       1.07112452E-02
  -10.8312016       2.98250210E-03
  -10.7928009       1.00000001E-10
  -10.7544003       1.00000001E-10
  -10.7159996       1.00000001E-10
  -10.6776009       1.00000001E-10
  -10.6392002       1.00000001E-10
  -10.6007996       1.00000001E-10
  -10.5624008       1.00000001E-10
  -10.5240002       1.00000001E-10
  -10.4856005       6.61902479E-04
  -10.4472008       9.27571766E-03
  -10.4088001       2.11658888E-02
  -10.3703995       2.27458328E-02
  -10.3319998       1.73084699E-02
  -10.2936001       2.02130862E-02
  -10.2551994       6.84141647E-03
  -10.2167997       2.40811528E-06
  -10.1784000       6.44965272E-04
  -10.1399994       4.84076515E-03
  -10.1015997       3.52182455E-04
  -10.0632000       1.00000001E-10
  -10.0248003       1.00000001E-10
  -9.98640060       1.00000001E-10
  -9.94799995       1.00000001E-10
  -9.90960121       1.00000001E-10
  -9.87120056       1.00000001E-10
  -9.83279991       1.00000001E-10
  -9.79439926       1.00000001E-10
  -9.75600052       1.00000001E-10
  -9.71759987       6.57033990E-04
  -9.67920017       1.00000001E-10
  -9.64080048       3.78789427E-03
  -9.60239983       7.43358163E-03
  -9.56399918       1.00000001E-10
  -9.52560043       2.41808873E-03
  -9.48719978       1.14091393E-03
  -9.44880104       1.33417752E-02
  -9.41040039       1.72206257E-02
  -9.37200069       1.30856894E-02
  -9.33360100       2.53895484E-02
  -9.29520035       2.02120636E-02
  -9.25679970       1.08631141E-02
  -9.21839905       5.01299417E-03
  -9.18000031       3.55632300E-03
  -9.14159966       2.76415818E-03
  -9.10319901       4.67313267E-03
  -9.06480026       6.96929451E-03
  -9.02639961       1.00000001E-10
  -8.98799992       4.74681932E-04
  -8.94960022       1.00000001E-10
  -8.91120052       1.00000001E-10
  -8.87280083       1.00000001E-10
  -8.83440018       1.00000001E-10
  -8.79599953       1.00000001E-10
  -8.75759983       1.00000001E-10
  -8.71920013       1.00000001E-10
  -8.68080044       2.19298290E-05
  -8.64239979       1.00000001E-10
  -8.60400009       1.16587873E-03
  -8.56559944       1.00000001E-10
  -8.52720070       5.27536403E-03
  -8.48880005       2.06518937E-02
  -8.45040035       1.56599712E-02
  -8.41200066       1.15093663E-02
  -8.37360001       1.94957033E-02
  -8.33520031       2.64694504E-02
  -8.29680061       2.40764171E-02
  -8.25839996       1.20667797E-02
  -8.22000027       1.00000001E-10
  -8.18160057       1.28942495E-03
  -8.14319992       5.36692212E-04
  -8.10480022       9.46021974E-05
  -8.06640053       1.00000001E-10
  -8.02800083       1.00000001E-10
  -7.98960066       2.41242885E-03
  -7.95120001       4.37566498E-03
  -7.91280079       1.00000001E-10
  -7.87440014       1.00000001E-10
  -7.83600044       1.00000001E-10
  -7.79760027       1.00000001E-10
  -7.75920010       1.00000001E-10
  -7.72080088       1.00000001E-10
  -7.68240070       1.00000001E-10
  -7.64400005       1.00000001E-10
  -7.60559988       1.00000001E-10
  -7.56719971       1.29853259E-03
  -7.52880001       9.14202631E-03
  -7.49039984       2.28141434E-02
  -7.45200014       2.42498964E-02
  -7.41360044       8.36818852E-03
  -7.37520027       9.96560510E-03
  -7.33680058       9.82368458E-03
  -7.29840040       1.74867141E-03
  -7.26000023       6.86217245E-05
  -7.22160006       5.06711076E-04
  -7.18319941       1.21540241E-02
  -7.14479923       1.60997137E-02
  -7.10639954       1.83706917E-02
  -7.06799984       2.85939462E-02
  -7.02960014       3.26767452E-02
  -6.99119997       4.02496234E-02
  -6.95280027       4.48623896E-02
  -6.91440010       4.25336175E-02
  -6.87600040       4.18068320E-02
  -6.83760023       3.05552240E-02
  -6.79920006       2.21613739E-02
  -6.76080036       1.16959196E-02
  -6.72240019       1.51967048E-03
  -6.68400002       1.00000001E-10
  -6.64559937       1.00000001E-10
  -6.60719967       1.00000001E-10
  -6.56879997       1.82752701E-04
  -6.53039980       8.65473819E-04
  -6.49200010       2.65473360E-03
  -6.45360041       1.00000001E-10
  -6.41520023       1.00000001E-10
  -6.37680054       1.00000001E-10
  -6.33840084       1.00000001E-10
  -6.30000019       1.00000001E-10
  -6.26159954       1.00000001E-10
  -6.22319984       1.00000001E-10
  -6.18479967       1.00000001E-10
  -6.14639950       1.00000001E-10
  -6.10799980       1.00000001E-10
  -6.06960011       1.00000001E-10
  -6.03119993       1.00000001E-10
  -5.99279976       1.00000001E-10
  -5.95440006       1.00000001E-10
  -5.91600037       1.00000001E-10
  -5.87760019       3.81542929E-03
  -5.83920050       5.60040679E-03
  -5.80080032       3.45658069E-03
  -5.76239967       3.29677342E-03
  -5.72399998       7.67158996E-03
  -5.68559980       1.48074152E-02
  -5.64719963       4.17936081E-03
  -5.60879993       1.00000001E-10
  -5.57039976       1.00000001E-10
  -5.53200006       1.09327794E-03
  -5.49359989       3.24815046E-03
  -5.45520020       1.00000001E-10
  -5.41680050       4.71651554E-03
  -5.37840033       1.34193804E-02
  -5.34000063       1.85857527E-02
  -5.30160093       7.04447506E-03
  -5.26320028       5.05337957E-03
  -5.22479963       9.07802116E-03
  -5.18639946       5.56396972E-03
  -5.14799976       2.35803207E-04
  -5.10960007       1.00000001E-10
  -5.07119989       1.00000001E-10
  -5.03280020       1.00000001E-10
  -4.99440002       1.00000001E-10
  -4.95600033       1.00000001E-10
  -4.91760063       1.00000001E-10
  -4.87920094       1.00000001E-10
  -4.84080076       1.00000001E-10
  -4.80240011       1.00000001E-10
  -4.76399994       1.68282038E-03
  -4.72559977       2.79829744E-03
  -4.68719959       1.00134229E-02
  -4.64879990       1.37158176E-02
  -4.61039972       1.03249429E-02
  -4.57200003       7.65735842E-03
  -4.53360033       1.25759318E-02
  -4.49520016       2.17153579E-02
  -4.45680046       2.23173015E-02
  -4.41840029       1.84933040E-02
  -4.38000011       3.04177664E-02
  -4.34159994       2.44201329E-02
  -4.30319929       3.03400941E-02
  -4.26479959       1.03776939E-02
  -4.22639942       1.08627556E-03
  -4.18799973       1.00000001E-10
  -4.14959955       1.00000001E-10
  -4.11119986       6.07779063E-03
  -4.07280016       4.02766466E-03
  -4.03439999       2.29277462E-02
  -3.99600005       3.52837183E-02
  -3.95760012       4.36567105E-02
  -3.91920042       3.90378498E-02
  -3.88080001       6.46077143E-03
  -3.84239960       1.00000001E-10
  -3.80399966       1.00000001E-10
  -3.76559973       1.00000001E-10
  -3.72719979       1.00000001E-10
  -3.68879986       1.00000001E-10
  -3.65039992       1.00000001E-10
  -3.61199999       1.00000001E-10
  -3.57359982       3.26899532E-03
  -3.53519988       7.23971147E-03
  -3.49680018       3.04646417E-02
  -3.45840025       3.71749215E-02
  -3.42000008       4.47351970E-02
  -3.38159990       3.32507603E-02
  -3.34320021       2.31539775E-02
  -3.30479980       1.06423665E-02
  -3.26639986       4.95927315E-03
  -3.22799993       1.00000001E-10
  -3.18959999       1.00000001E-10
  -3.15119982       1.00000001E-10
  -3.11279964       1.00000001E-10
  -3.07439995       3.81786353E-03
  -3.03600001       1.13827940E-02
  -2.99760008       1.75983142E-02
  -2.95919991       1.62545014E-02
  -2.92080021       9.15571675E-03
  -2.88240004       1.34693622E-03
  -2.84399986       3.41177074E-04
  -2.80559969       1.00000001E-10
  -2.76719999       1.00000001E-10
  -2.72880030       1.00000001E-10
  -2.69040012       5.84070804E-04
  -2.65199995       6.44937716E-03
  -2.61359978       5.93452482E-03
  -2.57520008       4.32755752E-03
  -2.53680015       1.41340587E-02
  -2.49840021       8.57720897E-03
  -2.46000004       2.57623295E-04
  -2.42159986       1.00000001E-10
  -2.38320017       1.00000001E-10
  -2.34480000       1.00000001E-10
  -2.30640006       1.00000001E-10
  -2.26800013       1.00000001E-10
  -2.22959995       1.00000001E-10
  -2.19119978       1.00000001E-10
  -2.15280008       1.00000001E-10
  -2.11439991       1.00000001E-10
  -2.07599998       1.00000001E-10
  -2.03760004       1.00000001E-10
  -1.99920011       1.00000001E-10
  -1.96079993       1.00000001E-10
  -1.92239988       1.00000001E-10
  -1.88400006       1.00000001E-10
  -1.84559989       6.80944941E-04
  -1.80719995       5.50771737E-03
  -1.76880014       1.54767223E-02
  -1.73040009       3.03101595E-02
  -1.69199991       3.27787101E-02
  -1.65359998       2.48766989E-02
  -1.61520004       1.72786787E-02
  -1.57679999       1.79750416E-02
  -1.53839993       4.07298328E-03
  -1.50000000       1.00000001E-10
  -1.46159983       1.00000001E-10
  -1.42320001       1.00000001E-10
  -1.38479996       1.00000001E-10
  -1.34640002       1.00000001E-10
  -1.30800009       1.00000001E-10
  -1.26959991       2.38851085E-03
  -1.23119998       1.85991265E-02
  -1.19280005       2.78133303E-02
  -1.15439999       3.16213518E-02
  -1.11599994       1.46216899E-02
  -1.07760000       1.48744127E-02
  -1.03920007       1.46620278E-03
  -1.00080001       2.23894196E-04
 -0.962400079       1.00000001E-10
 -0.924000025       1.00000001E-10
 -0.885599971       1.00000001E-10
 -0.847199976       2.18193600E-04
 -0.808799982       1.94953918E-03
 -0.770399928       1.81810150E-03
 -0.731999993       4.03299433E-04
 -0.693599939       6.11616392E-03
 -0.655200005       5.97512536E-03
 -0.616800010       1.13805514E-02
 -0.578400016       1.33699551E-02
 -0.539999962       7.72497617E-03
 -0.501600027       1.51077583E-02
 -0.463199973       1.84445453E-04
 -0.424799979       1.20613584E-03
 -0.386399984       3.07853305E-04
 -0.347999990       1.00000001E-10
 -0.309599996       1.02582225E-03
 -0.271200001       2.25361343E-03
 -0.232800037       1.83519311E-02
 -0.194400012       2.69188974E-02
 -0.155999988       1.60218775E-02
 -0.117599979       2.93260664E-02
  -7.92000145E-02   2.93332357E-02
  -4.08000052E-02   3.24912369E-02
  -2.40000570E-03   2.41571572E-02
   3.59999985E-02   4.79837414E-03
   7.43999928E-02   4.86439234E-03
  0.112800002       8.15888681E-03
  0.151199996       3.73505615E-03
  0.189599991       2.17535577E-04
  0.228000000       8.33321465E-05
  0.266399980       2.94022076E-03
  0.304799974       1.45828221E-02
  0.343199998       1.53458351E-03
  0.381600022       1.00000001E-10
  0.420000017       1.00000001E-10
  0.458400011       1.00000001E-10
  0.496800005       1.00000001E-10
  0.535200000       1.00000001E-10
  0.573599994       1.07850954E-02
  0.611999989       4.05769497E-02
  0.650400043       4.90349233E-02
  0.688799977       4.75955531E-02
  0.727200031       4.79985811E-02
  0.765599966       3.86901274E-02
  0.804000020       3.56214754E-02
  0.842399955       2.20408738E-02
  0.880800009       2.27722265E-02
  0.919200003       2.72788517E-02
  0.957599998       3.09020765E-02
  0.995999992       4.85582575E-02
   1.03439999       7.13343397E-02
   1.07279992      0.102252290    
   1.11119986      0.102253839    
   1.14960003      0.132386833    
   1.18799996      0.156877562    
   1.22639990      0.182158172    
   1.26480007      0.207081541    
   1.30320001      0.230397671    
   1.34159994      0.291411638    
   1.38000011      0.342916280    
   1.41840005      0.399196982    
   1.45679998      0.460847020    
   1.49520004      0.512141109    
   1.53360009      0.554506838    
   1.57200003      0.598771453    
   1.61039996      0.646589875    
   1.64879990      0.719847620    
   1.68720007      0.786281109    
   1.72560000      0.887774467    
   1.76400006       1.03790855    
   1.80239999       1.19120979    
   1.84080005       1.34786153    
   1.87919998       1.48728776    
   1.91759992       1.63633418    
   1.95599985       1.75830102    
   1.99439991       1.83194208    
   2.03279972       1.86473739    
   2.07119989       1.85509348    
   2.10960007       1.81175351    
   2.14800024       1.72436285    
   2.18639994       1.58681560    
   2.22480011       1.43051589    
   2.26319981       1.25282395    
   2.30159998       1.07351518    
   2.34000015      0.893914461    
   2.37840033      0.719243050    
   2.41680002      0.571722507    
   2.45519996      0.441087365    
   2.49359989      0.333686292    
   2.53200006      0.245736077    
   2.57040000      0.181364059    
   2.60880017      0.132242888    
   2.64720011       9.47108492E-02
   2.68560004       6.79248050E-02
   2.72399998       5.05950153E-02
   2.76240015       3.71170789E-02
   2.80080009       2.78002173E-02
   2.83920002       2.03189068E-02
   2.87759995       1.51810460E-02
   2.91599989       1.11927791E-02
   2.95440006       7.72499107E-03
   2.99280000       5.19989012E-03
   3.03119993       2.61787418E-03
   3.06960011       1.99089060E-03
   3.10800004       1.12876901E-03
   3.14639997       9.89913940E-04
   3.18480015       1.67991640E-03
   3.22320008       1.94442761E-03
   3.26160002       2.30873120E-03
   3.29999995       2.14973465E-03
   3.33839989       1.62864686E-03
   3.37680006       9.65957646E-04
   3.41520000       5.76400780E-04
   3.45359993       1.00000001E-10
   3.49199986       2.04468506E-05
   3.53039980       6.86733074E-07
   3.56879950       9.42231127E-05
   3.60719967       7.67440768E-04
   3.64560032       6.04705769E-04
   3.68400049       5.56106563E-04
   3.72240019       6.27212517E-04
   3.76080012       7.28607847E-05
   3.79920006       1.22451820E-04
   3.83759999       1.00000001E-10
   3.87599993       1.00000001E-10
   3.91440010       1.00000001E-10
