4.1952	0
4.1904	0.88367394
4.1856	0.07242979
4.1808	1.03268108
4.176	0
4.1712	0.36214895
4.1664	0.44702142
4.1616	0
4.1568	0
4.152	0.66638457
4.1472	0.14485958
4.1424	0
4.1376	0.44287386
4.1328	0.37251785
4.128	0
4.1232	0.81953927
4.1184	0
4.1136	0.8878215
4.1088	0
4.104	1.25619179
4.0992	0.67053213
4.0944	0.96025129
4.0896	0.44702142
4.0848	0.07450357
4.08	0.14485958
4.0752	0.95817751
4.0704	0.37251785
4.0656	0.52152499
4.0608	0.52152499
4.056	0.21728937
4.0512	0.28971916
4.0464	0.96025129
4.0416	0
4.0368	0.88574772
4.032	0.21728937
4.0272	0.81953927
4.0224	0.36214895
4.0176	0.07450357
4.0128	0.67053213
4.008	0
4.0032	0.88367394
3.9984	0
3.9936	0.74296192
3.9888	0
3.984	0
3.9792	0.07242979
3.9744	0.81539171
3.9696	0.59602856
3.9648	0.59602856
3.96	0.07242979
3.9552	0.07450357
3.9504	0.21728937
3.9456	0.74296192
3.9408	0
3.936	0.07450357
3.9312	0.52152499
3.9264	0.52152499
3.9216	0.14485958
3.9168	0.80917037
3.912	0.21728937
3.9072	0.74296192
3.9024	0
3.8976	0.21728937
3.8928	0
3.888	0.59602856
3.8832	0.21728937
3.8784	0.66638457
3.8736	0.22351071
3.8688	0.28971916
3.864	0
3.8592	0.81331793
3.8544	0
3.8496	0.44702142
3.8448	0.52152499
3.84	0.73881436
3.8352	0.58980722
3.8304	0.51737743
3.8256	0.21728937
3.8208	0.07242979
3.816	0.37251785
3.8112	0.07242979
3.8064	0.95817751
3.8016	0.67053213
3.7968	0.67053213
3.792	0.58980722
3.7872	0.07242979
3.7824	0
3.7776	0.29386672
3.7728	0.81331793
3.768	0
3.7632	0.59602856
3.7584	0.14485958
3.7536	0
3.7488	0.7450357
3.744	0
3.7392	0.14900714
3.7344	0.07242979
3.7296	0.14485958
3.7248	0.67053213
3.72	0
3.7152	0.89196906
3.7104	0.67053213
3.7056	0
3.7008	0.52152499
3.696	0
3.6912	0.66845835
3.6864	0
3.6816	0.52152499
3.6768	0
3.672	0.88574772
3.6672	0.07242979
3.6624	0
3.6576	0.59395478
3.6528	0.14485958
3.648	0
3.6432	0.59602856
3.6384	0
3.6336	0.59395478
3.6288	0
3.624	0
3.6192	0.81331793
3.6144	0.14485958
3.6096	0.73881436
3.6048	0.36214895
3.6	0.52152499
3.5952	0.67053213
3.5904	0.59602856
3.5856	1.18790956
3.5808	0.66638457
3.576	0.59602856
3.5712	0.52152499
3.5664	0.14485958
3.5616	0.21728937
3.5568	0.52152499
3.552	0
3.5472	0.81331793
3.5424	0.14485958
3.5376	0.07450357
3.5328	0.52152499
3.528	0
3.5232	0.59602856
3.5184	0.59602856
3.5136	0.28971916
3.5088	0
3.504	0.07450357
3.4992	1.0306073
3.4944	0.44702142
3.4896	1.0306073
3.4848	0.14900714
3.48	0.44702142
3.4752	0.51737743
3.4704	0.21728937
3.4656	0.28971916
3.4608	0.44702142
3.456	0
3.4512	0.43457874
3.4464	0.50700853
3.4416	0
3.4368	0.51530365
3.432	0
3.4272	0.21728937
3.4224	0.37251785
3.4176	0
3.4128	0
3.408	0.29801428
3.4032	0.52152499
3.3984	0.66016323
3.3936	0.07242979
3.3888	0.07242979
3.384	0.58980722
3.3792	0.52152499
3.3744	0
3.3696	0.52152499
3.3648	0.29801428
3.36	0.7450357
3.3552	0.44702142
3.3504	0.87952638
3.3456	0
3.3408	0.52152499
3.336	0.37251785
3.3312	0.14485958
3.3264	0.43457874
3.3216	0.44702142
3.3168	0.29801428
3.312	0
3.3072	0.22351071
3.3024	0.44080008
3.2976	0.2959405
3.2928	0.52152499
3.288	0.22351071
3.2832	0.51737743
3.2784	0
3.2736	0.52152499
3.2688	0.66638457
3.264	0.52152499
3.2592	0.14485958
3.2544	0.67053213
3.2496	0.66638457
3.2448	0.88367394
3.24	0.88367394
3.2352	0.37251785
3.2304	0.21728937
3.2256	0
3.2208	0.59395478
3.216	0.88574772
3.2112	0.21728937
3.2064	0.14485958
3.2016	0.59602856
3.1968	0.28971916
3.192	0.59395478
3.1872	0.74296192
3.1824	0.59602856
3.1776	0.22351071
3.1728	0.591881
3.168	0.52152499
3.1632	0.37251785
3.1584	0
3.1536	0.07450357
3.1488	0.88989528
3.144	0.58980722
3.1392	1.39897759
3.1344	0
3.1296	0.66223701
3.1248	0.59602856
3.12	0.67053213
3.1152	0.43457874
3.1104	0
3.1056	0.43457874
3.1008	0.67053213
3.096	0.50908231
3.0912	0
3.0864	0.67053213
3.0816	0.67053213
3.0768	0.07242979
3.072	0.07242979
3.0672	0.21936315
3.0624	0.59395478
3.0576	0.4387263
3.0528	0.96025129
3.048	0.74088814
3.0432	0
3.0384	0.14693336
3.0336	1.03682864
3.0288	0.14485958
3.024	0
3.0192	0.67053213
3.0144	0.43665252
3.0096	0.95817751
3.0048	1.10718465
3	0.21728937
2.9952	0.22143693
2.9904	0.74296192
2.9856	0.28971916
2.9808	0.66431079
2.976	0.07450357
2.9712	0.4387263
2.9664	1.10303709
2.9616	0.22143693
2.9568	0
2.952	1.02438596
2.9472	1.10511087
2.9424	0.29179294
2.9376	0.14485958
2.9328	0.89196906
2.928	0.07242979
2.9232	0.66845835
2.9184	0.14900714
2.9136	0.22351071
2.9088	0.21936315
2.904	0.74088814
2.8992	0.43457874
2.8944	0.81124415
2.8896	0.96025129
2.8848	0.44494764
2.88	0.96647263
2.8752	1.47348116
2.8704	1.17961444
2.8656	0.14900714
2.8608	0.36837029
2.856	0.74296192
2.8512	1.17754066
2.8464	0.21936315
2.8416	0.37044407
2.8368	0.67053213
2.832	0.36837029
2.8272	1.24997045
2.8224	0.8878215
2.8176	0.74088814
2.8128	0.58358588
2.808	0.58358588
2.8032	0.52152499
2.7984	0.51530365
2.7936	1.17131932
2.7888	1.26448691
2.784	1.69491809
2.7792	1.03890242
2.7744	0.95610373
2.7696	1.76112654
2.7648	1.77356922
2.76	1.69284431
2.7552	1.6224883
2.7504	1.09681575
2.7456	1.10303709
2.7408	1.70528699
2.736	1.55420607
2.7312	1.55005851
2.7264	0.87952638
2.7216	0.58565966
2.7168	1.10096331
2.712	1.1733931
2.7072	1.47348116
2.7024	1.48177628
2.6976	2.50408846
2.6928	1.92050258
2.688	2.13364439
2.6832	0.65601567
2.6784	1.83977767
2.6736	1.40105137
2.6688	2.07365728
2.664	2.43165867
2.6592	1.69699187
2.6544	1.10096331
2.6496	2.64065292
2.6448	3.1021908
2.64	1.6328572
2.6352	1.47140738
2.6304	1.98463725
2.6256	3.45604463
2.6208	2.9282983
2.616	2.72759917
2.6112	2.65516938
2.6064	3.5409171
2.6016	2.20814796
2.5968	2.71308271
2.592	2.5103098
2.5872	2.7958814
2.5824	3.38568862
2.5776	2.87038497
2.5728	3.15803035
2.568	4.9998818
2.5632	4.63980663
2.5584	4.85087466
2.5536	4.18656387
2.5488	4.84880088
2.544	4.35423503
2.5392	5.46764102
2.5344	5.36410453
2.5296	4.2859528
2.5248	5.15718406
2.52	5.88977708
2.5152	5.6021317
2.5104	5.31033876
2.5056	6.93282706
2.5008	7.22254622
2.496	8.04001171
2.4912	6.92245816
2.4864	6.78381992
2.4816	7.27216443
2.4768	8.61737625
2.472	7.81027966
2.4672	5.81527351
2.4624	7.57017871
2.4576	7.46057339
2.4528	9.18229811
2.448	9.84453512
2.4432	8.60493357
2.4384	8.74771937
2.4336	12.13133421
2.4288	10.38265035
2.424	13.15157261
2.4192	12.58250319
2.4144	15.30180724
2.4096	14.66445559
2.4048	14.95624853
2.4	12.82260414
2.3952	15.68054643
2.3904	14.65823425
2.3856	16.06742823
2.3808	16.67175191
2.376	16.90355774
2.3712	18.2549909
2.3664	19.18413549
2.3616	21.4895986
2.3568	18.94196076
2.352	18.07487706
2.3472	20.51690463
2.3424	19.26900796
2.3376	22.86576461
2.3328	29.10125291
2.328	27.73530329
2.3232	26.9385756
2.3184	26.25352701
2.3136	23.92125727
2.3088	28.68103812
2.304	31.0091603
2.2992	31.63836934
2.2944	33.43459763
2.2896	31.86395383
2.2848	35.99245186
2.28	34.45690981
2.2752	40.4274118
2.2704	43.0805074
2.2656	41.36085646
2.2608	40.00734952
2.256	35.64689315
2.2512	43.40548082
2.2464	47.10769523
2.2416	48.03077099
2.2368	45.72530788
2.232	48.19828964
2.2272	47.2029366
2.2224	47.09110499
2.2176	53.28926525
2.2128	63.52705602
2.208	59.45631881
2.2032	55.98591023
2.1984	57.59802963
2.1936	57.04539794
2.1888	61.38081644
2.184	67.32243802
2.1792	68.17308399
2.1744	73.04884401
2.1696	67.84204174
2.1648	65.03786522
2.16	73.74203521
2.1552	72.44866789
2.1504	78.82886326
2.1456	80.30841325
2.1408	80.25272621
2.136	86.3245384
2.1312	85.05398266
2.1264	93.8865745
2.1216	92.22068933
2.1168	90.61671254
2.112	91.79824825
2.1072	93.00689561
2.1024	91.88104694
2.0976	106.07566953
2.0928	105.58717251
2.088	107.11649322
2.0832	101.45437441
2.0784	97.71483196
2.0736	105.26649916
2.0688	107.93395871
2.064	115.65122329
2.0592	122.74135261
2.0544	118.99943136
2.0496	115.98863939
2.0448	118.60025939
2.04	125.53500772
2.0352	127.57133696
2.0304	126.78912573
2.0256	124.60601564
2.0208	127.22593076
2.016	131.19313148
2.0112	139.32600576
2.0064	142.52551171
2.0016	146.03946967
1.9968	136.27980702
1.992	143.71756883
1.9872	141.84875824
1.9824	143.93662696
1.9776	148.52873665
1.9728	153.95090702
1.968	158.06519361
1.9632	154.48710098
1.9584	156.04944966
1.9536	155.67278425
1.9488	162.35721524
1.944	162.14614721
1.9392	162.90569937
1.9344	162.43824517
1.9296	169.96871704
1.9248	169.55295483
1.92	177.21614862
1.9152	173.2074723
1.9104	174.10996277
1.9056	176.70069246
1.9008	185.33673273
1.896	183.88813693
1.8912	175.78606433
1.8864	184.70322362
1.8816	183.17006037
1.8768	186.22263296
1.872	185.76923769
1.8672	188.16786839
1.8624	189.96809173
1.8576	189.18810679
1.8528	188.02730888
1.848	188.96874364
1.8432	194.97035233
1.8384	194.46541758
1.8336	202.91704394
1.8288	197.46599316
1.824	205.12503939
1.8192	194.68048066
1.8144	203.85878372
1.8096	211.58004335
1.8048	209.6759785
1.8	208.99507747
1.7952	213.73012547
1.7904	205.80209788
1.7856	208.33698802
1.7808	209.2268833
1.776	221.95631985
1.7712	214.09450071
1.7664	214.73377363
1.7616	213.28725161
1.7568	219.23286824
1.752	223.75462192
1.7472	221.70600251
1.7424	226.15325262
1.7376	224.55949222
1.7328	222.26278176
1.728	217.88957769
1.7232	222.57085992
1.7184	226.54650827
1.7136	223.52281609
1.7088	221.30429923
1.704	224.41893271
1.6992	221.57995946
1.6944	224.8184097
1.6896	223.06335199
1.6848	224.41478515
1.68	229.40015049
1.6752	223.14822446
1.6704	230.93361876
1.6656	224.94860031
1.6608	227.72389642
1.656	231.36197616
1.6512	232.99483336
1.6464	240.63951564
1.6416	232.64082702
1.6368	231.39707791
1.632	235.8567707
1.6272	236.16323261
1.6224	236.70534289
1.6176	237.45675244
1.6128	232.74451602
1.608	236.75511361
1.6032	246.18150772
1.5984	237.50859694
1.5936	236.3497203
1.5888	241.93495674
1.584	237.67611559
1.5792	237.96967729
1.5744	243.42932821
1.5696	242.5102475
1.5648	240.63122052
1.56	244.29034308
1.5552	247.65514139
1.5504	243.19099602
1.5456	243.54308109
1.5408	252.26798888
1.536	245.8174375
1.5312	248.00707395
1.5264	251.3389968
1.5216	245.50475425
1.5168	252.66731336
1.512	250.21299562
1.5072	245.76574551
1.5024	250.23772847
1.4976	246.4300563
1.4928	250.35132884
1.488	251.00142819
1.4832	252.4190698
1.4784	257.05665014
1.4736	254.65817195
1.4688	249.91275505
1.464	259.39706249
1.4592	266.44824752
1.4544	247.09644087
1.4496	253.30704381
1.4448	249.8983911
1.44	263.59652657
1.4352	257.92596013
1.4304	253.75199145
1.4256	260.32236454
1.4208	265.81489092
1.416	268.9997279
1.4112	265.4069663
1.4064	261.93448394
1.4016	263.70774814
1.3968	252.51223739
1.392	259.31249504
1.3872	256.34702121
1.3824	263.7453812
1.3776	262.56354047
1.3728	264.71362259
1.368	262.14777826
1.3632	254.21752438
1.3584	263.85483401
1.3536	264.75955077
1.3488	273.12630466
1.344	271.00510295
1.3392	268.57359679
1.3344	270.39901051
1.3296	268.61476737
1.3248	267.59452897
1.32	263.54867712
1.3152	260.38235165
1.3104	269.97449565
1.3056	267.03375467
1.3008	259.64576358
1.296	260.46515034
1.2912	271.88048177
1.2864	258.20945795
1.2816	271.81842088
1.2768	265.79830068
1.272	268.94181457
1.2672	262.64841294
1.2624	267.54475825
1.2576	267.14973384
1.2528	261.40066878
1.248	267.36671819
1.2432	265.46088458
1.2384	272.27950123
1.2336	269.93094627
1.2288	268.19885265
1.224	260.2874153
1.2192	270.46698772
1.2144	269.38691472
1.2096	264.26675368
1.2048	267.48062358
1.2	274.34724219
1.1952	271.04212597
1.1904	274.22519419
1.1856	277.68938143
1.1808	269.41564262
1.176	268.93129316
1.1712	273.36018427
1.1664	266.64449407
1.1616	274.67413688
1.1568	268.33749089
1.152	276.76883698
1.1472	268.52367356
1.1424	266.65516799
1.1376	274.64733025
1.1328	280.10444986
1.128	274.24992704
1.1232	274.68673207
1.1184	272.92337924
1.1136	269.30173723
1.1088	273.59821144
1.104	270.45039748
1.0992	266.87437863
1.0944	269.7942293
1.0896	265.9493816
1.0848	268.27097742
1.08	274.67843695
1.0752	273.62486556
1.0704	274.78996354
1.0656	285.8866954
1.0608	275.46686952
1.056	266.44187367
1.0512	281.03981579
1.0464	275.30127214
1.0416	279.96834293
1.0368	269.14681377
1.032	272.73689155
1.0272	274.1838711
1.0224	276.06466684
1.0176	270.36967257
1.0128	271.97764441
1.008	276.88865869
1.0032	263.61903313
0.998400000000001	284.62013471
0.9936	275.96765671
0.9888	278.47988778
0.984	271.69637288
0.979200000000001	275.51218766
0.974400000000001	270.18778997
0.9696	279.93263114
0.9648	272.40170174
0.96	271.47908351
0.9552	265.3758596
0.950400000000001	280.31551789
0.945600000000001	280.90133006
0.9408	269.74668487
0.936	268.44294865
0.9312	278.31843796
0.926400000000001	272.23034055
0.921600000000001	267.97726321
0.9168	279.51479515
0.912	273.5816212
0.9072	277.53845302
0.902400000000001	274.15468567
0.897600000000001	273.95606032
0.8928	271.35050915
0.888	273.46963708
0.8832	279.84998496
0.878400000000001	272.3460147
0.873600000000001	280.23894054
0.868800000000001	271.37731578
0.864	269.19643198
0.8592	278.47811902
0.8544	278.66015413
0.849600000000001	270.15860454
0.844800000000001	273.8257172
0.84	274.56660534
0.8352	274.22711546
0.8304	280.5182908
0.825600000000001	274.52942981
0.820800000000001	273.94169637
0.816	277.08298397
0.8112	278.9787537
0.8064	269.70758807
0.801600000000001	272.66061922
0.796800000000001	281.99784079
0.792	274.53357737
0.7872	274.58734314
0.7824	276.87798477
0.777600000000001	271.92994747
0.772800000000001	272.92960058
0.768000000000001	277.4990512
0.7632	273.08498157
0.7584	271.88478184
0.7536	268.68719716
0.748800000000001	272.49294806
0.744000000000001	273.64130329
0.7392	282.82582769
0.7344	274.5396462
0.7296	270.83121045
0.724800000000001	283.16117001
0.720000000000001	279.64928583
0.7152	275.09834672
0.7104	272.09139729
0.7056	269.97656943
0.700800000000001	270.783361
0.696000000000001	280.25775707
0.691200000000001	277.34159643
0.6864	267.48269736
0.6816	274.3657537
0.676800000000001	281.4890635
0.672000000000001	269.15495638
0.667200000000001	279.5602658
0.6624	269.42186396
0.6576	283.11984692
0.6528	275.89922197
0.648000000000001	270.42551212
0.643200000000001	277.76788005
0.6384	270.19370629
0.6336	278.27104604
0.6288	279.54559683
0.624000000000001	280.55961389
0.619200000000001	280.52036458
0.6144	276.26359721
0.6096	279.08021641
0.6048	279.05963112
0.600000000000001	280.4999318
0.595200000000001	270.82276282
0.590400000000001	284.68027433
0.5856	284.68027433
0.5808	276.02956509
0.576000000000001	275.57217477
0.571200000000001	288.12164999
0.566400000000001	285.93423983
0.5616	288.20905377
0.5568	274.78166842
0.552	275.77317892
0.547200000000001	274.46306885
0.542400000000001	272.5613828
0.5376	277.94000379
0.5328	266.17081853
0.528	275.12131081
0.523200000000001	275.60758154
0.518400000000001	277.20326321
0.5136	281.26125272
0.5088	280.40453792
0.504	276.77460079
0.499200000000001	282.91707401
0.494400000000001	275.94292386
0.489600000000001	273.76158253
0.4848	271.36103056
0.48	274.67636317
0.475200000000001	274.12580526
0.470400000000001	282.14492666
0.465600000000001	273.56679972
0.4608	280.88489233
0.456	273.48637983
0.4512	271.73946473
0.446400000000001	280.77912955
0.441600000000001	281.4061123
0.4368	269.68239769
0.432	277.80935565
0.4272	272.31076044
0.422400000000001	275.89107936
0.417600000000001	281.13520967
0.412800000000001	278.90409762
0.408	270.28080505
0.4032	281.28391179
0.398400000000001	275.84146115
0.393600000000001	271.85337012
0.388800000000001	281.05018469
0.384	277.00640662
0.3792	281.44359285
0.374400000000001	275.79169043
0.369600000000001	275.19151431
0.364800000000001	273.10971442
0.36	271.51195897
0.3552	274.15675945
0.3504	272.41030188
0.345600000000001	268.74511049
0.340800000000001	270.63865393
0.336	275.15211249
0.3312	262.62767514
0.3264	282.63549746
0.321600000000001	279.79207163
0.316800000000001	270.1811111
0.312000000000001	276.03593894
0.3072	283.60004882
0.3024	276.37957638
0.297600000000001	280.30307521
0.292800000000001	271.39582729
0.288000000000001	276.48311287
0.2832	280.27626858
0.2784	272.15568447
0.273600000000001	284.56222138
0.268800000000001	280.32826559
0.264000000000001	283.12399448
0.2592	279.68853514
0.2544	281.02560435
0.2496	271.88462933
0.244800000000001	279.47746711
0.240000000000001	273.04972731
0.235200000000001	268.95395223
0.2304	267.96305177
0.2256	283.31240344
0.220800000000001	279.18582668
0.216000000000001	271.67770886
0.211200000000001	281.75996613
0.2064	274.51283957
0.2016	281.09803414
0.196800000000001	275.50611883
0.192	277.98739571
0.187200000000001	272.70608987
0.1824	277.90474953
0.177600000000001	268.73266781
0.172800000000001	274.82744409
0.168	277.47224457
0.163200000000001	275.33637389
0.1584	282.68112062
0.153600000000001	277.26102403
0.1488	268.52175229
0.144	269.36986695
0.139200000000001	276.03371265
0.1344	273.4675633
0.129600000000001	278.39532033
0.1248	281.78277771
0.12	283.69513768
0.115200000000001	270.12542406
0.1104	274.43004088
0.105600000000001	272.63350757
0.1008	279.58929872
0.096000000000001	273.71818566
0.091200000000001	270.49794191
0.0864	280.86384951
0.081600000000001	273.6414558
0.0768	274.79841117
0.072000000000001	282.03117378
0.067200000000001	280.7336589
0.0624	274.76108313
0.057600000000001	280.34662459
0.0528	279.65535466
0.048000000000001	270.39248415
0.043200000000001	271.78700916
0.0384	272.49932191
0.033600000000001	274.32650439
0.0288	273.90022077
0.024000000000001	281.24051492
0.019200000000001	272.39978047
0.0144	275.25165393
0.009600000000001	276.70662358
0.0048	272.60685345
0	271.95898039
-0.004799999999999	274.19808254
-0.0096	278.33072813
-0.014399999999999	274.98059879
-0.0192	274.8252178
-0.023999999999999	269.19420569
-0.0288	272.45369875
-0.0336	285.66495345
-0.038399999999999	280.36958868
-0.0432	281.17031142
-0.047999999999999	279.65343339
-0.0528	281.559267
-0.0576	275.52478285
-0.062399999999999	277.36440801
-0.0672	274.0307164
-0.071999999999999	275.83938737
-0.0768	277.95214145
-0.081599999999999	285.21808454
-0.086399999999999	268.3169056
-0.0912	283.57086339
-0.095999999999999	265.21870985
-0.1008	271.4087275
-0.105599999999999	279.15441496
-0.110399999999999	277.18444668
-0.1152	287.37454051
-0.119999999999999	277.04342964
-0.1248	281.72056431
-0.129599999999999	280.52274338
-0.134399999999999	284.37173864
-0.1392	276.26567099
-0.143999999999999	277.90874458
-0.1488	271.08567535
-0.153599999999999	283.76979376
-0.158399999999999	270.00337606
-0.1632	271.06271126
-0.167999999999999	270.661313
-0.1728	269.78608669
-0.177599999999999	280.43372335
-0.182399999999999	276.05875052
-0.1872	280.53503355
-0.191999999999999	272.50761703
-0.1968	282.54010358
-0.201599999999999	271.83693239
-0.206399999999999	273.01224676
-0.2112	272.52597603
-0.215999999999999	281.08351768
-0.2208	283.52938779
-0.225599999999999	276.95471463
-0.230399999999999	277.41417873
-0.2352	277.75144232
-0.239999999999999	284.09046711
-0.2448	274.15468567
-0.249599999999999	276.46414383
-0.2544	286.36274974
-0.2592	275.38407083
-0.263999999999999	272.78281973
-0.2688	278.89772377
-0.273599999999999	276.42919459
-0.2784	278.01020729
-0.283199999999999	279.11531816
-0.287999999999999	282.37481122
-0.2928	283.90397942
-0.297599999999999	277.01070669
-0.3024	282.63150241
-0.307199999999999	281.10809802
-0.311999999999999	276.1206589
-0.3168	277.59828762
-0.321599999999999	279.18582668
-0.3264	280.23878803
-0.331199999999999	275.0613237
-0.335999999999999	273.88539929
-0.3408	275.3756232
-0.345599999999999	285.06093479
-0.3504	277.94192506
-0.355199999999999	274.48572792
-0.359999999999999	275.640457
-0.3648	276.91738659
-0.369599999999999	279.91204585
-0.3744	276.7356565
-0.379199999999999	284.17726085
-0.383999999999999	271.77694528
-0.3888	275.59321759
-0.393599999999999	270.08602224
-0.3984	288.41966427
-0.403199999999999	275.94484513
-0.407999999999999	272.90694151
-0.4128	279.93885248
-0.417599999999999	275.90336953
-0.4224	270.98213886
-0.427199999999999	273.26509541
-0.432	275.16885524
-0.4368	277.70597167
-0.441599999999999	279.51671642
-0.4464	272.35016226
-0.451199999999999	277.58807123
-0.456	280.29700638
-0.460799999999999	278.83182034
-0.465599999999999	280.96531222
-0.4704	275.81020194
-0.475199999999999	277.75543737
-0.48	269.59560395
-0.484799999999999	274.3968604
-0.489599999999999	273.80305813
-0.4944	281.63791813
-0.499199999999999	270.68220331
-0.504	276.82644529
-0.508799999999999	285.0794463
-0.513599999999999	275.58284869
-0.5184	278.19831123
-0.523199999999999	282.36874239
-0.528	287.36417161
-0.532799999999999	276.43526342
-0.537599999999999	271.77901906
-0.5424	273.7842416
-0.547199999999999	275.24543259
-0.552	280.78327711
-0.556799999999999	279.9989921
-0.561599999999999	273.82986476
-0.5664	272.95448594
-0.571199999999999	278.58772434
-0.576	278.26689848
-0.580799999999999	282.96047088
-0.585599999999999	277.71411428
-0.5904	278.43234335
-0.595199999999999	279.05103098
-0.6	271.94016386
-0.604799999999999	278.03301887
-0.609599999999999	282.42842448
-0.6144	271.54306567
-0.619199999999999	280.95716961
-0.624	279.90375073
-0.628799999999999	277.51134137
-0.6336	277.34190145
-0.638399999999999	277.71219301
-0.643199999999999	284.33456311
-0.648	278.55661764
-0.652799999999999	279.52101649
-0.6576	280.63634375
-0.662399999999999	275.18114541
-0.667199999999999	281.85950757
-0.672	278.41383184
-0.676799999999999	272.49471682
-0.6816	272.7432654
-0.686399999999999	277.23629118
-0.691199999999999	274.81292763
-0.696	275.622098
-0.700799999999999	288.54616485
-0.7056	279.54367556
-0.710399999999999	276.88243735
-0.715199999999999	280.6738243
-0.72	283.36171663
-0.724799999999999	279.4876835
-0.7296	277.64790583
-0.734399999999999	273.77832528
-0.739199999999999	272.72652265
-0.744	285.04019699
-0.748799999999999	276.28402999
-0.7536	268.57121799
-0.758399999999999	277.65412717
-0.763199999999999	273.24405259
-0.768	269.32262754
-0.772799999999999	277.4081099
-0.7776	285.93408732
-0.782399999999999	273.97695063
-0.787199999999999	274.60600716
-0.792	279.92464104
-0.796799999999999	272.66077173
-0.8016	284.21858394
-0.806399999999999	273.86304524
-0.811199999999999	284.5083031
-0.815999999999999	276.03401767
-0.820799999999999	277.52186278
-0.8256	276.34432212
-0.830399999999999	277.60658274
-0.8352	283.24811626
-0.839999999999999	274.44663112
-0.844799999999999	277.11201689
-0.8496	271.7956093
-0.854399999999999	275.94069757
-0.8592	279.29558451
-0.863999999999999	277.97894808
-0.868799999999999	279.7860028
-0.8736	277.28990444
-0.878399999999999	277.90459702
-0.8832	288.19615356
-0.887999999999999	284.84172415
-0.892799999999999	277.83838857
-0.8976	269.11778085
-0.902399999999999	280.51667455
-0.9072	289.01554032
-0.911999999999999	281.86572891
-0.916799999999999	278.07226818
-0.9216	273.57332608
-0.926399999999999	274.17127591
-0.9312	279.10909682
-0.935999999999999	277.75973744
-0.940799999999999	277.84061486
-0.9456	275.83316603
-0.950399999999999	279.98654942
-0.9552	274.29170766
-0.959999999999999	276.23871185
-0.964799999999999	271.86197026
-0.9696	277.88401173
-0.974399999999999	278.80693498
-0.9792	275.72148693
-0.983999999999999	278.58342427
-0.988799999999999	270.02411386
-0.993599999999999	282.84241793
-0.998399999999999	284.46505874
-1.0032	273.45127808
-1.008	267.57778622
-1.0128	278.47574022
-1.0176	276.927908
-1.0224	276.90317515
-1.0272	282.49463293
-1.032	278.31843796
-1.0368	279.15886754
-1.0416	277.33138004
-1.0464	281.21340327
-1.0512	275.37370193
-1.056	277.22177472
-1.0608	272.20530268
-1.0656	271.0194669
-1.0704	274.20860395
-1.0752	274.78389471
-1.08	282.987125
-1.0848	279.95974279
-1.0896	276.58442307
-1.0944	279.71357301
-1.0992	272.31905556
-1.104	279.19204802
-1.1088	275.97595183
-1.1136	279.30357461
-1.1184	278.73657897
-1.1232	279.90820331
-1.128	276.69594966
-1.1328	273.87533541
-1.1376	278.40745799
-1.1424	269.30381101
-1.1472	273.92080606
-1.152	272.65040283
-1.1568	273.94361764
-1.1616	278.54832252
-1.1664	277.73293081
-1.1712	289.12737193
-1.176	275.16662895
-1.1808	277.79291792
-1.1856	279.43184395
-1.1904	278.34140205
-1.1952	273.75966126
-1.2	283.27714918
-1.2048	277.37270313
-1.2096	280.83289532
-1.2144	275.46686952
-1.2192	281.29028564
-1.224	274.68035822
-1.2288	283.44259405
-1.2336	279.5498969
-1.2384	275.09849923
-1.2432	278.26674597
-1.248	282.74717656
-1.2528	287.50695741
-1.2576	272.74149664
-1.2624	277.61710415
-1.2672	280.42750201
-1.272	283.67439988
-1.2768	284.19607738
-1.2816	280.0508366
-1.2864	280.54540245
-1.2912	280.18916982
-1.296	272.91108907
-1.3008	273.37247444
-1.3056	280.03394134
-1.3104	280.13763034
-1.3152	286.40392032
-1.32	285.09188898
-1.3248	283.5710159
-1.3296	271.81204703
-1.3344	276.72720887
-1.3392	270.30361663
-1.344	277.34797028
-1.3488	272.43918229
-1.3536	273.79268923
-1.3584	277.67693875
-1.3632	272.70209482
-1.368	284.47320135
-1.3728	272.60255338
-1.3776	284.72781876
-1.3824	282.1096724
-1.3872	278.22749666
-1.392	273.17369658
-1.3968	267.88232686
-1.4016	277.22162221
-1.4064	280.81645759
-1.4112	280.72121622
-1.416	282.45538362
-1.4208	271.73784848
-1.4256	278.03301887
-1.4304	271.89499823
-1.4352	276.90079635
-1.44	282.39332273
-1.4448	278.60016702
-1.4496	278.05345165
-1.4544	276.32965315
-1.4592	279.61418408
-1.464	279.34712399
-1.4688	274.37197504
-1.4736	276.32135803
-1.4784	276.21812656
-1.4832	280.09822852
-1.488	274.11751014
-1.4928	272.63366008
-1.4976	283.40334474
-1.5024	279.11293936
-1.5072	276.92391295
-1.512	280.17495838
-1.5168	270.78973485
-1.5216	276.36283363
-1.5264	277.62125171
-1.5312	277.96665791
-1.536	277.6210992
-1.5408	273.26893795
-1.5456	270.17918983
-1.5504	275.82694469
-1.5552	276.3049203
-1.56	277.95836279
-1.5648	274.96385604
-1.5696	276.66722176
-1.5744	279.53138539
-1.5792	281.7251694
-1.584	280.64878643
-1.5888	273.9477652
-1.5936	287.35172893
-1.5984	270.16482588
-1.6032	277.76818507
-1.608	274.93912319
-1.6128	278.15906192
-1.6176	271.99646094
-1.6224	268.4700603
-1.6272	276.79948615
-1.632	283.10133541
-1.6368	275.66549487
-1.6416	279.15679376
-1.6464	280.12119261
-1.6512	280.23095044
-1.656	273.76143002
-1.6608	275.74207222
-1.6656	279.98432313
-1.6704	276.71845622
-1.6752	267.05226618
-1.68	279.27884176
-1.6848	274.85855079
-1.6896	276.0815621
-1.6944	275.06516624
-1.6992	274.99319398
-1.704	282.11412498
-1.7088	282.33110933
-1.7136	279.51494766
-1.7184	270.3262757
-1.7232	281.19519678
-1.728	279.50442625
-1.7328	282.28755995
-1.7376	275.67571126
-1.7424	279.23544489
-1.7472	286.68979694
-1.752	275.65512597
-1.7568	281.83846475
-1.7616	281.71879555
-1.7664	287.26893024
-1.7712	275.28068685
-1.776	276.96923109
-1.7808	279.77340761
-1.7856	273.8879306
-1.7904	273.1014193
-1.7952	280.15821563
-1.8	275.63039312
-1.8048	276.64648396
-1.8096	281.49113728
-1.8144	280.2327192
-1.8192	280.20798635
-1.824	280.4688251
-1.8288	279.27262042
-1.8336	276.90524893
-1.8384	275.17715036
-1.8432	279.95974279
-1.848	279.03681954
-1.8528	274.90786398
-1.8576	277.74952105
-1.8624	283.84414482
-1.8672	278.63941633
-1.872	281.76219242
-1.8768	276.19531498
-1.8816	279.6097315
-1.8864	272.94426955
-1.8912	279.95367396
-1.896	273.81120074
-1.9008	283.28959186
-1.9056	280.11512378
-1.9104	275.46064818
-1.9152	278.78442842
-1.92	278.41160555
-1.9248	271.44989808
-1.9296	272.97729752
-1.9344	277.38944588
-1.9392	279.93055736
-1.944	276.58234929
-1.9488	278.48626163
-1.9536	273.04542724
-1.9584	282.13678405
-1.9632	287.53184277
-1.968	278.04530904
-1.9728	273.37055317
-1.9776	279.56633463
-1.9824	279.7628862
-1.9872	277.37270313
-1.992	277.43299526
-1.9968	279.97633303
-2.0016	276.33203195
-2.0064	282.62320729
-2.0112	278.69940344
-2.016	273.1636327
-2.0208	280.76668687
-2.0256	275.88278424
-2.0304	275.7856216
-2.0352	274.09277729
-2.04	279.78984534
-2.0448	273.01063051
-2.0496	274.21482529
-2.0544	280.22857164
-2.0592	277.11839074
-2.064	280.02595124
-2.0688	273.53999309
-2.0736	280.38810019
-2.0784	280.52259087
-2.0832	271.71695817
-2.088	280.38395263
-2.0928	281.14335228
-2.0976	270.539265
-2.1024	275.4585744
-2.1072	278.03317138
-2.112	277.06447246
-2.1168	271.22016603
-2.1216	280.89541374
-2.1264	280.66122911
-2.1312	278.04976162
-2.136	280.5701353
-2.1408	282.65400897
-2.1456	274.67843695
-2.1504	276.1725034
-2.1552	284.17756587
-2.16	283.37446433
-2.1648	275.3054197
-2.1696	275.95091396
-2.1744	271.68999903
-2.1792	276.85563072
-2.184	280.77083443
-2.1888	272.09584987
-2.1936	271.1207771
-2.1984	265.77978917
-2.2032	277.13098593
-2.208	279.88508671
-2.2128	278.99296514
-2.2176	274.67843695
-2.2224	275.19773565
-2.2272	282.05191158
-2.232	275.6532047
-2.2368	273.44697801
-2.2416	273.45527313
-2.2464	274.40707679
-2.2512	281.32761368
-2.256	273.24005754
-2.2608	274.40738181
-2.2656	276.12495897
-2.2704	274.89572632
-2.2752	285.83915097
-2.28	271.7852404
-2.2848	277.18844173
-2.2896	278.06205179
-2.2944	276.34447463
-2.2992	280.17081082
-2.304	276.2841825
-2.3088	278.69940344
-2.3136	278.32273803
-2.3184	271.86197026
-2.3232	269.17377291
-2.328	275.44405794
-2.3328	280.57443537
-2.3376	272.74741296
-2.3424	285.04019699
-2.3472	274.70939114
-2.352	281.12514579
-2.3568	274.94949209
-2.3616	286.95270947
-2.3664	279.24550877
-2.3712	277.69975033
-2.376	272.2550734
-2.3808	280.92398913
-2.3856	284.47112757
-2.3904	272.63366008
-2.3952	269.03275587
-2.4	271.43553413
-2.4048	283.3763856
-2.4096	277.98977451
-2.4144	265.65743615
-2.4192	276.25130704
-2.424	282.43272455
-2.4288	276.45407995
-2.4336	278.95386834
-2.4384	277.87156905
-2.4432	268.29202024
-2.448	281.03789452
-2.4528	284.92244906
-2.4576	273.16778026
-2.4624	272.12887784
-2.4672	268.70156111
-2.472	271.47048337
-2.4768	273.66011982
-2.4816	269.69706666
-2.4864	275.4378366
-2.4912	278.3788826
-2.496	272.61100101
-2.5008	270.51453215
-2.5056	270.66353929
-2.5104	281.42285505
-2.5152	278.65777533
-2.52	271.33837149
-2.5248	278.5296585
-2.5296	271.00717673
-2.5344	272.27757996
-2.5392	282.09146591
-2.544	281.38982708
-2.5488	274.5914907
-2.5536	281.57585724
-2.5584	274.28118625
-2.5632	275.70489669
-2.568	277.74537349
-2.5728	280.06727433
-2.5776	276.81192883
-2.5824	278.01020729
-2.5872	278.6333475
-2.592	282.00628842
-2.5968	268.40562061
-2.6016	275.56833223
-2.6064	279.52516405
-2.6112	274.01827372
-2.616	272.81999526
-2.6208	282.15337429
-2.6256	280.57843042
-2.6304	270.20614897
-2.6352	278.79656608
-2.64	273.620718
-2.6448	275.51664024
-2.6496	280.54524994
-2.6544	276.11459007
-2.6592	275.28660317
-2.664	283.5813848
-2.6688	273.77802026
-2.6736	270.77744468
-2.6784	281.63392308
-2.6832	274.76745698
-2.688	273.09297167
-2.6928	282.23202542
-2.6976	279.32223863
-2.7024	275.4067299
-2.7072	280.61575846
-2.712	282.66883045
-2.7168	274.30991415
-2.7216	284.17726085
-2.7264	268.63135761
-2.7312	278.53795362
-2.736	273.34966286
-2.7408	272.20530268
-2.7456	277.48053969
-2.7504	271.81826837
-2.7552	277.71634057
-2.76	277.31671107
-2.7648	278.99119638
-2.7696	274.56852661
-2.7744	272.45799882
-2.7792	270.84142684
-2.784	278.55869142
-2.7888	271.29482211
-2.7936	282.13693656
-2.7984	273.58546374
-2.8032	270.92437804
-2.808	275.74814105
-2.8128	278.9971127
-2.8176	278.37443002
-2.8224	272.01912001
-2.8272	281.10410297
-2.832	268.64587407
-2.8368	278.6724443
-2.8416	271.16847404
-2.8464	278.87729099
-2.8512	282.07887072
-2.856	272.66906685
-2.8608	281.59022119
-2.8656	273.32285623
-2.8704	274.55623644
-2.8752	278.48004029
-2.88	280.04653653
-2.8848	275.31978365
-2.8896	274.61622355
-2.8944	278.56268647
-2.8992	275.83301352
-2.904	276.05252918
-2.9088	268.28357261
-2.9136	270.02826142
-2.9184	272.5095383
-2.9232	277.01470174
-2.928	278.2751936
-2.9328	274.63696135
-2.9376	268.89396512
-2.9424	277.80328682
-2.9472	277.64805834
-2.952	275.62194549
-2.9568	272.58404187
-2.9616	284.61806093
-2.9664	273.27101173
-2.9712	278.97045858
-2.976	276.6527053
-2.9808	272.62521245
-2.9856	275.50581381
-2.9904	270.0798009
-2.9952	280.57413035
-3	272.27757996
-3.0048	271.34843537
-3.0096	277.00640662
-3.0144	281.41855498
-3.0192	272.65839293
-3.024	277.97510554
-3.0288	271.91143596
-3.0336	276.42074696
-3.0384	278.82337271
-3.0432	282.59402186
-3.048	274.99288896
-3.0528	284.14645917
-3.0576	274.89557381
-3.0624	279.84806369
-3.0672	269.23775507
-3.072	278.90202384
-3.0768	276.94242446
-3.0816	287.37884058
-3.0864	273.67448377
-3.0912	280.97760239
-3.096	274.3473947
-3.1008	286.20129992
-3.1056	274.48795421
-3.1104	278.58580307
-3.1152	277.3251587
-3.12	275.90751709
-3.1248	276.56368527
-3.1296	277.80121304
-3.1344	268.55670153
-3.1392	277.47639213
-3.144	278.04116148
-3.1488	274.19201371
-3.1536	281.65243459
-3.1584	275.09849923
-3.1632	271.84315373
-3.168	277.90889709
-3.1728	275.65512597
-3.1776	265.6119655
-3.1824	273.88378304
-3.1872	281.77478761
-3.192	272.49694311
-3.1968	270.80425131
-3.2016	276.9071702
-3.2064	274.98666762
-3.2112	275.69038023
-3.216	276.47673902
-3.2208	276.40000916
-3.2256	277.75366861
-3.2304	285.43775271
-3.2352	270.539265
-3.24	271.01117178
-3.2448	277.10786933
-3.2496	278.16735704
-3.2544	272.20338141
-3.2592	275.0820615
-3.264	271.0505736
-3.2688	271.83293734
-3.2736	274.54602005
-3.2784	270.65923922
-3.2832	284.72574498
-3.288	274.66599427
-3.2928	277.56955972
-3.2976	281.19504427
-3.3024	284.06320295
-3.3072	279.58515116
-3.312	273.31263984
-3.3168	271.8243372
-3.3216	283.24189492
-3.3264	268.19040502
-3.3312	268.94580962
-3.336	279.93708372
-3.3408	271.3672519
-3.3456	272.10606626
-3.3504	280.78965096
-3.3552	279.52101649
-3.36	274.75071423
-3.3648	273.49659622
-3.3696	274.74034533
-3.3744	278.38065136
-3.3792	276.4373372
-3.384	275.26202283
-3.3888	277.19704187
-3.3936	271.20979713
-3.3984	275.20810455
-3.4032	276.8553257
-3.408	276.53687864
-3.4128	271.0713114
-3.4176	270.07580585
-3.4224	277.59029752
-3.4272	278.90632391
-3.432	271.845075
-3.4368	282.45346235
-3.4416	278.85048436
-3.4464	286.18885724
-3.4512	276.24078563
-3.456	280.21451271
-3.4608	273.3662531
-3.4656	274.71561248
-3.4704	277.81795579
-3.4752	274.85010316
-3.48	274.31406171
-3.4848	277.66656985
-3.4896	284.89341614
-3.4944	271.74998614
-3.4992	278.42612201
-3.504	291.17852265
-3.5088	279.25410891
-3.5136	276.37957638
-3.5184	272.59233699
-3.5232	277.60051391
-3.528	276.34017456
-3.5328	280.77098694
-3.5376	281.74560218
-3.5424	279.97810179
-3.5472	275.89745321
-3.552	277.26739788
-3.5568	277.10564304
-3.5616	277.71856686
-3.5664	273.98286695
-3.5712	278.46137627
-3.576	272.52390225
-3.5808	272.81984275
-3.5856	280.81868388
-3.5904	279.04703593
-3.5952	278.30007896
-3.6	280.56184018
-3.6048	277.57132848
-3.6096	275.71526559
-3.6144	276.8968013
-3.6192	278.19846374
-3.624	274.84802938
-3.6288	283.25848516
-3.6336	276.49732431
-3.6384	276.96093597
-3.6432	275.4585744
-3.648	281.05448476
-3.6528	274.54348874
-3.6576	285.50987748
-3.6624	280.59517317
-3.6672	276.98182628
-3.672	280.55131877
-3.6768	280.06727433
-3.6816	274.09899863
-3.6864	272.32128185
-3.6912	275.70059662
-3.696	277.55489075
-3.7008	282.76791436
-3.7056	275.01539552
-3.7104	274.53565115
-3.7152	274.58526936
-3.72	277.08728404
-3.7248	282.23202542
-3.7296	279.56648714
-3.7344	280.97153356
-3.7392	275.54552065
-3.744	265.06778144
-3.7488	274.58749565
-3.7536	274.88343615
-3.7584	273.10334057
-3.7632	275.18544548
-3.768	272.1824911
-3.7728	272.74549169
-3.7776	281.65066583
-3.7824	275.39651351
-3.7872	276.18494608
-3.792	280.00966602
-3.7968	273.846455
-3.8016	280.24531439
-3.8064	280.11704505
-3.8112	279.05533105
-3.816	271.86803909
-3.8208	273.00840422
-3.8256	274.79426361
-3.8304	275.54359938
-3.8352	277.65190088
-3.84	273.51526024
-3.8448	270.01789252
-3.8496	272.49947442
-3.8544	279.83754228
-3.8592	268.07457836
-3.864	274.74656667
-3.8688	273.79683679
-3.8736	277.22576977
-3.8784	272.32957697
-3.8832	274.04715413
-3.888	270.27458371
-3.8928	269.70966185
-3.8976	267.71657697
-3.9024	274.62467118
-3.9072	275.64460456
-3.912	270.30123783
-3.9168	278.6828132
-3.9216	275.93862379
-3.9264	274.65754664
-3.9312	275.54552065
-3.936	275.93862379
-3.9408	274.95156587
-3.9456	272.22174041
-3.9504	273.96642922
-3.9552	275.86427273
-3.96	281.98362935
-3.9648	277.73915215
-3.9696	274.16920213
-3.9744	283.92486973
-3.9792	282.49063788
-3.984	271.71296312
-3.9888	280.15199429
-3.9936	269.27300933
-3.9984	276.05030289
-4.0032	277.47209206
-4.008	277.29213073
-4.0128	280.04254148
-4.0176	279.69076143
-4.0224	281.22008214
-4.0272	276.50354565
-4.032	275.50834512
-4.0368	267.05848752
-4.0416	278.44893359
-4.0464	283.03052187
-4.0512	286.59010299
-4.056	286.83865157
-4.0608	278.96024219
-4.0656	290.12479875
-4.0704	276.45185366
-4.0752	265.42370905
-4.08	276.1517656
-4.0848	274.30161903
-4.0896	269.31610118
-4.0944	271.30519101
-4.0992	281.17653276
-4.104	283.24811626
-4.1088	272.05614303
-4.1136	284.55169997
-4.1184	270.21237031
-4.1232	272.71853255
-4.128	279.26002523
-4.1328	278.08678464
-4.1376	286.07909941
-4.1424	276.45377493
-4.1472	271.5491345
-4.152	277.52186278
-4.1568	279.40104227
-4.1616	270.47113528
-4.1664	275.83731359
-4.1712	275.71733937
-4.176	275.12323208
-4.1808	279.12760833
-4.1856	276.03593894
-4.1904	274.93497563
-4.1952	270.54533383
-4.2	274.32058807
-4.2048	268.32520072
-4.2096	275.45189553
-4.2144	281.5512769
-4.2192	279.07591634
-4.224	280.23479298
-4.2288	283.14872733
-4.2336	267.13936494
-4.2384	271.64675467
-4.2432	283.53368786
-4.248	274.38234394
-4.2528	276.95678841
-4.2576	270.07772712
-4.2624	272.49310057
-4.2672	275.53085168
-4.272	277.95436774
-4.2768	270.16689966
-4.2816	278.23149171
-4.2864	279.2228497
-4.2912	276.12288519
-4.296	279.5291591
-4.3008	274.21083024
-4.3056	280.00298715
-4.3104	277.00256408
-4.3152	275.97403056
-4.32	281.31486598
-4.3248	282.18033343
-4.3296	279.01608174
-4.3344	277.25288142
-4.3392	281.49720611
-4.344	278.20276381
-4.3488	277.53207917
-4.3536	274.68850083
-4.3584	274.46514263
-4.3632	268.42428463
-4.368	273.4779322
-4.3728	275.90751709
-4.3776	284.56414265
-4.3824	283.27492289
-4.3872	275.98217317
-4.392	278.56890781
-4.3968	281.86987647
-4.4016	278.43856469
-4.4064	279.24758255
-4.4112	280.35077215
-4.416	270.06128939
-4.4208	276.55539015
-4.4256	279.35956667
-4.4304	274.89365254
-4.4352	275.85375132
-4.44	274.20653017
-4.4448	274.78788976
-4.4496	275.14204861
-4.4544	276.01520114
-4.4592	270.16482588
-4.464	275.71111803
-4.4688	276.11666385
-4.4736	275.99653712
-4.4784	278.09922732
-4.4832	278.81108254
-4.488	282.76821938
-4.4928	282.89426243
-4.4976	276.83059285
-4.5024	283.57516346
-4.5072	276.00053217
-4.512	276.85547821
-4.5168	278.04515653
-4.5216	279.26639908
-4.5264	283.2024931
-4.5312	279.42147505
-4.536	278.88143855
-4.5408	277.80121304
-4.5456	278.20276381
-4.5504	280.10874993
-4.5552	279.41141117
-4.56	284.61376086
-4.5648	275.70697047
-4.5696	277.18444668
-4.5744	276.76023684
-4.5792	277.96696293
-4.584	284.84556669
-4.5888	269.29758967
-4.5936	275.14204861
-4.5984	276.52843101
-4.6032	275.95744032
-4.608	281.50772752
-4.6128	285.48322336
-4.6176	276.21413151
-4.6224	280.06105299
-4.6272	280.15852065
-4.632	274.35138975
-4.6368	279.22507599
-4.6416	268.1741198
-4.6464	271.82226342
-4.6512	284.36136974
-4.656	280.09853354
-4.6608	273.46372076
-4.6656	273.33115135
-4.6704	274.0801821
-4.6752	277.89215434
-4.68	276.86599962
-4.6848	281.6836938
-4.6896	284.00559464
-4.6944	275.85789888
-4.6992	277.60880903
-4.704	272.29639649
-4.7088	276.53465235
-4.7136	287.28951553
-4.7184	275.21225211
-4.7232	275.24543259
-4.728	277.66480109
-4.7328	274.60585465
-4.7376	276.13517536
-4.7424	283.68476878
-4.7472	278.76530687
-4.752	277.29213073
-4.7568	290.54931361
-4.7616	281.34197763
-4.7664	285.12314819
-4.7712	278.46152878
-4.776	277.30457341
-4.7808	276.41882569
-4.7856	274.17334969
-4.7904	280.55162379
-4.7952	276.93428185
-4.8	282.97690861
-4.8048	277.13498098
-4.8096	279.30564839
-4.8144	279.48161467
-4.8192	277.88401173
-4.824	280.17480587
-4.8288	278.42212696
-4.8336	276.88865869
-4.8384	276.41260435
-4.8432	280.0173511
-4.848	282.78865216
-4.8528	280.78535089
-4.8576	282.0705756
-4.8624	272.83021165
-4.8672	278.87314343
-4.872	280.15229931
-4.8768	277.641837
-4.8816	277.72878325
-4.8864	274.38027016
-4.8912	277.84460991
-4.896	277.07499387
-4.9008	278.78827096
-4.9056	273.42209265
-4.9104	273.53807182
-4.9152	274.74848794
-4.92	266.94250835
-4.9248	286.52197327
-4.9296	276.439716
-4.9344	272.23848316
-4.9392	277.48660852
-4.944	283.66403098
-4.9488	276.7747533
-4.9536	278.91876659
-4.9584	273.68930525
-4.9632	269.01854443
-4.968	280.79571979
-4.9728	278.2440869
-4.9776	280.87867099
-4.9824	280.23686676
-4.9872	278.01642863
-4.992	276.36313865
-4.9968	271.21617098
-5.0016	282.55892011
-5.0064	274.52942981
-5.0112	273.31648238
-5.016	276.61952482
-5.0208	274.52735603
-5.0256	277.81972455
-5.0304	273.51733402
-5.0352	274.72820767
-5.04	272.59041572
-5.0448	273.05180109
-5.0496	272.51975469
-5.0544	272.89242505
-5.0592	276.7851222
-5.064	282.59417437
-5.0688	274.5914907
-5.0736	276.0815621
-5.0784	277.85290503
-5.0832	276.92583422
-5.088	282.84687051
-5.0928	271.76849765
-5.0976	271.89100318
-5.1024	280.81438381
-5.1072	271.33599269
-5.112	271.82448971
-5.1168	270.80839887
-5.1216	274.35761109
-5.1264	279.38015196
-5.1312	268.04155039
-5.136	276.38149765
-5.1408	279.58085109
-5.1456	277.6522059
-5.1504	276.12688024
-5.1552	278.91254525
-5.16	273.28360692
-5.1648	270.20822275
-5.1696	277.58822374
-5.1744	276.27796116
-5.1792	270.64072771
-5.184	277.11009562
-5.1888	279.4900623
-5.1936	274.50024438
-5.1984	278.01197605
-5.2032	269.92057737
-5.208	277.97510554
-5.2128	278.10529615
-5.2176	278.68458196
-5.2224	273.9764931
-5.2272	278.97460614
-5.232	273.35219417
-5.2368	277.25687647
-5.2416	274.26651728
-5.2464	283.75082472
-5.2512	279.01608174
-5.256	275.19773565
-5.2608	271.96727551
-5.2656	275.89123187
-5.2704	273.18406548
-5.2752	272.47221026
-5.28	274.27673367
-5.2848	274.36383243
-5.2896	279.11946572
-5.2944	279.22300221
-5.2992	280.89288243
-5.304	274.22726797
-5.3088	274.5396462
-5.3136	268.74303671
-5.3184	268.27143495
-5.3232	276.89265374
-5.328	276.89042745
-5.3328	275.11508947
-5.3376	278.46759761
-5.3424	270.5807406
-5.3472	276.84288302
-5.352	274.25630089
-5.3568	278.4179794
-5.3616	275.44613172
-5.3664	280.11274498
-5.3712	276.9175391
-5.376	276.87414223
-5.3808	268.88597502
-5.3856	279.58707243
-5.3904	279.62854803
-5.3952	275.80428562
-5.4	277.40603612
-5.4048	277.89038558
-5.4096	274.86062457
-5.4144	283.36409543
-5.4192	273.39513351
-5.424	279.17722654
-5.4288	279.24965633
-5.4336	277.34781777
-5.4384	277.62524676
-5.4432	271.97334434
-5.448	273.10764064
-5.4528	274.83366543
-5.4576	279.05533105
-5.4624	273.63523446
-5.4672	278.29754765
-5.472	275.27416049
-5.4768	274.68258451
-5.4816	272.67114063
-5.4864	274.35745858
-5.4912	272.98958769
-5.496	280.83926917
-5.5008	277.67693875
-5.5056	276.50162438
-5.5104	269.99508094
-5.5152	279.40503732
-5.52	278.43664342
-5.5248	275.99461585
-5.5296	278.16943082
-5.5344	278.28955755
-5.5392	281.07729634
-5.544	274.99288896
-5.5488	277.27746176
-5.5536	274.38457023
-5.5584	276.32151054
-5.5632	274.39271284
-5.568	274.05752303
-5.5728	273.61480168
-5.5776	277.95006767
-5.5824	277.54659563
-5.5872	275.91788599
-5.592	277.86934276
-5.5968	276.26981855
-5.6016	273.52340285
-5.6064	271.91128345
-5.6112	277.07499387
-5.616	283.11554685
-5.6208	276.47673902
-5.6256	281.50964879
-5.6304	281.77448259
-5.6352	270.40892188
-5.64	276.40815177
-5.6448	266.77514221
-5.6496	265.46103709
-5.6544	270.35915116
-5.6592	273.56310969
-5.664	273.64990343
-5.6688	280.6036208
-5.6736	276.64648396
-5.6784	275.54137309
-5.6832	271.99838221
-5.688	285.12314819
-5.6928	273.11993081
-5.6976	272.51161208
-5.7024	273.66011982
-5.7072	280.28886377
-5.712	279.36770928
-5.7168	275.01362676
-5.7216	283.19227671
-5.7264	279.41110615
-5.7312	273.78439411
-5.736	275.31371482
-5.7408	273.9166585
-5.7456	271.02138817
-5.7504	284.23340542
-5.7552	275.14604366
-5.76	279.83339472
-5.7648	273.41602382
-5.7696	279.66587607
-5.7744	274.04523286
-5.7792	270.51468466
-5.784	278.62474736
-5.7888	284.04100141
-5.7936	278.59794073
-5.7984	276.8656946
-5.8032	273.36003176
-5.808	271.26371541
-5.8128	277.07499387
-5.8176	273.75536119
-5.8224	277.92133977
-5.8272	278.89595501
-5.832	272.54894012
-5.8368	271.6448334
-5.8416	277.95037269
-5.8464	276.56353276
-5.8512	271.75858628
-5.856	279.41970629
-5.8608	272.03778403
-5.8656	277.75781617
-5.8704	273.25057895
-5.8752	279.56633463
-5.88	278.26275092
-5.8848	284.18140841
-5.8896	276.50162438
-5.8944	277.49697742
-5.8992	274.04492784
-5.904	274.36398494
-5.9088	276.77075825
-5.9136	273.11386198
-5.9184	278.62697365
-5.9232	280.04031519
-5.928	275.94277135
-5.9328	276.73949904
-5.9376	282.19899745
-5.9424	270.08410097
-5.9472	275.03643834
-5.952	274.92076419
-5.9568	272.1122876
-5.9616	276.94035068
-5.9664	279.62647425
-5.9712	276.59479197
-5.976	275.20203572
-5.9808	271.39613231
-5.9856	275.67985882
-5.9904	275.7856216
-5.9952	278.44271225
-6	276.84703058
-6.0048	279.23751867
-6.0096	276.31321542
-6.0144	275.55573704
-6.0192	271.82641098
-6.024	275.09227789
-6.0288	272.54701885
-6.0336	272.71438499
-6.0384	279.65965473
-6.0432	288.51298437
-6.048	278.39309404
-6.0528	274.18579237
-6.0576	275.34482152
-6.0624	272.79526241
-6.0672	275.48522852
-6.072	278.64149011
-6.0768	279.61817913
-6.0816	270.19163251
-6.0864	276.83059285
-6.0912	272.48257916
-6.096	273.43023526
-6.1008	274.7342765
-6.1056	268.38280903
-6.1104	267.82810356
-6.1152	275.24750637
-6.12	271.49314244
-6.1248	273.61657044
-6.1296	267.84277253
-6.1344	275.25787527
-6.1392	272.99388776
-6.144	273.44520925
-6.1488	274.94134948
-6.1536	269.53354306
-6.1584	276.90509642
-6.1632	276.0504554
-6.168	279.91634592
-6.1728	272.72890145
-6.1776	273.42017138
-6.1824	284.59094928
-6.1872	282.03547385
-6.192	270.48549923
-6.1968	278.81937766
-6.2016	277.53622673
-6.2064	272.44302483
-6.2112	269.2749306
-6.216	280.93850559
-6.2208	278.91861408
-6.2256	275.10871562
-6.2304	269.16532528
-6.2352	275.82456589
-6.24	278.42819579
-6.2448	273.50297007
-6.2496	275.7959905
-6.2544	274.96385604
-6.2592	269.25641909
-6.264	276.88658491
-6.2688	279.04273586
-6.2736	275.47501213
-6.2784	267.68132271
-6.2832	276.45407995
-6.288	274.49624933
-6.2928	270.65731795
-6.2976	276.40830428
-6.3024	273.73447088
-6.3072	270.87652859
-6.312	270.83950557
-6.3168	266.81631279
-6.3216	273.78439411
-6.3264	274.63266128
-6.3312	278.69748217
-6.336	275.91788599
-6.3408	268.71223503
-6.3456	279.44843419
-6.3504	281.34612519
-6.3552	273.17384909
-6.36	276.09369976
-6.3648	278.87122216
-6.3696	273.8671928
-6.3744	270.91385663
-6.3792	268.80110255
-6.384	271.85352263
-6.3888	278.86484831
-6.3936	269.87910177
-6.3984	275.69007521
-6.4032	276.07534076
-6.408	273.36417932
-6.4128	276.89265374
-6.4176	274.44440483
-6.4224	270.21667038
-6.4272	272.23003553
-6.432	266.72329771
-6.4368	268.6806708
-6.4416	276.9358981
-6.4464	272.06059561
-6.4512	277.73085703
-6.456	276.51583582
-6.4608	269.60182529
-6.4656	270.5600028
-6.4704	269.9864808
-6.4752	267.24689648
-6.48	273.59375886
-6.4848	274.61414977
-6.4896	269.4982888
-6.4944	270.20008014
-6.4992	268.52559483
-6.504	275.11493696
-6.5088	270.62191118
-6.5136	284.82275511
-6.5184	282.57343657
-6.5232	272.11643516
-6.528	273.43261406
-6.5328	274.35968487
-6.5376	270.74219042
-6.5424	271.99200836
-6.5472	266.152002
-6.552	271.47463093
-6.5568	278.59778822
-6.5616	278.32081676
-6.5664	271.70213669
-6.5712	278.78204962
-6.576	270.23917694
-6.5808	276.41037806
-6.5856	284.26835466
-6.5904	272.77644588
-6.5952	267.96927311
-6.6	274.59341197
-6.6048	271.71281061
-6.6096	280.2638259
-6.6144	273.97472434
-6.6192	281.7642662
-6.624	277.73707837
-6.6288	267.39160355
-6.6336	272.32750319
-6.6384	271.83278483
-6.6432	274.46736892
-6.648	276.25292329
-6.6528	268.21544289
-6.6576	273.62501807
-6.6624	272.9586335
-6.6672	276.35868607
-6.672	271.05264738
-6.6768	267.96082548
-6.6816	271.47048337
-6.6864	270.39455793
-6.6912	269.3762408
-6.696	272.31298673
-6.7008	274.66392049
-6.7056	283.50050738
-6.7104	267.01301687
-6.7152	266.79380623
-6.72	265.81888597
-6.7248	273.40358114
-6.7296	278.46345005
-6.7344	274.21467278
-6.7392	272.37312635
-6.744	267.79538061
-6.7488	265.91412734
-6.7536	267.41249386
-6.7584	275.35711169
-6.7632	285.35687529
-6.768	267.2033471
-6.7728	274.79633739
-6.7776	268.42221085
-6.7824	279.05740483
-6.7872	269.33491771
-6.792	278.11374378
-6.7968	272.91108907
-6.8016	280.06327928
-6.8064	273.00395164
-6.8112	269.70950934
-6.816	281.25725767
-6.8208	273.51126519
-6.8256	267.26955555
-6.8304	270.96362735
-6.8352	276.19531498
-6.84	269.64729594
-6.8448	266.64641534
-6.8496	266.51607222
-6.8544	278.7011722
-6.8592	280.6427176
-6.864	281.00056648
-6.8688	270.23740818
-6.8736	272.4680627
-6.8784	272.65455039
-6.8832	271.17484789
-6.888	274.85440323
-6.8928	273.04780604
-6.8976	276.49525053
-6.9024	274.7318977
-6.9072	274.98889391
-6.912	272.26736357
-6.9168	277.95006767
-6.9216	273.28122812
-6.9264	268.9997279
-6.9312	272.1433943
-6.936	266.65693675
-6.9408	272.44125607
-6.9456	275.94277135
-6.9504	280.72121622
-6.9552	281.67939373
-6.96	274.0698132
-6.9648	274.07810832
-6.9696	275.28260812
-6.9744	272.79940997
-6.9792	277.14519737
-6.984	268.19662636
-6.9888	277.14727115
-6.9936	277.54467436
-6.9984	264.6124649
-7.0032	277.60673525
-7.008	277.23836496
-7.0128	279.20641197
-7.0176	277.25303393
-7.0224	286.39769898
-7.0272	271.32785008
-7.032	274.54379376
-7.0368	281.21578207
-7.0416	272.93582192
-7.0464	277.08521026
-7.0512	275.36555932
-7.056	268.38726161
-7.0608	271.41272255
-7.0656	277.87349032
-7.0704	278.33694947
-7.0752	269.05971501
-7.08	276.95709343
-7.0848	284.14200659
-7.0896	275.49367615
-7.0944	277.83009345
-7.0992	273.37055317
-7.104	272.78904107
-7.1088	269.55220708
-7.1136	275.21033084
-7.1184	271.85337012
-7.1232	276.81000756
-7.128	271.58853632
-7.1328	280.44186596
-7.1376	287.70350898
-7.1424	274.51061328
-7.1472	273.02468944
-7.152	274.64733025
-7.1568	270.64902283
-7.1616	265.68009522
-7.1664	281.15994252
-7.1712	272.26352103
-7.176	276.23694309
-7.1808	280.86814958
-7.1856	279.15471998
-7.1904	277.80950816
-7.1952	283.14887984
-7.2	276.27588738
-7.2048	277.7327783
-7.2096	267.79714937
-7.2144	277.17407778
-7.2192	274.6848108
-7.224	280.04876282
-7.2288	276.96715731
-7.2336	272.52198098
-7.2384	279.07176878
-7.2432	278.48388283
-7.248	281.28436932
-7.2528	276.54087369
-7.2576	270.52075349
-7.2624	276.94242446
-7.2672	274.51076579
-7.272	276.82022395
-7.2768	277.67693875
-7.2816	274.67221561
-7.2864	273.74084473
-7.2912	273.0392059
-7.296	280.26605219
-7.3008	274.76937825
-7.3056	272.67690444
-7.3104	276.84703058
-7.3152	275.56833223
-7.32	268.23825447
-7.3248	276.08570966
-7.3296	279.71534177
-7.3344	276.47911782
-7.3392	270.69671977
-7.344	277.91112338
-7.3488	280.62597485
-7.3536	276.70869736
-7.3584	278.03064007
-7.3632	267.63600457
-7.368	281.57378346
-7.3728	272.97092367
-7.3776	281.30687588
-7.3824	271.33184513
-7.3872	271.2140972
-7.392	273.67863133
-7.3968	277.32945877
-7.4016	280.18740106
-7.4064	273.78216782
-7.4112	286.03570254
-7.416	270.60769974
-7.4208	269.55842842
-7.4256	272.92975309
-7.4304	271.61772175
-7.4352	273.13029971
-7.44	270.41114817
-7.4448	277.66272731
-7.4496	279.59344628
-7.4544	278.96024219
-7.4592	274.08033461
-7.464	280.34262954
-7.4688	266.49771322
-7.4736	282.34370452
-7.4784	275.5518945
-7.4832	276.05859801
-7.488	282.5483987
-7.4928	272.57367297
-7.4976	279.18152661
-7.5024	279.4876835
-7.5072	280.28871126
-7.512	275.56180587
-7.5168	273.97280307
-7.5216	277.93155616
-7.5264	281.37116306
-7.5312	273.86289273
-7.536	269.9681218
-7.5408	279.06792624
-7.5456	277.66864363
-7.5504	282.29408631
-7.5552	281.72901194
-7.56	281.4084911
-7.5648	270.75670688
-7.5696	273.27101173
-7.5744	273.16332768
-7.5792	278.78842347
-7.584	284.63879873
-7.5888	273.36640561
-7.5936	280.22857164
-7.5984	278.28348872
-7.6032	278.69302959
-7.608	270.72560018
-7.6128	283.96619282
-7.6176	274.58526936
-7.6224	275.04458095
-7.6272	271.03575212
-7.632	279.85221125
-7.6368	267.64414718
-7.6416	272.48465294
-7.6464	277.09127909
-7.6512	281.04634215
-7.656	274.47551153
-7.6608	275.76058373
-7.6656	284.02203237
-7.6704	275.5702535
-7.6752	274.69502719
-7.68	270.16467337
-7.6848	283.45296295
-7.6896	275.56211089
-7.6944	277.7247882
-7.6992	277.294052
-7.704	270.21874416
-7.7088	276.92583422
-7.7136	277.58407618
-7.7184	277.11409067
-7.7232	276.93635563
-7.728	272.29209642
-7.7328	276.96730982
-7.7376	277.49505615
-7.7424	270.92453055
-7.7472	269.56034969
-7.752	275.39251846
-7.7568	276.79963866
-7.7616	272.98958769
-7.7664	281.17445898
-7.7712	274.6098497
-7.776	274.4072293
-7.7808	276.86169955
-7.7856	280.27404229
-7.7904	272.58803692
-7.7952	268.60854603
-7.8	276.17058213
-7.8048	269.61426797
-7.8096	272.75970313
-7.8144	278.87299092
-7.8192	273.40150736
-7.824	279.55819202
-7.8288	274.61829733
-7.8336	277.72878325
-7.8384	276.48311287
-7.8432	274.87913608
-7.848	282.57743162
-7.8528	276.31129415
-7.8576	270.30361663
-7.8624	280.75232292
-7.8672	283.43429893
-7.872	273.45527313
-7.8768	278.53188479
-7.8816	280.57843042
-7.8864	271.43553413
-7.8912	275.73331957
-7.896	273.77003016
-7.9008	270.40285305
-7.9056	275.69852284
-7.9104	270.36137745
-7.9152	273.03313707
-7.92	272.25714718
-7.9248	274.05322296
-7.9296	273.75743497
-7.9344	278.7139199
-7.9392	277.32707997
-7.944	269.18621559
-7.9488	273.26893795
-7.9536	273.78631538
-7.9584	276.86776838
-7.9632	277.7016716
-7.968	275.47501213
-7.9728	272.32719817
-7.9776	278.65777533
-7.9824	271.64821841
-7.9872	278.06604684
-7.992	273.0184681
-7.9968	276.36905497
-8.0016	281.13490465
-8.0064	273.54844072
-8.0112	275.25564898
-8.016	271.81619459
-8.0208	282.24416308
-8.0256	278.86262202
-8.0304	274.4878017
-8.0352	276.46444885
-8.04	273.61050161
-8.0448	276.8345879
-8.0496	270.81654148
-8.0544	280.9362793
-8.0592	268.85471581
-8.064	266.58450696
-8.0688	277.9377775
-8.0736	278.41575311
-8.0784	278.13847663
-8.0832	272.68327829
-8.088	279.93708372
-8.0928	277.519789
-8.0976	279.54175429
-8.1024	277.26102403
-8.1072	271.38384214
-8.112	272.69349468
-8.1168	279.19811685
-8.1216	276.18509859
-8.1264	279.28713688
-8.1312	273.58576876
-8.136	269.57709244
-8.1408	272.07688083
-8.1456	270.63465888
-8.1504	272.17642227
-8.1552	275.90144826
-8.16	278.29370511
-8.1648	269.74668487
-8.1696	280.52658592
-8.1744	273.77594648
-8.1792	279.58085109
-8.184	278.56476025
-8.1888	277.63576817
-8.1936	279.7341583
-8.1984	274.05737052
-8.2032	268.51123088
-8.208	277.21970094
-8.2128	272.23640938
-8.2176	274.10921502
-8.2224	268.34163845
-8.2272	276.78719598
-8.232	276.64410516
-8.2368	265.95545043
-8.2416	272.25714718
-8.2464	272.56745163
-8.2512	271.02968329
-8.256	276.48073407
-8.2608	276.78082213
-8.2656	275.18959304
-8.2704	268.41598951
-8.2752	280.47489393
-8.28	274.02019499
-8.2848	277.98547444
-8.2896	270.1523832
-8.2944	278.4698239
-8.2992	277.44098536
-8.304	273.64560336
-8.3088	268.91485543
-8.3136	281.34850399
-8.3184	269.89154445
-8.3232	281.43115017
-8.328	280.4584562
-8.3328	276.17665096
-8.3376	280.95079576
-8.3424	276.79741237
-8.3472	280.37150995
-8.352	279.28713688
-8.3568	277.72463569
-8.3616	269.38054087
-8.3664	277.28990444
-8.3712	271.07338518
-8.376	268.30223663
-8.3808	281.99622454
-8.3856	272.31920807
-8.3904	272.4991694
-8.3952	277.37078186
-8.4	279.8354685
-8.4048	285.92371842
-8.4096	270.91001409
-8.4144	272.98781893
-8.4192	274.73811904
-8.424	273.2258461
-8.4288	280.43164957
-8.4336	272.14324179
-8.4384	269.39060475
-8.4432	274.65754664
-8.448	272.91508412
-8.4528	273.78631538
-8.4576	268.67682826
-8.4624	280.04653653
-8.4672	274.56852661
-8.472	278.56683403
-8.4768	272.95479096
-8.4816	277.64805834
-8.4864	270.94703711
-8.4912	273.40150736
-8.496	279.295432
-8.5008	282.13263649
-8.5056	280.73988024
-8.5104	275.57854862
-8.5152	282.63342368
-8.52	278.83788917
-8.5248	271.62809065
-8.5296	276.46030129
-8.5344	279.63062181
-8.5392	279.60366267
-8.544	278.8774435
-8.5488	275.21432589
-8.5536	280.2741948
-8.5584	277.6210992
-8.5632	273.13029971
-8.568	283.28129674
-8.5728	275.87448912
-8.5776	274.39493913
-8.5824	277.19289431
-8.5872	277.25910276
-8.592	269.58139251
-8.5968	272.89449883
-8.6016	288.03470374
-8.6064	268.7763697
-8.6112	274.73012894
-8.616	274.55224139
-8.6208	274.95571343
-8.6256	281.34197763
-8.6304	268.7947287
-8.6352	273.99945719
-8.64	269.85436892
-8.6448	277.75174734
-8.6496	271.31955496
-8.6544	275.34274774
-8.6592	269.00195419
-8.664	277.47608711
-8.6688	270.84764818
-8.6736	271.04849982
-8.6784	279.74867476
-8.6832	271.53062299
-8.688	276.87014718
-8.6928	278.9165403
-8.6976	286.55500124
-8.7024	277.49490364
-8.7072	275.45043179
-8.712	280.05068409
-8.7168	281.68976263
-8.7216	274.45922631
-8.7264	277.27984056
-8.7312	276.10007361
-8.736	276.40638301
-8.7408	276.95678841
-8.7456	275.50611883
-8.7504	271.93217376
-8.7552	283.54613054
-8.76	271.79530428
-8.7648	279.30372712
-8.7696	277.50734632
-8.7744	270.73197403
-8.7792	279.89322932
-8.784	278.63304248
-8.7888	275.09435167
-8.7936	271.01324556
-8.7984	276.57820173
-8.8032	278.19446869
-8.808	278.21505398
-8.8128	276.83474041
-8.8176	277.20295819
-8.8224	279.04496215
-8.8272	272.5302761
-8.832	275.3859921
-8.8368	282.93973308
-8.8416	269.3889885
-8.8464	273.55466206
-8.8512	269.35772929
-8.856	268.93544072
-8.8608	276.77060574
-8.8656	279.4071111
-8.8704	272.52390225
-8.8752	272.20545519
-8.88	269.01424436
-8.8848	268.78051726
-8.8896	264.1218941
-8.8944	277.24858135
-8.8992	267.03168089
-8.904	274.926528
-8.9088	281.72693816
-8.9136	271.57639866
-8.9184	270.39471044
-8.9232	268.50293576
-8.928	272.86323962
-8.9328	274.1735022
-8.9376	274.43418844
-8.9424	269.37209324
-8.9472	282.18448099
-8.952	277.09158411
-8.9568	273.24005754
-8.9616	264.21298791
-8.9664	272.30246532
-8.9712	282.35822098
-8.976	278.78634969
-8.9808	276.2036101
-8.9856	274.48618545
-8.9904	274.50247067
-8.9952	263.38307974
-9	277.79084414
-9.0048	278.33088064
-9.0096	280.67351928
-9.0144	274.15245938
-9.0192	275.92618111
-9.024	275.83923486
-9.0288	273.4077287
-9.0336	271.94239015
-9.0384	273.37646949
-9.0432	277.5301579
-9.048	271.78316662
-9.0528	265.16717037
-9.0576	270.70708867
-9.0624	269.6330845
-9.0672	276.43556844
-9.072	270.520906
-9.0768	269.97656943
-9.0816	275.2950508
-9.0864	275.39029217
-9.0912	284.18156092
-9.096	286.90278624
-9.1008	274.94327075
-9.1056	271.25157775
-9.1104	268.23825447
-9.1152	272.60493218
-9.12	273.46564203
-9.1248	272.21582409
-9.1296	271.97764441
-9.1344	273.79668428
-9.1392	270.61407359
-9.144	282.00214086
-9.1488	272.74979176
-9.1536	278.00590722
-9.1584	268.4884193
-9.1632	270.09239609
-9.168	272.54049249
-9.1728	273.34743657
-9.1776	272.43311346
-9.1824	271.62571185
-9.1872	278.40968428
-9.192	272.72698018
-9.1968	278.32688559
-9.2016	276.28433501
-9.2064	271.72095322
-9.2112	283.81733819
-9.216	270.74441671
-9.2208	274.25007955
-9.2256	271.71473188
-9.2304	276.21413151
-9.2352	275.88915809
-9.24	266.78121104
-9.2448	275.75866246
-9.2496	273.22938362
-9.2544	276.58042802
-9.2592	271.12492466
-9.264	273.91074218
-9.2688	274.77974715
-9.2736	272.6315863
-9.2784	269.11970212
-9.2832	274.89972137
-9.288	277.96043657
-9.2928	264.3556212
-9.2976	272.26751608
-9.3024	272.02964142
-9.3072	278.90202384
-9.312	278.78842347
-9.3168	271.45419815
-9.3216	273.51526024
-9.3264	275.65719975
-9.3312	265.82718109
-9.336	266.0403229
-9.3408	280.63634375
-9.3456	277.75766366
-9.3504	277.4886823
-9.3552	274.03263767
-9.36	282.01888361
-9.3648	276.47658651
-9.3696	281.61925411
-9.3744	276.2658235
-9.3792	268.15322949
-9.384	272.9586335
-9.3888	268.2339544
-9.3936	269.4568132
-9.3984	279.33053375
-9.4032	275.15848634
-9.408	280.70877354
-9.4128	267.14128621
-9.4176	278.59794073
-9.4224	272.19093873
-9.4272	280.96146968
-9.432	273.49244866
-9.4368	271.97764441
-9.4416	282.07042309
-9.4464	275.48361227
-9.4512	273.53807182
-9.456	279.38844708
-9.4608	278.86914838
-9.4656	271.6815514
-9.4704	280.22887666
-9.4752	275.55396828
-9.48	265.438073
-9.4848	273.45942069
-9.4896	277.05617734
-9.4944	273.76765136
-9.4992	275.35503791
-9.504	271.33806647
-9.5088	269.86665909
-9.5136	281.54075549
-9.5184	275.88485802
-9.5232	273.99976221
-9.528	276.54087369
-9.5328	272.90471522
-9.5376	276.94227195
-9.5424	276.31943676
-9.5472	282.10567735
-9.552	272.68934712
-9.5568	278.86085326
-9.5616	272.51575964
-9.5664	277.38115076
-9.5712	264.90218406
-9.576	274.24577948
-9.5808	269.74875865
-9.5856	264.28733897
-9.5904	283.21063571
-9.5952	270.89534512
-9.6	267.35028046
-9.6048	279.41955378
-9.6096	281.3048021
-9.6144	269.59575646
-9.6192	280.65723406
-9.624	273.65197721
-9.6288	278.05567794
-9.6336	275.05494985
-9.6384	274.89365254
-9.6432	269.16102521
-9.648	278.31444291
-9.6528	276.81000756
-9.6576	277.39966227
-9.6624	280.60346829
-9.6672	273.75743497
-9.672	275.18944053
-9.6768	275.58269618
-9.6816	280.72728505
-9.6864	274.45269995
-9.6912	276.47911782
-9.696	269.10948573
-9.7008	272.44332985
-9.7056	269.52332667
-9.7104	266.70048613
-9.7152	274.57490046
-9.72	261.64061722
-9.7248	280.06105299
-9.7296	278.75746928
-9.7344	276.25722336
-9.7392	278.58979812
-9.744	280.9179203
-9.7488	269.5214054
-9.7536	273.67048872
-9.7584	279.62440047
-9.7632	274.00360475
-9.768	280.44793479
-9.7728	272.47620531
-9.7776	276.22419539
-9.7824	273.90436833
-9.7872	276.95678841
-9.792	278.26082965
-9.7968	269.56464976
-9.8016	276.43941098
-9.8064	278.67866564
-9.8112	276.89280625
-9.816	273.02691573
-9.8208	271.12300339
-9.8256	277.96043657
-9.8304	271.16033143
-9.8352	274.5189084
-9.84	277.10387428
-9.8448	277.04980349
-9.8496	275.4689433
-9.8544	275.88900558
-9.8592	273.22154603
-9.864	280.76061804
-9.8688	277.2836831
-9.8736	276.41260435
-9.8784	267.22807995
-9.8832	270.78973485
-9.888	270.5185272
-9.8928	270.54771263
-9.8976	276.57612795
-9.9024	273.93102245
-9.9072	276.89280625
-9.912	275.77510019
-9.9168	271.40027987
-9.9216	275.16056012
-9.9264	271.12300339
-9.9312	274.45700002
-9.936	271.63638577
-9.9408	270.33264955
-9.9456	265.60989172
-9.9504	273.72840205
-9.9552	272.68327829
-9.96	269.49859382
-9.9648	272.02311506
-9.9696	272.96278106
-9.9744	274.64733025
-9.9792	282.78480962
-9.984	275.87848417
-9.9888	274.18978742
-9.9936	268.33111704
-9.9984	277.75973744
-10.0032	275.49574993
-10.008	274.75693557
-10.0128	276.60500836
-10.0176	271.2117184
-10.0224	274.17542347
-10.0272	280.3467771
-10.032	269.67855515
-10.0368	271.72940085
-10.0416	276.86999467
-10.0464	275.69053274
-10.0512	272.56952541
-10.056	274.11336258
-10.0608	274.59963331
-10.0656	268.92937189
-10.0704	272.65439788
-10.0752	272.78089846
-10.08	274.63888262
-10.0848	269.03897721
-10.0896	275.58907003
-10.0944	277.23406489
-10.0992	275.59483384
-10.104	272.24040443
-10.1088	268.24224952
-10.1136	276.14347048
-10.1184	267.81581339
-10.1232	274.40085545
-10.128	272.32735068
-10.1328	273.05579614
-10.1376	274.90179515
-10.1424	269.91243476
-10.1472	272.46598892
-10.152	282.00851471
-10.1568	273.07638143
-10.1616	276.81815017
-10.1664	268.44102738
-10.1712	283.7241706
-10.176	275.62401927
-10.1808	277.61280408
-10.1856	268.74495798
-10.1904	273.09711923
-10.1952	269.55620213
-10.2	280.7751345
-10.2048	273.48430605
-10.2096	274.49402304
-10.2144	276.60293458
-10.2192	275.04028088
-10.224	279.92848358
-10.2288	266.36721759
-10.2336	267.69169161
-10.2384	268.80125506
-10.2432	270.46890899
-10.248	277.4392166
-10.2528	274.69295341
-10.2576	269.63915333
-10.2624	271.64038082
-10.2672	269.77364401
-10.272	274.81439137
-10.2768	274.76315691
-10.2816	273.14274239
-10.2864	272.59218448
-10.2912	277.63784195
-10.296	269.98294328
-10.3008	277.57148099
-10.3056	265.51449784
-10.3104	280.84134295
-10.3152	276.35691731
-10.32	270.5288961
-10.3248	271.4478243
-10.3296	276.99426896
-10.3344	273.0910504
-10.3392	276.96108848
-10.344	269.07615274
-10.3488	263.5300131
-10.3536	274.86239333
-10.3584	270.99888161
-10.3632	278.14692426
-10.368	273.92080606
-10.3728	278.45722871
-10.3776	281.66695105
-10.3824	269.39267853
-10.3872	271.51833282
-10.392	277.07054129
-10.3968	272.41014937
-10.4016	267.70620807
-10.4064	269.33077015
-10.4112	284.85593559
-10.416	269.25641909
-10.4208	271.74391731
-10.4256	281.71641675
-10.4304	277.04596095
-10.4352	280.84948556
-10.44	272.23848316
-10.4448	278.3868727
-10.4496	275.78754287
-10.4544	274.41567693
-10.4592	267.43930049
-10.464	274.79841117
-10.4688	279.68868765
-10.4736	270.4586926
-10.4784	270.56622414
-10.4832	278.69333461
-10.488	270.62014242
-10.4928	280.24930944
-10.4976	275.0094792
-10.5024	267.74161484
-10.5072	277.32293241
-10.512	278.22957044
-10.5168	282.38518012
-10.5216	275.03421205
-10.5264	279.67593995
-10.5312	272.93774319
-10.536	274.95363965
-10.5408	272.90709402
-10.5456	266.80817018
-10.5504	273.94791771
-10.5552	276.09162598
-10.56	273.91266345
-10.5648	277.20103692
-10.5696	272.27166364
-10.5744	270.97414876
-10.5792	276.45615373
-10.584	275.89522692
-10.5888	278.11389629
-10.5936	277.53415295
-10.5984	277.59844013
-10.6032	264.99120409
-10.608	270.1109076
-10.6128	276.4891817
-10.6176	273.5999802
-10.6224	267.5200254
-10.6272	272.59026321
-10.632	275.25372771
-10.6368	270.76292822
-10.6416	282.16996453
-10.6464	276.01120609
-10.6512	274.18579237
-10.656	274.31613549
-10.6608	270.51038459
-10.6656	276.16198199
-10.6704	267.75820508
-10.6752	275.71718686
-10.68	270.65317039
-10.6848	269.29152084
-10.6896	268.86508471
-10.6944	270.58296689
-10.6992	273.57555237
-10.704	264.21920925
-10.7088	274.46114758
-10.7136	269.29774218
-10.7184	276.63388877
-10.7232	276.85355694
-10.728	269.4177164
-10.7328	269.36395063
-10.7376	272.98720889
-10.7424	270.42343834
-10.7472	267.76012635
-10.752	274.43418844
-10.7568	270.13356667
-10.7616	273.56073089
-10.7664	276.91147027
-10.7712	275.98009939
-10.776	275.80843318
-10.7808	270.8583221
-10.7856	269.6514435
-10.7904	277.53223168
-10.7952	277.87779039
-10.8	268.68734967
-10.8048	262.60901112
-10.8096	274.88935247
-10.8144	273.51733402
-10.8192	268.60662476
-10.824	268.36030247
-10.8288	270.70294111
-10.8336	270.19178502
-10.8384	269.30618981
-10.8432	270.24539828
-10.848	272.52804981
-10.8528	275.69437528
-10.8576	274.09692485
-10.8624	271.13959363
-10.8672	260.07588974
-10.872	274.75900935
-10.8768	279.26017774
-10.8816	269.1528826
-10.8864	268.3169056
-10.8912	277.09127909
-10.896	269.93716761
-10.9008	269.15687765
-10.9056	283.10310417
-10.9104	279.01608174
-10.9152	262.1539996
-10.92	271.43760791
-10.9248	270.54149129
-10.9296	268.6335839
-10.9344	276.67935942
-10.9392	273.10349308
-10.944	274.51906091
-10.9488	271.14788875
-10.9536	269.41149506
-10.9584	264.92084808
-10.9632	268.45761762
-10.968	272.78266722
-10.9728	267.21578978
-10.9776	276.04615533
-10.9824	270.59318328
-10.9872	265.44014678
-10.992	275.17092902
-10.9968	278.98067497
-11.0016	273.50297007
-11.0064	263.54260829
-11.0112	275.04872851
-11.016	272.73097523
-11.0208	266.78965867
-11.0256	286.20529497
-11.0304	280.78327711
-11.0352	272.2135978
-11.04	274.81292763
-11.0448	274.35953236
-11.0496	275.88293675
-11.0544	276.74779416
-11.0592	273.61657044
-11.064	271.78938796
-11.0688	270.45054999
-11.0736	271.10656566
-11.0784	275.89952699
-11.0832	276.62559365
-11.088	269.6123467
-11.0928	275.08813033
-11.0976	269.57916622
-11.1024	279.02837191
-11.1072	272.80355753
-11.112	271.78124535
-11.1168	264.88974138
-11.1216	270.5496339
-11.1264	270.32005436
-11.1312	274.26014343
-11.136	277.23406489
-11.1408	279.10702304
-11.1456	274.54171998
-11.1504	272.45784631
-11.1552	276.08970471
-11.16	269.16309899
-11.1648	274.35315851
-11.1696	275.13790105
-11.1744	274.46499012
-11.1792	272.75793437
-11.184	270.69671977
-11.1888	273.26701668
-11.1936	272.00237726
-11.1984	273.65627728
-11.2032	277.90682331
-11.208	281.29043815
-11.2128	276.76038935
-11.2176	268.93766701
-11.2224	274.25215333
-11.2272	272.33165075
-11.232	274.73842406
-11.2368	275.79998555
-11.2416	270.3677513
-11.2464	274.62659245
-11.2512	267.23622256
-11.256	271.88447682
-11.2608	275.83286101
-11.2656	276.75002045
-11.2704	269.47340344
-11.2752	266.54333638
-11.28	269.01839192
-11.2848	268.36237625
-11.2896	278.56061269
-11.2944	275.12945342
-11.2992	269.67632886
-11.304	259.519263
-11.3088	272.87998237
-11.3136	277.88178544
-11.3184	270.31798058
-11.3232	270.89964519
-11.328	268.84019935
-11.3328	272.6937997
-11.3376	275.98839451
-11.3424	276.34831717
-11.3472	272.19270749
-11.352	274.04477533
-11.3568	281.16409008
-11.3616	277.59621384
-11.3664	273.34152025
-11.3712	281.09788163
-11.376	264.83597561
-11.3808	266.65278919
-11.3856	271.36932568
-11.3904	275.86826778
-11.3952	269.93924139
-11.4	273.43453533
-11.4048	273.40373365
-11.4096	278.15714065
-11.4144	274.61414977
-11.4192	272.44332985
-11.424	277.83661981
-11.4288	276.38964026
-11.4336	269.89761328
-11.4384	276.24700697
-11.4432	273.89991575
-11.448	265.88317315
-11.4528	274.14032172
-11.4576	278.43234335
-11.4624	268.38903037
-11.4672	273.48430605
-11.472	271.24919895
-11.4768	280.25138322
-11.4816	277.52186278
-11.4864	274.08240839
-11.4912	274.09454605
-11.496	276.4995506
-11.5008	282.60454327
-11.5056	269.86903789
-11.5104	276.77075825
-11.5152	270.21029653
-11.52	280.40054287
-11.5248	276.55746393
-11.5296	271.68554645
-11.5344	274.10476244
-11.5392	270.99888161
-11.544	271.16240521
-11.5488	271.35050915
-11.5536	279.54574934
-11.5584	268.39110415
-11.5632	272.78696729
-11.568	270.36329872
-11.5728	271.07945401
-11.5776	273.44490423
-11.5824	265.5912277
-11.5872	272.55915651
-11.592	270.88497622
-11.5968	275.25150142
-11.6016	272.63573386
-11.6064	274.08432966
-11.6112	267.8965383
-11.616	269.31832747
-11.6208	267.16601906
-11.6256	274.34086834
-11.6304	270.50623703
-11.6352	269.4200952
-11.64	276.34416961
-11.6448	276.75194172
-11.6496	268.84864698
-11.6544	276.12910653
-11.6592	268.04777173
-11.664	270.99680783
-11.6688	276.31943676
-11.6736	273.69122652
-11.6784	273.66011982
-11.6832	270.36967257
-11.688	283.48821721
-11.6928	273.27308551
-11.6976	275.58269618
-11.7024	269.02446075
-11.7072	274.89557381
-11.712	268.49479315
-11.7168	266.21198911
-11.7216	273.55658333
-11.7264	273.54636694
-11.7312	272.00667733
-11.736	276.03593894
-11.7408	274.80670629
-11.7456	268.42843219
-11.7504	271.02568824
-11.7552	272.31920807
-11.76	278.53188479
-11.7648	269.39283104
-11.7696	271.88877689
-11.7744	272.68535207
-11.7792	277.86327393
-11.784	278.08263708
-11.7888	272.7536343
-11.7936	267.2528128
-11.7984	282.2963126
-11.8032	271.36279932
-11.808	277.15541376
-11.8128	267.683549
-11.8176	271.64867594
-11.8224	279.25603018
-11.8272	280.44393974
-11.832	280.19953872
-11.8368	278.69955595
-11.8416	261.59737286
-11.8464	270.01581874
-11.8512	268.96639491
-11.856	268.78228602
-11.8608	274.682432
-11.8656	280.36943617
-11.8704	274.90164264
-11.8752	267.25933916
-11.88	271.47670471
-11.8848	281.07921761
-11.8896	272.52182847
-11.8944	275.63438817
-11.8992	273.22538857
-11.904	271.91558352
-11.9088	270.01182369
-11.9136	269.74683738
-11.9184	287.008244
-11.9232	277.95836279
-11.928	279.80643558
-11.9328	275.17285029
-11.9376	277.93347743
-11.9424	268.068052
-11.9472	275.58269618
-11.952	275.90751709
-11.9568	272.87598732
-11.9616	277.1408973
-11.9664	281.99177196
-11.9712	271.72510078
-11.976	273.15311129
-11.9808	278.49663053
-11.9856	278.84011546
-11.9904	269.02860831
-11.9952	268.39525171
-12	266.78950616
-12.0048	267.85951528
-12.0096	277.53830051
-12.0144	276.40638301
-12.0192	267.11624834
-12.024	271.68999903
-12.0288	270.40077927
-12.0336	278.87344845
-12.0384	266.18917753
-12.0432	272.04400537
-12.048	272.49709562
-12.0528	277.04565593
-12.0576	276.90079635
-12.0624	272.13509918
-12.0672	272.06873822
-12.072	280.63219619
-12.0768	276.78320093
-12.0816	274.74241911
-12.0864	273.96819798
-12.0912	275.25165393
-12.096	273.03713212
-12.1008	273.06424377
-12.1056	273.40757619
-12.1104	277.59621384
-12.1152	281.70842665
-12.12	278.68488698
-12.1248	277.72256191
-12.1296	283.52938779
-12.1344	271.67947762
-12.1392	285.3857557
-12.144	276.09177849
-12.1488	274.87084096
-12.1536	274.40100796
-12.1584	272.52420727
-12.1632	271.91350974
-12.168	269.78816047
-12.1728	274.83973426
-12.1776	276.59064441
-12.1824	271.16640026
-12.1872	269.44244925
-12.192	269.93094627
-12.1968	268.24224952
-12.2016	282.52589214
-12.2064	263.22577748
-12.2112	277.29627829
-12.216	280.88458731
-12.2208	276.54279496
-12.2256	277.30219461
-12.2304	280.16858453
-12.2352	264.38065907
-12.24	277.78254902
-12.2448	270.88705
-12.2496	271.55136079
-12.2544	268.78243853
-12.2592	274.48380665
-12.264	274.69295341
-12.2688	273.11608827
-12.2736	272.69794726
-12.2784	271.39820609
-12.2832	272.87998237
-12.288	265.05933381
-12.2928	269.2127172
-12.2976	276.70232351
-12.3024	273.97472434
-12.3072	267.92541871
-12.312	269.49014619
-12.3168	277.63561566
-12.3216	274.86254584
-12.3264	274.39271284
-12.3312	275.96350915
-12.336	270.82706289
-12.3408	283.76741496
-12.3456	279.8147307
-12.3504	266.81439152
-12.3552	271.60942663
-12.36	272.81984275
-12.3648	278.74679536
-12.3696	276.12273268
-12.3744	270.0199663
-12.3792	279.1422773
-12.384	273.30211843
-12.3888	280.78949845
-12.3936	271.28844826
-12.3984	279.57655102
-12.4032	272.07096451
-12.408	263.94385404
-12.4128	274.45876878
-12.4176	272.59026321
-12.4224	264.02043139
-12.4272	275.88885307
-12.432	281.48076838
-12.4368	273.61879673
-12.4416	269.97656943
-12.4464	262.20553908
-12.4512	276.56960159
-12.456	282.28993875
-12.4608	279.55803951
-12.4656	272.91108907
-12.4704	281.9796343
-12.4752	276.62559365
-12.48	278.47811902
-12.4848	267.64829474
-12.4896	274.54971008
-12.4944	278.05790423
-12.4992	261.09005931
-12.504	276.70247602
-12.5088	277.75751115
-12.5136	279.11324438
-12.5184	269.71158312
-12.5232	277.28990444
-12.528	274.06996571
-12.5328	273.40964997
-12.5376	266.45401133
-12.5424	278.88351233
-12.5472	272.00252977
-12.552	274.86285086
-12.5568	285.52232016
-12.5616	272.12043021
-12.5664	270.95740601
-12.5712	275.70904425
-12.576	278.74295282
-12.5808	276.69817595
-12.5856	283.68669005
-12.5904	264.0516906
-12.5952	275.10487308
-12.6	275.13790105
-12.6048	280.37135744
-12.6096	273.03313707
-12.6144	272.76000815
-12.6192	278.66414918
-12.624	272.4784316
-12.6288	275.27653929
-12.6336	273.010478
-12.6384	281.02767813
-12.6432	270.78159224
-12.648	271.56395598
-12.6528	274.82552282
-12.6576	287.92317715
-12.6624	273.73447088
-12.6672	272.2032289
-12.672	275.56403216
-12.6768	274.48603294
-12.6816	278.01658114
-12.6864	273.92925369
-12.6912	273.41825011
-12.696	271.30726479
-12.7008	285.14580726
-12.7056	278.27089353
-12.7104	279.63891693
-12.7152	279.61625786
-12.72	272.50124318
-12.7248	274.08417715
-12.7296	271.64022831
-12.7344	277.1823729
-12.7392	272.86561842
-12.744	273.81757459
-12.7488	272.41237566
-12.7536	277.55074319
-12.7584	277.25718149
-12.7632	279.191743
-12.768	275.29904585
-12.7728	286.14323408
-12.7776	276.66514798
-12.7824	281.11654565
-12.7872	270.17711605
-12.792	268.99942288
-12.7968	277.21140582
-12.8016	271.76258133
-12.8064	272.57352046
-12.8112	271.21824476
-12.816	280.88458731
-12.8208	272.76208193
-12.8256	276.2450857
-12.8304	274.67428939
-12.8352	277.67486497
-12.84	280.52881221
-12.8448	282.26712717
-12.8496	267.2528128
-12.8544	277.4057311
-12.8592	276.40415672
-12.864	277.37685069
-12.8688	277.56111209
-12.8736	272.33979336
-12.8784	279.07829514
-12.8832	266.97568883
-12.888	272.71853255
-12.8928	278.49647802
-12.8976	273.42224516
-12.9024	270.24762457
-12.9072	271.19320689
-12.912	270.4068481
-12.9168	269.9266462
-12.9216	275.73585088
-12.9264	274.68435327
-12.9312	279.57078721
-12.936	269.98901211
-12.9408	272.3460147
-12.9456	276.11251629
-12.9504	274.00775231
-12.9552	275.81065947
-12.96	271.19750696
-12.9648	273.94791771
-12.9696	276.77490581
-12.9744	270.76085444
-12.9792	274.70524358
-12.984	267.7250246
-12.9888	277.76803256
-12.9936	276.15399189
-12.9984	272.98144508
-13.0032	273.65612477
-13.008	280.54332867
-13.0128	274.18371859
-13.0176	274.64540898
-13.0224	278.49425173
-13.0272	266.95065096
-13.032	274.15483818
-13.0368	272.89849388
-13.0416	274.3992392
-13.0464	276.53895242
-13.0512	277.69560277
-13.056	274.00153097
-13.0608	277.05809861
-13.0656	275.3700119
-13.0704	279.02645064
-13.0752	280.10460237
-13.08	265.52087169
-13.0848	274.13410038
-13.0896	270.78988736
-13.0944	275.57647484
-13.0992	268.20906904
-13.104	266.50186078
-13.1088	271.25349902
-13.1136	268.57951311
-13.1184	280.06105299
-13.1232	272.0500742
-13.128	270.00737111
-13.1328	276.57612795
-13.1376	272.72283262
-13.1424	273.28537568
-13.1472	279.60381518
-13.152	270.35515611
-13.1568	264.36391632
-13.1616	272.70194231
-13.1664	274.20653017
-13.1712	281.53261288
-13.176	270.21667038
-13.1808	282.63741873
-13.1856	271.65504979
-13.1904	273.57939491
-13.1952	276.45838002
-13.2	267.68132271
-13.2048	271.4478243
-13.2096	272.89687763
-13.2144	283.89376303
-13.2192	271.64452838
-13.224	276.60915592
-13.2288	266.8555621
-13.2336	267.91328105
-13.2384	273.29174953
-13.2432	278.35177095
-13.248	270.09639114
-13.2528	279.51894271
-13.2576	271.88862438
-13.2624	274.0203475
-13.2672	274.53565115
-13.272	271.23660376
-13.2768	271.62601687
-13.2816	276.86984216
-13.2864	274.71146492
-13.2912	274.07203949
-13.296	283.00594153
-13.3008	263.17378047
-13.3056	273.46978959
-13.3104	283.32261983
-13.3152	279.26240403
-13.32	274.88328364
-13.3248	272.65040283
-13.3296	270.78381853
-13.3344	269.78401291
-13.3392	283.4282301
-13.344	270.98229137
-13.3488	276.34654841
-13.3536	269.26870926
-13.3584	272.27757996
-13.3632	273.59391137
-13.368	265.63669835
-13.3728	273.12200459
-13.3776	271.11885583
-13.3824	275.56802721
-13.3872	272.06474317
-13.392	269.76120133
-13.3968	278.44301727
-13.4016	275.46686952
-13.4064	280.14385168
-13.4112	273.07876023
-13.416	279.19189551
-13.4208	274.20653017
-13.4256	269.53576935
-13.4304	270.53319617
-13.4352	271.88447682
-13.44	271.55343457
-13.4448	279.18360039
-13.4496	270.01981379
-13.4544	277.86964778
-13.4592	270.0901698
-13.464	274.08655595
-13.4688	271.37954207
-13.4736	280.02994629
-13.4784	276.3463959
-13.4832	272.10383997
-13.488	269.14043992
-13.4928	274.8148489
-13.4976	273.94169637
-13.5024	277.78877036
-13.5072	278.0701944
-13.512	261.73171103
-13.5168	275.05510236
-13.5216	275.06324497
-13.5264	272.00268228
-13.5312	268.72852025
-13.536	271.77279772
-13.5408	271.20564957
-13.5456	271.2866795
-13.5504	280.58657303
-13.5552	273.98286695
-13.56	273.62709185
-13.5648	279.37377811
-13.5696	274.20046134
-13.5744	275.8558251
-13.5792	269.28914204
-13.584	280.82682649
-13.5888	275.65113092
-13.5936	276.20553137
-13.5984	275.32393121
-13.6032	268.3767402
-13.608	271.74599109
-13.6128	276.70439729
-13.6176	280.87037587
-13.6224	274.60792843
-13.6272	273.5816212
-13.632	268.97261625
-13.6368	266.43565233
-13.6416	282.6313499
-13.6464	277.31302104
-13.6512	274.25215333
-13.656	276.56783283
-13.6608	276.53879991
-13.6656	272.80355753
-13.6704	273.49244866
-13.6752	267.95859919
-13.68	274.2955502
-13.6848	275.19980943
-13.6896	270.33249704
-13.6944	280.17065831
-13.6992	283.46955319
-13.704	276.27204484
-13.7088	278.55853891
-13.7136	281.52431776
-13.7184	278.34124954
-13.7232	277.06462497
-13.728	263.84031755
-13.7328	275.9284074
-13.7376	280.57428286
-13.7424	265.37363331
-13.7472	268.98313766
-13.752	274.31198793
-13.7568	275.90989589
-13.7616	273.91458472
-13.7664	269.56879732
-13.7712	267.12054841
-13.776	279.26639908
-13.7808	275.5806224
-13.7856	270.45039748
-13.7904	271.93824259
-13.7952	272.42451332
-13.8	275.88071046
-13.8048	269.8771805
-13.8096	268.19263131
-13.8144	278.07464698
-13.8192	281.35872038
-13.824	275.9467664
-13.8288	269.05334116
-13.8336	276.22834295
-13.8384	275.34052145
-13.8432	274.96162975
-13.848	271.22623486
-13.8528	276.36682868
-13.8576	274.74656667
-13.8624	279.35349784
-13.8672	275.47278584
-13.872	267.95045658
-13.8768	272.98751391
-13.8816	271.478931
-13.8864	273.71611188
-13.8912	272.88635622
-13.896	276.29470391
-13.9008	283.05778603
-13.9056	272.84887567
-13.9104	266.70033362
-13.9152	266.99657914
-13.92	273.98094568
-13.9248	275.45012677
-13.9296	275.94899269
-13.9344	279.43806529
-13.9392	275.12945342
-13.944	275.52255656
-13.9488	279.22714977
-13.9536	274.86446711
-13.9584	274.99511525
-13.9632	272.67928324
-13.968	280.21405518
-13.9728	268.43050597
-13.9776	273.6621936
-13.9824	273.98494073
-13.9872	275.21033084
-13.992	275.66964243
-13.9968	267.80974456
-14.0016	270.60355218
-14.0064	281.56786714
-14.0112	274.15883323
-14.016	272.92145797
-14.0208	273.12185208
-14.0256	277.28191434
-14.0304	274.92475924
-14.0352	275.90974338
-14.04	277.98324815
-14.0448	273.31855616
-14.0496	279.0593261
-14.0544	277.72033562
-14.0592	273.88585682
-14.064	271.81619459
-14.0688	272.31890305
-14.0736	273.62056549
-14.0784	265.8975371
-14.0832	271.41257004
-14.088	268.69533977
-14.0928	271.68377769
-14.0976	272.25492089
-14.1024	273.22761486
-14.1072	273.53837684
-14.112	269.87495421
-14.1168	270.17726856
-14.1216	275.48138598
-14.1264	272.74103911
-14.1312	269.35949805
-14.136	275.48745481
-14.1408	273.26686417
-14.1456	263.55267217
-14.1504	270.26390979
-14.1552	280.03824141
-14.16	274.81899646
-14.1648	273.43246155
-14.1696	263.11187209
-14.1744	274.9161591
-14.1792	278.82367773
-14.184	286.18056212
-14.1888	276.28003494
-14.1936	283.15287489
-14.1984	269.02860831
-14.2032	277.48246096
-14.208	279.11931321
-14.2128	278.9372781
-14.2176	277.6003614
-14.2224	274.02434255
-14.2272	274.54778881
-14.232	272.2526946
-14.2368	275.45235306
-14.2416	263.40589132
-14.2464	276.85947326
-14.2512	280.8660758
-14.256	274.41951947
-14.2608	265.93456012
-14.2656	274.36175865
-14.2704	269.23967634
-14.2752	269.5086577
-14.28	271.58216247
-14.2848	270.30139034
-14.2896	269.76342762
-14.2944	269.00372295
-14.2992	273.93724379
-14.304	273.35381042
-14.3088	278.3453971
-14.3136	275.50404505
-14.3184	274.92668051
-14.3232	276.02541753
-14.328	277.37669818
-14.3328	275.52048278
-14.3376	278.13033402
-14.3424	274.60600716
-14.3472	274.31805676
-14.352	268.73474159
-14.3568	277.09557916
-14.3616	284.00129457
-14.3664	277.72256191
-14.3712	271.82448971
-14.376	277.73723088
-14.3808	279.06362617
-14.3856	271.08567535
-14.3904	272.60670094
-14.3952	264.7448818
-14.4	273.37470073
-14.4048	270.55792902
-14.4096	273.18406548
-14.4144	268.93129316
-14.4192	275.64667834
-14.424	268.57536555
-14.4288	270.69879355
-14.4336	270.95325845
-14.4384	271.35673049
-14.4432	277.97080547
-14.448	271.84092744
-14.4528	279.26240403
-14.4576	281.50772752
-14.4624	276.48265534
-14.4672	272.21774536
-14.472	277.18844173
-14.4768	273.77786775
-14.4816	278.72621007
-14.4864	273.26909046
-14.4912	273.78854167
-14.496	273.5919901
-14.5008	274.17527096
-14.5056	273.68915274
-14.5104	271.63193319
-14.5152	271.11678205
-14.52	278.00621224
-14.5248	271.8865506
-14.5296	270.28894766
-14.5344	274.68051073
-14.5392	264.56476796
-14.544	278.72206251
-14.5488	273.37854327
-14.5536	283.02445304
-14.5584	272.03555774
-14.5632	268.82568289
-14.568	281.32123983
-14.5728	268.93559323
-14.5776	279.33675509
-14.5824	281.1827541
-14.5872	272.57367297
-14.592	275.66772116
-14.5968	271.5802412
-14.6016	263.66865134
-14.6064	274.40915057
-14.6112	272.95033838
-14.616	274.36782748
-14.6208	271.70658927
-14.6256	272.83865928
-14.6304	274.78566347
-14.6352	272.65839293
-14.64	268.5402638
-14.6448	265.39467613
-14.6496	278.73450519
-14.6544	274.62643994
-14.6592	275.60965532
-14.664	273.93547503
-14.6688	270.66991314
-14.6736	281.11032431
-14.6784	267.80767078
-14.6832	276.67966444
-14.688	268.16774595
-14.6928	267.94423524
-14.6976	274.75663055
-14.7024	275.96558293
-14.7072	274.87913608
-14.712	271.61342168
-14.7168	275.43353653
-14.7216	273.10157181
-14.7264	276.90079635
-14.7312	281.32361863
-14.736	275.33860018
-14.7408	274.94119697
-14.7456	266.60539727
-14.7504	275.9076696
-14.7552	267.56342227
-14.76	271.43968169
-14.7648	275.46064818
-14.7696	269.06801013
-14.7744	267.98141077
-14.7792	274.99096769
-14.784	265.12154721
-14.7888	279.07606885
-14.7936	273.14066861
-14.7984	272.85317574
-14.8032	275.66549487
-14.808	272.56952541
-14.8128	275.17269778
-14.8176	272.59825331
-14.8224	272.30469161
-14.8272	279.8171095
-14.832	274.4487049
-14.8368	276.78704347
-14.8416	277.14519737
-14.8464	271.06286377
-14.8512	275.20188321
-14.856	275.31371482
-14.8608	271.58438876
-14.8656	270.20215392
-14.8704	272.00252977
-14.8752	274.63473506
-14.88	269.5708711
-14.8848	270.60754723
-14.8896	273.33706767
-14.8944	272.62551747
-14.8992	278.01658114
-14.904	264.86293475
-14.9088	271.7022892
-14.9136	271.51610653
-14.9184	269.63915333
-14.9232	276.01757994
-14.928	271.40043238
-14.9328	276.24093814
-14.9376	274.46322136
-14.9424	280.63872255
-14.9472	269.19612696
-14.952	276.27204484
-14.9568	277.47224457
-14.9616	277.91289214
-14.9664	276.72736138
-14.9712	275.57647484
-14.976	270.85801708
-14.9808	268.36222374
-14.9856	276.34416961
-14.9904	273.44490423
-14.9952	274.91631161
-15	273.25856905
-15.0048	282.32534552
-15.0096	271.7541337
-15.0144	280.69648337
-15.0192	271.99216087
-15.024	271.36310434
-15.0288	279.65550717
-15.0336	281.24066743
-15.0384	266.2636811
-15.0432	274.40323425
-15.048	277.9688842
-15.0528	273.67463628
-15.0576	271.67133501
-15.0624	274.93098058
-15.0672	281.43929278
-15.072	278.71998873
-15.0768	275.93462874
-15.0816	275.28690819
-15.0864	278.03094509
-15.0912	267.95237785
-15.096	282.4470885
-15.1008	275.99238956
-15.1056	279.03459325
-15.1104	275.21847345
-15.1152	282.62320729
-15.12	276.02126997
-15.1248	275.40273485
-15.1296	273.10556686
-15.1344	276.24700697
-15.1392	280.1106712
-15.144	278.10944371
-15.1488	272.7951099
-15.1536	277.48053969
-15.1584	273.15725885
-15.1632	274.70332231
-15.168	270.6014784
-15.1728	274.47773782
-15.1776	271.62394309
-15.1824	267.27385562
-15.1872	274.4175982
-15.192	278.42404823
-15.1968	282.7222912
-15.2016	266.49756071
-15.2064	271.44605554
-15.2112	280.5286597
-15.216	264.28956526
-15.2208	270.94895838
-15.2256	271.76035504
-15.2304	275.56195838
-15.2352	275.16278641
-15.24	275.64683085
-15.2448	270.36345123
-15.2496	276.4373372
-15.2544	279.75074854
-15.2592	277.24028623
-15.264	273.79683679
-15.2688	261.54122829
-15.2736	274.07411327
-15.2784	278.06412557
-15.2832	272.36659999
-15.288	269.98901211
-15.2928	276.67329059
-15.2976	276.03978148
-15.3024	274.23748436
-15.3072	271.8865506
-15.312	268.4596914
-15.3168	284.14200659
-15.3216	271.48100478
-15.3264	270.82928918
-15.3312	278.3765038
-15.336	282.79295223
-15.3408	266.27197622
-15.3456	272.54464005
-15.3504	274.60393338
-15.3552	278.2440869
-15.36	273.39958609
-15.3648	276.21812656
-15.3696	278.10529615
-15.3744	278.6126097
-15.3792	273.13237349
-15.384	276.08970471
-15.3888	278.9372781
-15.3936	276.34017456
-15.3984	275.74207222
-15.4032	275.46686952
-15.408	274.61829733
-15.4128	277.72448318
-15.4176	278.31044786
-15.4224	273.75743497
-15.4272	271.2037283
-15.432	282.77236694
-15.4368	274.5994808
-15.4416	275.81258074
-15.4464	278.44079098
-15.4512	279.58914621
-15.456	272.77022454
-15.4608	271.60320529
