9.2264	0
9.2216	0
9.2168	0.078892513
9.212	0.078892513
9.2072	0
9.2024	0
9.1976	0
9.1928	0.039446257
9.188	0.06541775
9.1832	0.11833877
9.1784	0
9.1736	0
9.1688	0.078892513
9.164	0
9.1592	0.275145763
9.1544	0.078892513
9.1496	0
9.1448	0.197231283
9.14	0
9.1352	0.170281757
9.1304	0
9.1256	0
9.1208	0.406959297
9.116	0
9.1112	0
9.1064	0
9.1016	0
9.0968	0
9.092	0.039446257
9.0872	0
9.0824	0.039446257
9.0776	0
9.0728	0
9.068	0
9.0632	0.06541775
9.0584	0.039446257
9.0536	0
9.0488	0.138480977
9.044	0.078892513
9.0392	0.039446257
9.0344	0.06541775
9.0296	0.078892513
9.0248	0.170281757
9.02	0.039446257
9.0152	0
9.0104	0.039446257
9.0056	0.059588463
9.0008	0.039446257
8.996	0
8.9912	0
8.9864	0
8.9816	0
8.9768	0
8.972	0
8.9672	0.078892513
8.9624	0
8.9576	0.039446257
8.9528	0.06541775
8.948	0.09903472
8.9432	0.078892513
8.9384	0.059588463
8.9336	0.039446257
8.9288	0
8.924	0
8.9192	0
8.9144	0.138480977
8.9096	0.144310263
8.9048	0
8.9	0.06541775
8.8952	0.078892513
8.8904	0.158623183
8.8856	0
8.8808	0.190423963
8.876	0.125006213
8.8712	0
8.8664	0
8.8616	1.310946193
8.8568	0.039446257
8.852	0.039446257
8.8472	0.039446257
8.8424	0
8.8376	0
8.8328	0
8.828	0
8.8232	0
8.8184	0.078892513
8.8136	0.157785027
8.8088	0.039446257
8.804	0.078892513
8.7992	0.078892513
8.7944	0.078892513
8.7896	0.157785027
8.7848	0.11833877
8.78	0
8.7752	0.078892513
8.7704	0.197231283
8.7656	0.039446257
8.7608	0
8.756	0.059588463
8.7512	0
8.7464	0
8.7416	0
8.7368	0
8.732	0
8.7272	0
8.7224	0
8.7176	0.341541547
8.7128	0
8.708	0.17876539
8.7032	0.276123797
8.6984	0
8.6936	0.177927233
8.6888	0
8.684	0.23667754
8.6792	0
8.6744	0.23667754
8.6696	0.276123797
8.6648	0
8.66	0.11833877
8.6552	0.276123797
8.6504	0.119176927
8.6456	0.197231283
8.6408	0.23667754
8.636	0.197231283
8.6312	0.276123797
8.6264	0
8.6216	0
8.6168	0.355854467
8.612	0
8.6072	0
8.6024	0.276123797
8.5976	0.341541547
8.5928	0.296266003
8.588	0
8.5832	0.11833877
8.5784	0.276123797
8.5736	0.197231283
8.5688	0.23667754
8.564	0.197231283
8.5592	0
8.5544	0.06541775
8.5496	0
8.5448	0.276123797
8.54	0
8.5352	0.039446257
8.5304	0
8.5256	0.341541547
8.5208	0.276123797
8.516	0
8.5112	0.197231283
8.5064	0.06541775
8.5016	0.395300723
8.4968	0.06541775
8.492	0
8.4872	0.315570053
8.4824	0.33571226
8.4776	0.375158517
8.4728	0
8.468	0.414604773
8.4632	0.276123797
8.4584	0
8.4536	0.256819747
8.4488	0.460718473
8.444	0.33571226
8.4392	0
8.4344	0.119176927
8.4296	0.197231283
8.4248	0
8.42	0
8.4152	0
8.4104	0
8.4056	0
8.4008	0.276123797
8.396	0.059588463
8.3912	0.276123797
8.3864	0
8.3816	0
8.3768	0.30209529
8.372	0.11833877
8.3672	0.06541775
8.3624	0.380987803
8.3576	0
8.3528	0.157785027
8.348	0
8.3432	0.078892513
8.3384	0.197231283
8.3336	0.433908823
8.3288	0.35501631
8.324	0.06541775
8.3192	0.341541547
8.3144	0
8.3096	0
8.3048	0.276123797
8.3	0.104864007
8.2952	0.23667754
8.2904	0.315570053
8.2856	0.23667754
8.2808	0
8.276	0
8.2712	0.078892513
8.2664	0.039446257
8.2616	0.21737349
8.2568	0.059588463
8.252	0
8.2472	0.078892513
8.2424	0.06541775
8.2376	0.322237497
8.2328	0.11833877
8.228	0.06541775
8.2232	0.06541775
8.2184	0.104864007
8.2136	0
8.2088	0.06541775
8.204	0.235699507
8.1992	0.059588463
8.1944	0.09903472
8.1896	0.06541775
8.1848	0.06541775
8.18	0
8.1752	0
8.1704	0.125006213
8.1656	0
8.1608	0
8.156	0
8.1512	0.16445247
8.1464	0.059588463
8.1416	0.078892513
8.1368	0
8.132	0.09903472
8.1272	0
8.1224	0.039446257
8.1176	0.104864007
8.1128	0.104864007
8.108	0.1308355
8.1032	0.039446257
8.0984	0
8.0936	0.190423963
8.0888	0.184594677
8.084	0.22987022
8.0792	0
8.0744	0.09903472
8.0696	0.1308355
8.0648	0.29528797
8.06	0.170281757
8.0552	0.203898727
8.0504	0.158623183
8.0456	0.104864007
8.0408	0.1308355
8.036	0
8.0312	0.237515697
8.0264	0.158623183
8.0216	0.059588463
8.0168	0.26348719
8.012	0.19806944
8.0072	0.203898727
8.0024	0.44043639
7.9976	0.22987022
7.9928	0.22987022
7.988	0.138480977
7.9832	0.218211647
7.9784	0.104864007
7.9736	0.18375652
7.9688	0.50585414
7.964	0.328066783
7.9592	0.104864007
7.9544	0.321259463
7.9496	0.334734227
7.9448	0.513499617
7.94	0.354038277
7.9352	0.31640821
7.9304	0.32890494
7.9256	0.794474667
7.9208	0.468224073
7.916	0.368351197
7.9112	0.354876433
7.9064	0.52697438
7.9016	0.52697438
7.8968	0.530987477
7.892	0.86655986
7.8872	1.04714144
7.8824	0.72322763
7.8776	0.526136223
7.8728	0.19806944
7.868	0.361683753
7.8632	1.129208893
7.8584	0.47405336
7.8536	0.494195567
7.8488	0.67711393
7.844	0.453072997
7.8392	0.368351197
7.8344	0.519328903
7.8296	0.7107309
7.8248	0.741693523
7.82	0.52697438
7.8152	1.1879592
7.8104	0.683781373
7.8056	1.10006246
7.8008	1.223252483
7.796	0.99170595
7.7912	0.815594907
7.7864	1.523989023
7.7816	1.30312303
7.7768	1.469251813
7.772	1.131025083
7.7672	1.54367379
7.7624	1.601065347
7.7576	1.428129243
7.7528	1.277151537
7.748	2.053998467
7.7432	1.922464687
7.7384	2.460957763
7.7336	1.643686543
7.7288	1.781329363
7.724	1.58591427
7.7192	1.83690473
7.7144	2.587780167
7.7096	2.509408247
7.7048	2.77568966
7.7	2.86721878
7.6952	2.808468473
7.6904	3.347101427
7.6856	2.82361955
7.6808	3.140865917
7.676	3.11639305
7.6712	3.942147903
7.6664	3.79919639
7.6616	3.31198583
7.6568	3.88074325
7.652	4.840508543
7.6472	4.302155343
7.6424	4.18964586
7.6376	4.229092117
7.6328	5.254415037
7.628	4.672182853
7.6232	5.746374783
7.6184	5.531237113
7.6136	6.356013933
7.6088	5.449309537
7.604	5.18432372
7.5992	6.42338775
7.5944	7.043427687
7.5896	6.115983767
7.5848	7.762044903
7.58	8.110253893
7.5752	8.186771813
7.5704	8.17668859
7.5656	8.4845111
7.5608	8.916603733
7.556	9.281182673
7.5512	8.42634454
7.5464	11.45407942
7.5416	10.37252066
7.5368	10.60602326
7.532	11.46162283
7.5272	12.74354889
7.5224	12.99457827
7.5176	12.76069495
7.5128	12.97397862
7.508	13.78859549
7.5032	14.77782478
7.4984	14.20459683
7.4936	13.90473736
7.4888	16.90083557
7.484	15.69455035
7.4792	17.11283721
7.4744	17.88287682
7.4696	20.11811734
7.4648	20.63305243
7.46	21.69103963
7.4552	23.30621487
7.4504	23.20508531
7.4456	21.97628219
7.4408	23.78577995
7.436	24.33798863
7.4312	25.00931219
7.4264	28.32988261
7.4216	24.98986826
7.4168	26.93984088
7.412	29.83372943
7.4072	32.40374198
7.4024	31.04567982
7.3976	31.76156596
7.3928	33.04049588
7.388	30.56568264
7.3832	32.22455807
7.3784	32.87398528
7.3736	33.97282886
7.3688	40.0583706
7.364	44.28776671
7.3592	41.32424538
7.3544	38.84270044
7.3496	40.4293508
7.3448	44.65583815
7.34	46.37303469
7.3352	48.32327349
7.3304	46.90442823
7.3256	50.79994184
7.3208	49.01505572
7.316	55.54420878
7.3112	58.30352739
7.3064	57.87082497
7.3016	58.25492567
7.2968	57.32881626
7.292	62.35762858
7.2872	64.31852147
7.2824	65.87365081
7.2776	69.65406374
7.2728	70.85913008
7.268	70.81790545
7.2632	67.86902527
7.2584	70.07732983
7.2536	71.52417938
7.2488	80.12533937
7.244	79.72437458
7.2392	82.17511034
7.2344	83.37874121
7.2296	85.99009183
7.2248	85.27862374
7.22	88.87807438
7.2152	94.32245704
7.2104	91.19363152
7.2056	95.06037831
7.2008	92.1259645
7.196	96.21267597
7.1912	99.78196323
7.1864	102.9921212
7.1816	107.8118524
7.1768	109.7204238
7.172	107.8834802
7.1672	105.4732212
7.1624	115.4846808
7.1576	110.2321818
7.1528	115.6163019
7.148	115.0873726
7.1432	117.2439614
7.1384	115.5712819
7.1336	117.5098114
7.1288	118.652063
7.124	122.3692055
7.1192	125.7488827
7.1144	128.9381477
7.1096	127.8601193
7.1048	129.7911844
7.1	127.9159744
7.0952	137.0889026
7.0904	135.879557
7.0856	135.0287184
7.0808	139.6795024
7.076	133.3509699
7.0712	140.3823352
7.0664	146.5271585
7.0616	150.5255547
7.0568	142.8522836
7.052	147.4534225
7.0472	147.0422713
7.0424	147.3258239
7.0376	144.0161642
7.0328	153.1174625
7.028	150.5808125
7.0232	153.326544
7.0184	152.5947065
7.0136	158.6607536
7.0088	157.299768
7.004	155.1215383
6.9992	164.3347752
6.9944	164.2471329
6.9896	159.9536642
6.9848	165.451057
6.98	163.369981
6.9752	171.3507074
6.9704	169.062446
6.9656	164.7358431
6.9608	167.2583686
6.956	172.9549973
6.9512	172.6579456
6.9464	172.1576285
6.9416	172.6396574
6.9368	176.3145712
6.932	178.8435001
6.9272	174.3135822
6.9224	177.7506888
6.9176	175.2766506
6.9128	181.0379852
6.908	183.0483749
6.9032	185.0512296
6.8984	184.9935572
6.8936	179.6121296
6.8888	186.2845517
6.884	180.145988
6.8792	192.7224301
6.8744	186.6182194
6.8696	187.9205674
6.8648	192.0110901
6.86	190.6520227
6.8552	199.0800183
6.8504	190.3919796
6.8456	194.5300643
6.8408	194.8483874
6.836	197.9190717
6.8312	193.3215895
6.8264	198.1854563
6.8216	196.2096267
6.8168	199.4440399
6.812	201.0218259
6.8072	192.5629078
6.8024	201.6866461
6.7976	191.8292258
6.7928	204.6025456
6.788	203.4217986
6.7832	203.4039165
6.7784	201.597011
6.7736	200.6942944
6.7688	207.5988332
6.764	207.0658254
6.7592	210.0308612
6.7544	210.4991084
6.7496	210.3218794
6.7448	208.1785245
6.74	207.8595009
6.7352	208.2863237
6.7304	211.9420091
6.7256	211.335876
6.7208	209.5411593
6.716	216.6773863
6.7112	214.7908494
6.7064	209.0996439
6.7016	218.3472474
6.6968	209.566992
6.692	216.2699571
6.6872	219.6854493
6.6824	217.7950652
6.6776	220.0897289
6.6728	215.3825072
6.668	220.8132227
6.6632	217.6633137
6.6584	213.714755
6.6536	213.3947257
6.6488	223.0724912
6.644	218.093426
6.6392	223.9405265
6.6344	224.9053461
6.6296	222.5313815
6.6248	219.4079668
6.62	218.2453942
6.6152	224.1712727
6.6104	218.3443533
6.6056	223.0466742
6.6008	225.5359391
6.596	223.4318003
6.5912	224.5822693
6.5864	222.226734
6.5816	219.9784637
6.5768	231.7940859
6.572	222.6839221
6.5672	228.0004904
6.5624	230.2731077
6.5576	229.8040212
6.5528	224.6713996
6.548	228.4990673
6.5432	233.7623235
6.5384	232.8348407
6.5336	230.2654497
6.5288	232.2584767
6.524	231.2695628
6.5192	236.6604396
6.5144	232.7224322
6.5096	236.7430919
6.5048	235.1778393
6.5	231.4655385
6.4952	231.2877122
6.4904	240.1437862
6.4856	234.63649
6.4808	234.6105827
6.476	234.1771703
6.4712	236.3577481
6.4664	243.9631112
6.4616	235.2641754
6.4568	237.6650619
6.452	234.7153582
6.4472	230.3542371
6.4424	231.7732211
6.4376	238.8373483
6.4328	236.3891303
6.428	233.5534326
6.4232	239.5781049
6.4184	236.8653417
6.4136	238.5323347
6.4088	244.7940117
6.404	240.6784325
6.3992	237.9718065
6.3944	236.575376
6.3896	236.1136545
6.3848	242.080487
6.38	248.7170586
6.3752	238.2121018
6.3704	242.9204307
6.3656	242.1101067
6.3608	244.0936302
6.356	244.2828614
6.3512	241.1048735
6.3464	245.4880551
6.3416	246.5748972
6.3368	243.8105221
6.332	241.0788264
6.3272	245.0724092
6.3224	242.104657
6.3176	247.1098842
6.3128	242.3312756
6.308	243.1401895
6.3032	243.8506446
6.2984	247.6244764
6.2936	237.7643007
6.2888	243.6227033
6.284	243.9683076
6.2792	244.7800039
6.2744	252.0742822
6.2696	248.7705138
6.2648	251.3009656
6.26	251.2223517
6.2552	252.8365236
6.2504	247.2388037
6.2456	254.7557641
6.2408	247.7522401
6.236	244.2963761
6.2312	258.1300926
6.2264	256.5483849
6.2216	250.2558044
6.2168	248.1483148
6.212	248.9905659
6.2072	250.2761379
6.2024	240.6425323
6.1976	256.6017729
6.1928	252.9378606
6.188	252.4276093
6.1832	244.748713
6.1784	251.3957599
6.1736	248.4775626
6.1688	246.8558198
6.164	252.4599707
6.1592	255.5143228
6.1544	249.4562512
6.1496	253.5552693
6.1448	253.3774052
6.14	249.4210967
6.1352	247.303663
6.1304	253.0304033
6.1256	253.85532
6.1208	248.3730793
6.116	249.117566
6.1112	248.6232305
6.1064	250.4361965
6.1016	255.9577565
6.0968	247.1244905
6.092	255.847202
6.0872	250.2816243
6.0824	251.2299182
6.0776	252.4432685
6.0728	256.2305255
6.068	251.3938534
6.0632	255.7693117
6.0584	253.8006217
6.0536	256.8020393
6.0488	254.8519393
6.044	259.3082105
6.0392	254.0028063
6.0344	251.0248796
6.0296	257.0085292
6.0248	246.4096951
6.02	253.6149976
6.0152	252.8347992
6.0104	256.046708
6.0056	253.5345044
6.0008	255.0672065
5.996	252.9141723
5.9912	248.2912149
5.9864	253.8200774
5.9816	255.2095975
5.9768	255.515099
5.972	255.6813794
5.9672	249.1902485
5.9624	258.1245431
5.9576	257.8167595
5.9528	257.7639784
5.948	261.5180251
5.9432	257.6951048
5.9384	256.1676255
5.9336	261.086731
5.9288	258.3496252
5.924	260.687433
5.9192	255.5960485
5.9144	256.1370667
5.9096	257.2605851
5.9048	260.5092249
5.9	250.834217
5.8952	259.0522154
5.8904	266.560972
5.8856	260.9703376
5.8808	257.4377267
5.876	255.3846442
5.8712	262.5259751
5.8664	260.953077
5.8616	265.1555508
5.8568	265.6771651
5.852	263.1238272
5.8472	265.4464714
5.8424	259.2767516
5.8376	255.0297153
5.8328	263.3883566
5.828	262.5388904
5.8232	259.6723699
5.8184	263.7486438
5.8136	261.5875455
5.8088	264.0845958
5.804	260.0298375
5.7992	260.787735
5.7944	262.8652166
5.7896	261.1647233
5.7848	262.9005866
5.78	259.1716078
5.7752	257.2029916
5.7704	257.3510099
5.7656	263.6373279
5.7608	263.3730132
5.756	264.695658
5.7512	263.5737877
5.7464	254.6008618
5.7416	260.9209976
5.7368	258.9539168
5.732	261.6282863
5.7272	263.3146572
5.7224	267.4605408
5.7176	258.5490038
5.7128	261.5418379
5.708	259.8497387
5.7032	262.5306211
5.6984	260.0315916
5.6936	264.1764814
5.6888	258.3449014
5.684	255.8277834
5.6792	259.1372169
5.6744	257.7532725
5.6696	257.6058747
5.6648	261.741204
5.66	260.0303834
5.6552	264.2524274
5.6504	262.4744128
5.6456	265.6015242
5.6408	264.3046637
5.636	267.0728066
5.6312	263.503367
5.6264	263.798514
5.6216	264.3209411
5.6168	265.2196983
5.612	267.1662173
5.6072	263.366881
5.6024	265.1467496
5.5976	259.5432874
5.5928	261.2137458
5.588	260.4036259
5.5832	258.559126
5.5784	260.9557072
5.5736	263.7013355
5.5688	257.5257633
5.564	266.6978155
5.5592	263.8338862
5.5544	260.7595684
5.5496	268.7872974
5.5448	266.6593209
5.54	263.3536093
5.5352	269.7195937
5.5304	264.8993633
5.5256	263.4157901
5.5208	263.3471573
5.516	265.177688
5.5112	265.4400437
5.5064	256.5485733
5.5016	260.768127
5.4968	270.6439512
5.492	262.4903525
5.4872	258.1768183
5.4824	265.7107956
5.4776	266.0919633
5.4728	265.4469909
5.468	268.3866513
5.4632	267.5902448
5.4584	261.8432096
5.4536	263.9594898
5.4488	267.9346551
5.444	261.6121058
5.4392	265.8962905
5.4344	266.3555746
5.4296	263.125328
5.4248	268.3287392
5.42	270.7635845
5.4152	264.5232674
5.4104	266.6006726
5.4056	262.2582464
5.4008	266.0271785
5.396	265.5208387
5.3912	262.6088198
5.3864	270.5765509
5.3816	269.3042889
5.3768	267.3037569
5.372	274.9715681
5.3672	262.0352731
5.3624	268.8388083
5.3576	259.2427161
5.3528	264.7518674
5.348	266.8055883
5.3432	260.3906559
5.3384	272.2292806
5.3336	261.2396016
5.3288	269.623123
5.324	270.2194651
5.3192	262.8074696
5.3144	271.1120218
5.3096	257.8486359
5.3048	268.7435701
5.3	266.6068815
5.2952	263.3871862
5.2904	261.0364915
5.2856	265.0779025
5.2808	273.1138856
5.276	260.1482027
5.2712	260.7205925
5.2664	260.7242491
5.2616	263.7169062
5.2568	264.9009408
5.252	267.2255649
5.2472	267.2915653
5.2424	268.409612
5.2376	269.1329017
5.2328	264.0831237
5.228	267.6500499
5.2232	270.9864561
5.2184	270.8299667
5.2136	269.2370053
5.2088	267.7901051
5.204	265.8076577
5.1992	265.6894988
5.1944	270.0242666
5.1896	268.9099797
5.1848	275.4000166
5.18	273.6111049
5.1752	266.0562346
5.1704	273.1435431
5.1656	266.3003546
5.1608	271.1521664
5.156	269.9156557
5.1512	269.0267567
5.1464	267.6556237
5.1416	268.9609961
5.1368	265.5588652
5.132	267.5868786
5.1272	265.3862456
5.1224	273.1745806
5.1176	270.1553672
5.1128	266.4119881
5.108	262.4091603
5.1032	264.0082453
5.0984	270.9725984
5.0936	269.8113868
5.0888	266.3092579
5.084	263.2254417
5.0792	270.1889599
5.0744	271.7766779
5.0696	270.6504009
5.0648	264.9302774
5.06	262.7503578
5.0552	266.5964565
5.0504	277.5830344
5.0456	268.610628
5.0408	262.3319955
5.036	264.5046988
5.0312	263.9704111
5.0264	264.4346464
5.0216	270.3990687
5.0168	269.0423641
5.012	268.6515457
5.0072	264.1259225
5.0024	268.956208
4.9976	273.2960165
4.9928	269.7794106
4.988	266.1711965
4.9832	263.9580165
4.9784	272.5234382
4.9736	267.2262885
4.9688	270.8173301
4.964	267.0164834
4.9592	267.7543555
4.9544	261.3364394
4.9496	268.0401051
4.9448	272.7328993
4.94	272.8965639
4.9352	266.3992506
4.9304	274.3907596
4.9256	267.9673719
4.9208	273.0664385
4.916	273.868091
4.9112	270.6257757
4.9064	266.2541664
4.9016	268.4728075
4.8968	271.129698
4.892	264.9596647
4.8872	272.8204656
4.8824	273.3867475
4.8776	264.2571755
4.8728	267.9930258
4.868	278.6695347
4.8632	265.9609733
4.8584	273.5425376
4.8536	270.0905857
4.8488	265.5274441
4.844	263.3658274
4.8392	270.0871817
4.8344	272.6365439
4.8296	270.9694899
4.8248	274.1394769
4.82	271.4702013
4.8152	272.1487118
4.8104	272.0525344
4.8056	270.6256241
4.8008	270.38755
4.796	266.2972304
4.7912	270.1343975
4.7864	273.661257
4.7816	268.8466682
4.7768	262.5995978
4.772	271.2381973
4.7672	272.9603432
4.7624	273.7792665
4.7576	272.506903
4.7528	271.5530566
4.748	271.3192343
4.7432	264.1466874
4.7384	268.3887579
4.7336	268.4830791
4.7288	272.5789769
4.724	272.9418784
4.7192	268.5138544
4.7144	265.7398778
4.7096	275.5871764
4.7048	272.7140421
4.7	267.8564738
4.6952	266.437681
4.6904	272.7464864
4.6856	268.9598646
4.6808	271.3111082
4.676	268.5202664
4.6712	262.8712625
4.6664	266.9259683
4.6616	266.4760471
4.6568	267.5317111
4.652	261.8885861
4.6472	274.4788205
4.6424	265.6035559
4.6376	269.1788777
4.6328	271.2964135
4.628	269.2502128
4.6232	264.254296
4.6184	274.760637
4.6136	276.2288318
4.6088	268.1062336
4.604	257.8740743
4.5992	269.3322164
4.5944	268.4699619
4.5896	272.4693479
4.5848	268.1352908
4.58	268.8609951
4.5752	266.0738624
4.5704	271.6274522
4.5656	276.302238
4.5608	268.933284
4.556	269.5099395
4.5512	263.2531284
4.5464	271.2619194
4.5416	268.7325731
4.5368	267.9061189
4.532	269.5533893
4.5272	266.2844443
4.5224	266.8934219
4.5176	271.6034999
4.5128	269.6242145
4.508	270.9816573
4.5032	266.8045082
4.4984	273.0183952
4.4936	268.481938
4.4888	260.9205148
4.484	275.5777926
4.4792	268.3995023
4.4744	275.0685193
4.4696	268.7048115
4.4648	269.9203417
4.46	269.1164054
4.4552	273.1136588
4.4504	273.575798
4.4456	265.980658
4.4408	271.8672026
4.436	268.9025887
4.4312	264.7384693
4.4264	260.712704
4.4216	269.0691863
4.4168	276.4947579
4.412	269.8513937
4.4072	271.538323
4.4024	279.2250057
4.3976	263.1815113
4.3928	268.2788763
4.388	278.8701421
4.3832	273.636963
4.3784	276.4198909
4.3736	275.1646978
4.3688	271.180729
4.364	265.2559949
4.3592	264.361864
4.3544	271.4396058
4.3496	275.4179112
4.3448	269.5894672
4.34	270.5470869
4.3352	264.9379229
4.3304	271.1495131
4.3256	274.1379163
4.3208	274.8392578
4.316	267.842594
4.3112	270.0914606
4.3064	268.2704948
4.3016	277.0136418
4.2968	275.6826184
4.292	270.7688175
4.2872	275.2263308
4.2824	273.7482029
4.2776	270.0864327
4.2728	273.72025
4.268	276.6146478
4.2632	268.1805032
4.2584	272.9704914
4.2536	272.2270323
4.2488	271.4487121
4.244	266.6193037
4.2392	269.791781
4.2344	266.6463311
4.2296	268.9877922
4.2248	275.5668815
4.22	272.8161474
4.2152	266.9072373
4.2104	268.6105135
4.2056	278.5801753
4.2008	270.9441525
4.196	271.9618824
4.1912	272.3681423
4.1864	276.6855879
4.1816	270.1354163
4.1768	268.2446389
4.172	270.2303623
4.1672	270.6189673
4.1624	275.0103539
4.1576	270.6992332
4.1528	270.8585547
4.148	274.0597936
4.1432	270.8598261
4.1384	265.1107834
4.1336	267.2751344
4.1288	271.8904701
4.124	270.0130879
4.1192	277.6176294
4.1144	269.348499
4.1096	272.4354512
4.1048	266.5855847
4.1	269.4840701
4.0952	267.2457189
4.0904	276.553876
4.0856	270.2228431
4.0808	272.911614
4.076	265.6187206
4.0712	273.3184713
4.0664	269.2633954
4.0616	274.2815892
4.0568	272.5504255
4.052	271.8806395
4.0472	272.1494207
4.0424	271.4523834
4.0376	271.9708584
4.0328	270.8256614
4.028	269.2111726
4.0232	269.0105131
4.0184	274.9993694
4.0136	276.2383071
4.0088	266.7788807
4.004	271.6422225
3.9992	275.9152303
3.9944	272.905302
3.9896	268.9860138
3.9848	274.8379909
3.98	266.3119387
3.9752	277.6785766
3.9704	274.3602031
3.9656	269.8644888
3.9608	273.616197
3.956	271.4116151
3.9512	273.8152456
3.9464	276.6127013
3.9416	271.0023833
3.9368	271.79071
3.932	273.216085
3.9272	267.6425189
3.9224	278.6168284
3.9176	272.5721927
3.9128	276.2251752
3.908	266.9762372
3.9032	268.2105656
3.8984	267.5718043
3.8936	274.4602389
3.8888	267.1333629
3.884	266.0367676
3.8792	266.2232394
3.8744	271.8390973
3.8696	275.9855625
3.8648	276.2831883
3.86	272.2215459
3.8552	272.74532
3.8504	270.7380212
3.8456	271.8150198
3.8408	266.8672716
3.836	268.396823
3.8312	273.6438206
3.8264	270.1577689
3.8216	272.0542108
3.8168	265.6047245
3.812	268.4322833
3.8072	268.1636736
3.8024	271.5867103
3.7976	270.0337147
3.7928	267.4034408
3.788	268.5679165
3.7832	271.3442424
3.7784	276.7096547
3.7736	265.8953525
3.7688	273.734727
3.764	268.3001754
3.7592	277.0470055
3.7544	277.3692808
3.7496	273.6066219
3.7448	273.8344351
3.74	270.2820259
3.7352	266.1148333
3.7304	276.1524413
3.7256	266.7263624
3.7208	276.3572663
3.716	277.4704617
3.7112	278.6599071
3.7064	264.3783096
3.7016	276.522963
3.6968	268.2255875
3.692	270.5979763
3.6872	275.8770029
3.6824	266.9316977
3.6776	274.2134539
3.6728	266.0783718
3.668	262.9962184
3.6632	275.7320333
3.6584	267.2509769
3.6536	273.0665417
3.6488	269.0015078
3.644	271.679636
3.6392	274.6922965
3.6344	267.8373243
3.6296	270.9833832
3.6248	267.4475235
3.62	271.3493474
3.6152	272.1051001
3.6104	275.2127665
3.6056	278.4108716
3.6008	270.6273015
3.596	271.9473646
3.5912	276.3312192
3.5864	270.7194279
3.5816	269.4751037
3.5768	268.6923276
3.572	274.6087925
3.5672	271.1168613
3.5624	272.8183455
3.5576	275.6317537
3.5528	276.4048651
3.548	272.4639507
3.5432	268.1718819
3.5384	273.5844983
3.5336	265.9195709
3.5288	270.3044413
3.524	278.9263787
3.5192	278.8413635
3.5144	268.7102729
3.5096	275.5843304
3.5048	269.8166335
3.5	268.6251315
3.4952	264.5755166
3.4904	274.8803837
3.4856	273.8890702
3.4808	279.3773168
3.476	272.302139
3.4712	273.1170481
3.4664	275.4968019
3.4616	271.4355035
3.4568	270.0446886
3.452	276.2332624
3.4472	271.4260943
3.4424	273.6026455
3.4376	268.9150087
3.4328	268.7314666
3.428	270.705278
3.4232	273.3829488
3.4184	275.802454
3.4136	277.0141613
3.4088	275.9136058
3.404	275.9885208
3.3992	272.3134315
3.3944	273.7620059
3.3896	267.7670541
3.3848	268.899782
3.38	272.7157037
3.3752	272.52773
3.3704	268.1281784
3.3656	273.7205793
3.3608	269.1508594
3.356	271.3279103
3.3512	270.9470499
3.3464	268.7172568
3.3416	270.5756625
3.3368	271.2921206
3.332	271.4050486
3.3272	278.2090677
3.3224	272.1305628
3.3176	271.1343734
3.3128	277.0278149
3.308	269.4850617
3.3032	272.9858583
3.2984	274.2165397
3.2936	272.9581327
3.2888	273.1845893
3.284	268.2923019
3.2792	271.7116787
3.2744	271.301633
3.2696	271.4569296
3.2648	270.4972285
3.26	272.6109785
3.2552	269.9188295
3.2504	273.2444447
3.2456	268.7777066
3.2408	269.949196
3.236	269.1206226
3.2312	273.9264341
3.2264	271.9213036
3.2216	269.836902
3.2168	271.4244558
3.212	267.9812527
3.2072	274.2155606
3.2024	279.3044199
3.1976	270.5142578
3.1928	273.5489263
3.188	274.0537393
3.1832	265.8107812
3.1784	269.0599783
3.1736	268.1458715
3.1688	274.4669453
3.164	272.7054039
3.1592	278.2896754
3.1544	262.838853
3.1496	275.0402882
3.1448	273.6883318
3.14	273.9531292
3.1352	272.2064716
3.1304	274.5476026
3.1256	268.2654016
3.1208	266.3483223
3.116	271.5123272
3.1112	278.19651
3.1064	268.8295761
3.1016	279.1344557
3.0968	276.6018302
3.092	272.304971
3.0872	272.1103332
3.0824	273.1680024
3.0776	269.6343242
3.0728	268.8241654
3.068	278.8696351
3.0632	271.7910044
3.0584	274.578809
3.0536	270.8910538
3.0488	269.531084
3.044	271.5470085
3.0392	273.700476
3.0344	268.3299687
3.0296	271.7504278
3.0248	271.437207
3.02	275.9756698
3.0152	272.7287966
3.0104	269.0603348
3.0056	284.0191208
3.0008	265.9209032
2.996	275.8619646
2.9912	277.7002795
2.9864	270.9004376
2.9816	274.6159438
2.9768	274.3836957
2.972	275.5588417
2.9672	279.2509151
2.9624	278.6347726
2.9576	271.5271472
2.9528	273.3208205
2.948	279.1385319
2.9432	274.1675308
2.9384	278.0847609
2.9336	273.9439198
2.9288	271.8172021
2.924	279.0944499
2.9192	270.8472012
2.9144	275.8327054
2.9096	268.4976339
2.9048	274.6043348
2.9	271.6183712
2.8952	275.5387248
2.8904	276.2555405
2.8856	271.983332
2.8808	272.7254954
2.876	273.3709727
2.8712	270.28144
2.8664	272.5208217
2.8616	270.6748624
2.8568	271.4320991
2.852	273.2015419
2.8472	267.7243834
2.8424	275.4882298
2.8376	270.2359992
2.8328	268.4562841
2.828	276.1634277
2.8232	269.7166556
2.8184	273.6280186
2.8136	276.7241696
2.8088	272.8488885
2.804	272.4258768
2.7992	264.0587264
2.7944	273.5827713
2.7896	275.740351
2.7848	277.1953655
2.78	272.0001215
2.7752	272.5318187
2.7704	269.9217258
2.7656	269.0372342
2.7608	275.9032795
2.756	275.7177311
2.7512	270.8038942
2.7464	276.7803169
2.7416	276.1943525
2.7368	276.1455833
2.732	271.8602304
2.7272	268.1454012
2.7224	270.0943822
2.7176	265.3161796
2.7128	275.6146843
2.708	273.4447342
2.7032	277.1759481
2.6984	275.8587654
2.6936	275.0557051
2.6888	273.9794183
2.684	272.0088838
2.6792	267.5794486
2.6744	273.5995726
2.6696	278.4981592
2.6648	281.0853296
2.66	270.3066889
2.6552	277.627764
2.6504	270.968843
2.6456	272.2947112
2.6408	275.3362751
2.636	273.7584756
2.6312	269.0117066
2.6264	272.7000687
2.6216	272.6037137
2.6168	281.0513815
2.612	275.62374
2.6072	277.574981
2.6024	273.0342446
2.5976	275.8444661
2.5928	266.3815336
2.588	269.100961
2.5832	274.4231684
2.5784	279.8082159
2.5736	272.4349306
2.5688	280.7343631
2.564	279.569087
2.5592	265.6590935
2.5544	275.9443496
2.5496	273.7374574
2.5448	271.9483173
2.54	279.3484512
2.5352	274.26043
2.5304	275.2733436
2.5256	275.4698924
2.5208	269.7802087
2.516	273.9844968
2.5112	275.284168
2.5064	278.7624857
2.5016	277.3346847
2.4968	269.3772772
2.492	274.2614848
2.4872	271.2484458
2.4824	270.1459969
2.4776	278.9014105
2.4728	274.4216573
2.468	268.4151993
2.4632	271.5583506
2.4584	278.9335542
2.4536	271.1324173
2.4488	279.2006727
2.444	273.8684695
2.4392	280.2563892
2.4344	270.8227019
2.4296	273.9859459
2.4248	271.4868617
2.42	273.8220771
2.4152	275.862259
2.4104	274.875075
2.4056	270.1889588
2.4008	271.7457785
2.396	267.9749039
2.3912	276.4993283
2.3864	277.8315115
2.3816	267.5539092
2.3768	269.5962
2.372	274.1439728
2.3672	276.2041802
2.3624	280.780884
2.3576	270.7884623
2.3528	281.686955
2.348	272.0127835
2.3432	275.7822717
2.3384	275.1951883
2.3336	273.0021273
2.3288	274.7366311
2.324	274.3758347
2.3192	273.1773991
2.3144	273.9080438
2.3096	275.4990399
2.3048	277.414531
2.3	275.2006493
2.2952	275.1292782
2.2904	271.0153492
2.2856	271.2922091
2.2808	272.7220789
2.276	279.2193298
2.2712	278.7752097
2.2664	272.5261032
2.2616	270.9010107
2.2568	274.3291006
2.252	277.2279413
2.2472	278.6447296
2.2424	272.6660332
2.2376	275.0996354
2.2328	277.5013612
2.228	271.8189427
2.2232	280.6811132
2.2184	276.7297947
2.2136	274.1630959
2.2088	268.4297784
2.204	278.2605555
2.1992	274.5562144
2.1944	276.6690799
2.1896	274.7565061
2.1848	277.6071519
2.18	275.8668294
2.1752	272.031426
2.1704	275.5079777
2.1656	268.4919456
2.1608	274.0305106
2.156	279.699442
2.1512	269.9092901
2.1464	276.3197879
2.1416	279.364287
2.1368	271.6772467
2.132	272.6777054
2.1272	277.7988725
2.1224	271.3137236
2.1176	270.6265863
2.1128	275.1378114
2.108	274.2969433
2.1032	272.7961705
2.0984	277.3097301
2.0936	274.2216075
2.0888	274.292131
2.084	271.6518714
2.0792	270.9368014
2.0744	279.6625733
2.0696	271.8165302
2.0648	278.5635256
2.06	276.0277674
2.0552	276.8675532
2.0504	274.6775904
2.0456	270.8686633
2.0408	279.9995423
2.036	278.5795402
2.0312	272.7705944
2.0264	274.7640128
2.0216	282.0051923
2.0168	277.7068081
2.012	273.2005132
2.0072	266.627229
2.0024	274.4662492
1.9976	277.2094252
1.9928	274.3329991
1.988	278.0880368
1.9832	274.7887643
1.9784	269.4563213
1.9736	275.9579654
1.9688	272.4253312
1.964	276.5621548
1.9592	277.9718949
1.9544	269.8128109
1.9496	266.8945747
1.9448	274.3168564
1.94	273.5229295
1.9352	275.1350036
1.9304	271.7141154
1.9256	276.3569245
1.9208	273.7193858
1.916	276.0210841
1.9112	273.3641529
1.9064	283.2610962
1.9016	276.7374684
1.8968	275.3478434
1.892	274.4035468
1.8872	270.8993986
1.8824	270.4666455
1.8776	273.7151319
1.8728	270.0555575
1.868	273.2980104
1.8632	272.7802066
1.8584	271.2201364
1.8536	279.0411753
1.8488	272.7283392
1.844	276.619216
1.8392	268.7501355
1.8344	281.9347959
1.8296	269.2215356
1.8248	272.2447864
1.82	272.0089334
1.8152	275.7329093
1.8104	278.8874501
1.8056	275.8921676
1.8008	270.4044016
1.796	277.6367664
1.7912	282.6764127
1.7864	279.3815718
1.7816	274.4152065
1.7768	275.2566454
1.772	273.0029908
1.7672	275.7435362
1.7624	281.0667995
1.7576	273.5206801
1.7528	270.8320869
1.748	265.5189615
1.7432	273.1659182
1.7384	274.9938052
1.7336	270.6576143
1.7288	277.8706644
1.724	272.9658296
1.7192	273.1700323
1.7144	270.8926166
1.7096	271.1513807
1.7048	278.7405651
1.7	277.4204488
1.6952	275.1051611
1.6904	278.8251702
1.6856	273.5876225
1.6808	270.3498189
1.676	271.3729178
1.6712	275.4850181
1.6664	275.0964858
1.6616	274.4732482
1.6568	275.2720385
1.652	275.4034188
1.6472	280.0109967
1.6424	273.4969958
1.6376	272.9220402
1.6328	274.2169971
1.628	273.6220652
1.6232	278.1569353
1.6184	273.881004
1.6136	275.0288458
1.6088	273.5114718
1.604	270.9772995
1.5992	272.7245291
1.5944	280.4566262
1.5896	279.9614294
1.5848	275.0854888
1.58	273.800372
1.5752	279.512889
1.5704	275.9599086
1.5656	272.1414221
1.5608	273.5257858
1.556	274.4770821
1.5512	277.1036841
1.5464	275.355961
1.5416	272.9545275
1.5368	277.670028
1.532	271.1986619
1.5272	273.2777548
1.5224	270.1899887
1.5176	273.0530427
1.5128	275.6098202
1.508	274.7601638
1.5032	270.7662884
1.4984	276.0659676
1.4936	268.8567011
1.4888	277.8414159
1.484	273.6390703
1.4792	277.2963563
1.4744	272.6688759
1.4696	270.9734777
1.4648	280.5152513
1.46	272.0254557
1.4552	286.77002
1.4504	278.9656472
1.4456	275.5136546
1.4408	272.3545152
1.436	268.0571344
1.4312	276.7905525
1.4264	274.4189629
1.4216	275.8166006
1.4168	272.6697288
1.412	279.9821678
1.4072	276.6386599
1.4024	272.9286456
1.3976	275.1137707
1.3928	270.6560012
1.388	271.8078425
1.3832	279.6908552
1.3784	272.2413706
1.3736	273.4423353
1.3688	271.8378017
1.364	275.5096309
1.3592	270.2757527
1.3544	273.4964984
1.3496	276.9929412
1.3448	275.9241454
1.34	275.1041691
1.3352	270.4530309
1.3304	274.2375968
1.3256	275.6238787
1.3208	265.599783
1.316	274.4125257
1.3112	268.4205818
1.3064	276.325492
1.3016	279.2183247
1.2968	272.3556213
1.292	279.3808736
1.2872	280.3092819
1.2824	276.0818165
1.2776	273.763658
1.2728	275.3519468
1.268	272.1762315
1.2632	275.1978206
1.2584	265.8823983
1.2536	278.9582301
1.2488	272.7994086
1.244	273.8774117
1.2392	277.1925713
1.2344	281.636409
1.2296	269.1166338
1.2248	272.1369505
1.22	277.6342791
1.2152	273.1377109
1.2104	268.4291569
1.2056	267.8998468
1.2008	272.3838647
1.196	278.0084206
1.1912	273.0815393
1.1864	279.2549135
1.1816	276.7400821
1.1768	273.8340922
1.172	269.1785726
1.1672	269.530718
1.1624	269.0697829
1.1576	281.2629646
1.1528	281.0415505
1.148	279.7604383
1.1432	266.3305558
1.1384	274.9996987
1.1336	271.341117
1.1288	273.2865538
1.124	269.3223612
1.1192	276.6327792
1.1144	275.5685339
1.1096	269.4107521
1.1048	271.2224985
1.1	269.2763466
1.0952	275.1612431
1.0904	280.7294362
1.0856	274.0907456
1.0808	275.1527092
1.076	278.4114689
1.0712	276.8047119
1.0664	285.2694604
1.0616	272.8385751
1.0568	277.9231782
1.052	273.4842572
1.0472	270.0380454
1.0424	276.4264427
1.0376	271.9317444
1.0328	279.5998709
1.028	279.1543802
1.0232	274.0221772
1.0184	271.6118943
1.0136	277.9701419
1.0088	271.7248234
1.004	275.6398808
0.9992	275.6376057
0.9944	275.587353
0.9896	278.4959759
0.9848	274.4160035
0.98	280.6013182
0.9752	274.4124372
0.9704	272.369642
0.9656	281.4905601
0.9608	277.7692918
0.956	274.243958
0.9512	279.3594611
0.9464	281.241616
0.9416	281.2113664
0.9368	278.3531247
0.932	271.1485729
0.9272	275.6205661
0.9224	273.5673291
0.9176	272.6353493
0.9128	276.2294038
0.908	276.6108986
0.9032	278.359082
0.8984	274.8324256
0.8936	276.5059715
0.8888	278.6811158
0.884	275.8962189
0.8792	274.5613454
0.8744	278.5761865
0.8696	277.1352836
0.8648	283.6901769
0.86	282.3055092
0.8552	280.1627138
0.8504	276.9448472
0.8456	272.4171376
0.8408	273.5981761
0.836	271.6720779
0.8312	270.5071708
0.8264	278.3166881
0.8216	279.2945132
0.8168	281.2691596
0.812	279.6839469
0.8072	275.6683939
0.8024	278.4724161
0.7976	278.8702313
0.7928	273.3096447
0.788	279.3680824
0.7832	275.2558473
0.7784	270.7275162
0.7736	275.2209179
0.7688	276.2151016
0.764	276.1141497
0.7592	270.8825194
0.7544	278.7950721
0.7496	279.7344786
0.7448	270.734134
0.74	278.7011695
0.7352	279.7903716
0.7304	280.8196444
0.7256	277.30244
0.7208	270.6686271
0.716	279.100965
0.7112	278.3461143
0.7064	273.4552877
0.7016	272.2119455
0.6968	273.1035355
0.692	274.1171232
0.6872	276.4992662
0.6824	275.5649129
0.6776	273.7038415
0.6728	271.5713793
0.668	270.7793457
0.6632	279.7505057
0.6584	283.3441659
0.6536	281.3931628
0.6488	277.496753
0.644	272.8199072
0.6392	275.0899447
0.6344	275.8709582
0.6296	277.9183777
0.6248	275.9673018
0.62	279.1367525
0.6152	272.2914196
0.6104	280.7099556
0.6056	278.8516255
0.6008	281.9775801
0.596	272.739149
0.5912	272.6663761
0.5864	277.9531882
0.5816	266.7729989
0.5768	282.4540481
0.572	272.3064326
0.5672	278.1161189
0.5624	271.5203399
0.5576	273.4840145
0.5528	275.9057173
0.548	274.2585265
0.5432	273.5666539
0.5384	275.6228115
0.5336	270.2142185
0.5288	274.8465766
0.524	278.5456559
0.5192	278.0044064
0.5144	266.5334629
0.5096	274.8357539
0.5048	276.9391685
0.5	275.2019482
0.4952	282.6745829
0.4904	273.118778
0.4856	276.9682749
0.4808	277.3013864
0.476	275.1952661
0.4712	275.9474383
0.4664	274.5770938
0.4616	272.5393382
0.4568	277.4042058
0.452	277.8538748
0.4472	278.393981
0.4424	274.9397673
0.4376	273.2126935
0.4328	275.9039914
0.428	271.6225253
0.4232	278.4331097
0.4184	270.9886919
0.4136	279.812674
0.4088	275.4963834
0.404	281.4451972
0.3992	277.2737132
0.3944	273.7877376
0.3896	280.5656967
0.3848	276.2944012
0.38	267.9831067
0.3752	282.1018774
0.3704	277.157951
0.3656	273.1284145
0.3608	268.1748905
0.356	278.6113021
0.3512	274.7528883
0.3464	277.0190137
0.3416	277.5711349
0.3368	278.4790825
0.332	272.8772221
0.3272	271.6420702
0.3224	277.6374298
0.3176	275.1506889
0.3128	272.2119822
0.308	275.7550696
0.3032	275.5029866
0.2984	282.4328144
0.2936	277.1962815
0.2888	274.0210214
0.284	274.3908092
0.2792	273.6318698
0.2744	281.9958566
0.2696	274.8200823
0.2648	275.8556925
0.26	278.3048129
0.2552	274.6527221
0.2504	277.8195331
0.2456	271.5292556
0.2408	273.0168966
0.236	271.753653
0.2312	279.701014
0.2264	272.6438593
0.2216	274.0136704
0.2168	278.2911741
0.212	273.2815164
0.2072	272.4329892
0.2024	276.0749832
0.1976	273.5707309
0.1928	270.4036644
0.188	273.8549958
0.1832	279.0892315
0.1784	271.6402529
0.1736	272.7934152
0.1688	272.5821118
0.164	274.7357801
0.1592	275.0900468
0.1544	273.5802443
0.1496	277.2586874
0.1448	271.3910775
0.14	278.7284744
0.1352	276.9692929
0.1304	272.7927169
0.1256	281.1504287
0.1208	275.0855244
0.116	278.7565154
0.1112	279.1191512
0.1064	277.9875802
0.1016	273.7735888
0.0968	271.5811986
0.092	276.543755
0.0872	272.4136462
0.0824	269.6376148
0.0776	272.0157921
0.0728	276.3507009
0.068	268.7949033
0.0632	279.3633079
0.0584	271.258225
0.0536	277.8622186
0.0488	275.0409105
0.044	279.9295266
0.0392	280.6409433
0.0344	277.1365921
0.0296	274.6865535
0.0248	279.1921501
0.02	272.9342854
0.0152	279.1798564
0.0104	276.1380377
0.0056	281.1226157
0.0008	271.341892
-0.004	282.6809086
-0.0088	271.3481145
-0.0136	284.3584896
-0.0184	279.5187686
-0.0232	279.5746248
-0.028	282.129295
-0.0328	277.9489867
-0.0376	272.8640384
-0.0424	274.9632379
-0.0472	280.6257669
-0.052	275.6076351
-0.0568	279.6780042
-0.0616	278.9410198
-0.0664	279.6490975
-0.0712	273.5002203
-0.076	277.155018
-0.0808	282.9148297
-0.0856	279.3672211
-0.0904	273.2207439
-0.0952	276.7995956
-0.1	279.8228717
-0.1048	273.3001717
-0.1096	282.9573742
-0.1144	279.0198481
-0.1192	273.6311179
-0.124	280.6584187
-0.1288	275.3064947
-0.1336	282.8458174
-0.1384	280.9082394
-0.1432	275.490593
-0.148	272.5305738
-0.1528	275.649113
-0.1576	269.9279358
-0.1624	273.7469315
-0.1672	280.3651246
-0.172	276.0610532
-0.1768	277.9083323
-0.1816	274.2065574
-0.1864	275.0250978
-0.1912	274.8949114
-0.196	279.9112773
-0.2008	278.4559683
-0.2056	284.2546573
-0.2104	272.570531
-0.2152	278.8091318
-0.22	276.0084864
-0.2248	281.9152628
-0.2296	278.0096909
-0.2344	278.9276493
-0.2392	276.8034828
-0.244	275.9471963
-0.2488	281.0059554
-0.2536	275.635588
-0.2584	277.6339604
-0.2632	277.0131708
-0.268	274.5989365
-0.2728	276.9211967
-0.2776	274.1998635
-0.2824	281.8069933
-0.2872	281.5622161
-0.292	279.6126598
-0.2968	278.3368157
-0.3016	277.0068356
-0.3064	277.3938293
-0.3112	276.4443649
-0.316	277.5875049
-0.3208	278.110276
-0.3256	279.018135
-0.3304	275.6786402
-0.3352	283.842528
-0.34	275.9985431
-0.3448	277.7113943
-0.3496	281.3170025
-0.3544	279.7819646
-0.3592	280.0273909
-0.364	270.3543769
-0.3688	281.0738876
-0.3736	281.6532089
-0.3784	272.017152
-0.3832	283.7149696
-0.388	278.2026444
-0.3928	280.1185793
-0.3976	276.0131336
-0.4024	279.876389
-0.4072	275.6294283
-0.412	270.241106
-0.4168	273.222092
-0.4216	275.5788451
-0.4264	275.5936629
-0.4312	277.3812547
-0.436	282.0031342
-0.4408	274.1055666
-0.4456	273.9601531
-0.4504	278.4452246
-0.4552	276.2931959
-0.46	274.7036228
-0.4648	274.2238316
-0.4696	279.3928739
-0.4744	278.4175255
-0.4792	279.9771642
-0.484	280.0080259
-0.4888	281.0485755
-0.4936	278.5919484
-0.4984	278.4494041
-0.5032	282.8182085
-0.508	278.1876192
-0.5128	271.0391227
-0.5176	277.6565415
-0.5224	277.0943883
-0.5272	280.3428989
-0.532	278.6563881
-0.5368	271.2647136
-0.5416	279.3583189
-0.5464	273.8617
-0.5512	275.3362373
-0.556	272.5424867
-0.5608	278.2584206
-0.5656	277.8991103
-0.5704	286.8013887
-0.5752	277.908471
-0.58	281.0861153
-0.5848	273.9596179
-0.5896	279.8473824
-0.5944	277.5728755
-0.5992	277.0494946
-0.604	286.1312219
-0.6088	287.4115378
-0.6136	273.3909129
-0.6184	280.352003
-0.6232	282.1383613
-0.628	277.7671969
-0.6328	274.5153822
-0.6376	276.0296214
-0.6424	277.8400803
-0.6472	287.8573691
-0.652	279.3391537
-0.6568	271.7697054
-0.6616	283.4049733
-0.6664	279.5373872
-0.6712	280.6669401
-0.676	274.4653068
-0.6808	279.031228
-0.6856	278.2514356
-0.6904	282.8806786
-0.6952	274.6782865
-0.7	279.7642224
-0.7048	281.6062717
-0.7096	274.5472744
-0.7144	278.2771787
-0.7192	277.6373762
-0.724	272.0653594
-0.7288	276.1540292
-0.7336	279.7632466
-0.7384	279.5659899
-0.7432	281.2326874
-0.748	276.0842165
-0.7528	278.2100208
-0.7576	277.9905763
-0.7624	275.4859059
-0.7672	281.7821397
-0.772	276.670424
-0.7768	278.661329
-0.7816	277.9905131
-0.7864	282.1805019
-0.7912	276.9422791
-0.796	283.600174
-0.8008	279.6450098
-0.8056	279.9789404
-0.8104	281.2798434
-0.8152	281.685506
-0.82	278.2050935
-0.8248	269.3689576
-0.8296	281.2701116
-0.8344	279.5542924
-0.8392	278.0511953
-0.844	275.579963
-0.8488	281.2495791
-0.8536	280.9282807
-0.8584	280.8173833
-0.8632	274.3598844
-0.868	274.7737153
-0.8728	278.2345061
-0.8776	280.2729339
-0.8824	274.3267744
-0.8872	273.9260523
-0.892	284.6680905
-0.8968	274.5925984
-0.9016	277.5586489
-0.9064	278.3450731
-0.9112	276.2347125
-0.916	276.4949723
-0.9208	278.2646177
-0.9256	274.6998139
-0.9304	284.2765621
-0.9352	280.7889091
-0.94	277.3580143
-0.9448	273.501415
-0.9496	280.264386
-0.9544	277.4822466
-0.9592	281.8122263
-0.964	275.6191538
-0.9688	283.0618061
-0.9736	284.8133032
-0.9784	280.5051556
-0.9832	278.047296
-0.988	282.7340073
-0.9928	278.2903991
-0.9976	281.6480665
-1.0024	279.5861688
-1.0072	277.0587386
-1.012	283.679079
-1.0168	278.753288
-1.0216	279.8495415
-1.0264	278.3510801
-1.0312	279.5108438
-1.036	275.9253778
-1.0408	278.1026159
-1.0456	279.6851889
-1.0504	273.3827711
-1.0552	273.8744144
-1.06	279.462025
-1.0648	279.7727314
-1.0696	281.9461233
-1.0744	276.0182921
-1.0792	285.8489373
-1.084	281.6640168
-1.0888	273.9784013
-1.0936	280.2138429
-1.0984	276.9292629
-1.1032	283.2786726
-1.108	274.3946446
-1.1128	275.9054629
-1.1176	278.357289
-1.1224	272.6229924
-1.1272	277.3822959
-1.132	276.8682012
-1.1368	275.0642676
-1.1416	278.828829
-1.1464	284.2914209
-1.1512	278.6161544
-1.156	269.4265133
-1.1608	281.8101969
-1.1656	274.55201
-1.1704	279.9564636
-1.1752	276.5839491
-1.18	281.4729962
-1.1848	278.6571129
-1.1896	283.199436
-1.1944	276.9601488
-1.1992	276.3367309
-1.204	277.7904363
-1.2088	276.8649767
-1.2136	278.1482361
-1.2184	274.6732208
-1.2232	280.8670034
-1.228	275.3114723
-1.2328	283.1433779
-1.2376	285.997999
-1.2424	282.081404
-1.2472	271.7873952
-1.252	275.7615362
-1.2568	274.4922174
-1.2616	277.819039
-1.2664	279.7367291
-1.2712	274.7243363
-1.276	283.4790292
-1.2808	277.2656735
-1.2856	273.76993
-1.2904	279.480047
-1.2952	281.4022698
-1.3	281.1530977
-1.3048	277.1816499
-1.3096	280.0310126
-1.3144	284.0481538
-1.3192	277.9282703
-1.324	279.3604516
-1.3288	280.0646927
-1.3336	269.5840197
-1.3384	287.0949107
-1.3432	274.4533927
-1.348	276.81815
-1.3528	281.916062
-1.3576	282.3136867
-1.3624	274.7022652
-1.3672	282.2305131
-1.372	276.8350394
-1.3768	275.184739
-1.3816	275.3189389
-1.3864	277.4793503
-1.3912	273.8419131
-1.396	281.8482568
-1.4008	275.301718
-1.4056	279.4908161
-1.4104	280.9142864
-1.4152	276.6646567
-1.42	275.041025
-1.4248	270.7820114
-1.4296	278.4916666
-1.4344	277.2332133
-1.4392	280.5537962
-1.444	281.4905737
-1.4488	284.5064954
-1.4536	273.9652695
-1.4584	278.7048871
-1.4632	277.107431
-1.468	274.9958769
-1.4728	279.4849112
-1.4776	271.0801946
-1.4824	274.8398048
-1.4872	280.663054
-1.492	277.1229356
-1.4968	286.7119155
-1.5016	279.2396101
-1.5064	280.2616571
-1.5112	277.5695082
-1.516	275.1192813
-1.5208	278.259855
-1.5256	280.5055855
-1.5304	280.1347191
-1.5352	276.2385575
-1.54	274.5067227
-1.5448	274.813619
-1.5496	283.2138003
-1.5544	279.8759179
-1.5592	282.9933162
-1.564	277.4328423
-1.5688	278.7483244
-1.5736	272.7997008
-1.5784	278.6447171
-1.5832	277.3144026
-1.588	279.5196585
-1.5928	283.7629344
-1.5976	275.6094648
-1.6024	277.3308493
-1.6072	280.0052284
-1.612	272.9766911
-1.6168	280.8545834
-1.6216	277.1154939
-1.6264	275.8393846
-1.6312	273.6919777
-1.636	277.156199
-1.6408	277.1041162
-1.6456	277.2212361
-1.6504	279.3969637
-1.6552	281.5123797
-1.66	276.9000009
-1.6648	282.0894038
-1.6696	277.6308486
-1.6744	273.9660981
-1.6792	276.0785146
-1.684	278.4036204
-1.6888	279.1508374
-1.6936	275.7422428
-1.6984	280.3426192
-1.7032	277.2012444
-1.708	280.9477742
-1.7128	279.7608686
-1.7176	280.3126346
-1.7224	276.0853451
-1.7272	276.4570004
-1.732	272.9464245
-1.7368	278.8076445
-1.7416	283.0959308
-1.7464	276.9716033
-1.7512	283.5289647
-1.756	281.0192503
-1.7608	270.8838404
-1.7656	279.3357379
-1.7704	281.8363207
-1.7752	277.5776879
-1.78	288.8576101
-1.7848	274.5948089
-1.7896	273.6283762
-1.7944	279.2324977
-1.7992	281.1266288
-1.804	280.6931407
-1.8088	280.123645
-1.8136	279.3611499
-1.8184	279.618035
-1.8232	274.305859
-1.828	281.7143602
-1.8328	283.4827101
-1.8376	280.613815
-1.8424	275.1423598
-1.8472	277.9675011
-1.852	275.2055028
-1.8568	278.2147204
-1.8616	278.3666119
-1.8664	266.9327147
-1.8712	276.4163448
-1.876	272.8438838
-1.8808	279.7272906
-1.8856	279.6492994
-1.8904	270.6494618
-1.8952	282.7321144
-1.9	271.2120346
-1.9048	282.0803629
-1.9096	278.0770251
-1.9144	281.742479
-1.9192	279.9907789
-1.924	275.0154607
-1.9288	275.7863384
-1.9336	276.4032412
-1.9384	276.71359
-1.9432	276.3731043
-1.948	279.1827274
-1.9528	281.7403831
-1.9576	273.1748457
-1.9624	274.9014514
-1.9672	280.4923255
-1.972	279.6819666
-1.9768	270.4379554
-1.9816	277.8022736
-1.9864	273.8264727
-1.9912	280.602373
-1.996	276.3586262
-2.0008	274.2002832
-2.0056	276.9613045
-2.0104	281.3890223
-2.0152	279.305297
-2.02	281.1525518
-2.0248	277.0010684
-2.0296	280.6940651
-2.0344	280.7358386
-2.0392	274.9401363
-2.044	284.1292788
-2.0488	277.6923678
-2.0536	282.1629142
-2.0584	275.296931
-2.0632	274.7635678
-2.068	271.5418522
-2.0728	277.7817118
-2.0776	272.6412931
-2.0824	281.0376017
-2.0872	275.6940596
-2.092	277.4482111
-2.0968	279.6209155
-2.1016	276.3971186
-2.1064	280.9393052
-2.1112	277.4424828
-2.116	285.1667453
-2.1208	280.647838
-2.1256	280.7798931
-2.1304	275.069001
-2.1352	273.8962583
-2.14	279.7841102
-2.1448	277.9073407
-2.1496	271.6399731
-2.1544	279.1486152
-2.1592	282.7891117
-2.164	280.9676756
-2.1688	269.2111715
-2.1736	273.9111421
-2.1784	274.0530021
-2.1832	278.9019678
-2.188	282.6837271
-2.1928	280.375702
-2.1976	273.5882452
-2.2024	282.8893146
-2.2072	275.7326046
-2.212	283.2740232
-2.2168	275.0614712
-2.2216	275.2230149
-2.2264	271.2589718
-2.2312	282.8880821
-2.236	274.1722297
-2.2408	276.3334675
-2.2456	277.0950741
-2.2504	276.1168554
-2.2552	276.2502172
-2.26	284.5081853
-2.2648	287.7522254
-2.2696	284.1100023
-2.2744	273.7547411
-2.2792	276.6711611
-2.284	282.0185628
-2.2888	279.7346078
-2.2936	280.4368533
-2.2984	276.319141
-2.3032	278.7526664
-2.308	271.1961841
-2.3128	276.0628661
-2.3176	275.1559965
-2.3224	275.9011322
-2.3272	281.4245208
-2.332	275.5682644
-2.3368	281.5344505
-2.3416	278.8559037
-2.3464	274.4678855
-2.3512	276.9508406
-2.356	282.9804252
-2.3608	282.6874339
-2.3656	279.5615183
-2.3704	282.0125936
-2.3752	277.4393078
-2.38	284.0927153
-2.3848	282.0398872
-2.3896	281.5953114
-2.3944	274.5362752
-2.3992	280.1214756
-2.404	278.1698645
-2.4088	281.3017093
-2.4136	274.1587663
-2.4184	281.6543268
-2.4232	277.806844
-2.428	271.2268534
-2.4328	276.2922935
-2.4376	285.8362629
-2.4424	275.1130735
-2.4472	274.0811187
-2.452	280.0310622
-2.4568	273.3939091
-2.4616	282.014412
-2.4664	272.4877884
-2.4712	275.3407953
-2.476	280.0701655
-2.4808	273.8586018
-2.4856	276.7874175
-2.4904	276.9255538
-2.4952	273.7206921
-2.5	278.1200931
-2.5048	278.7400827
-2.5096	278.5429502
-2.5144	273.0440102
-2.5192	278.0649983
-2.524	280.3171683
-2.5288	279.6582049
-2.5336	277.5934216
-2.5384	282.5488406
-2.5432	281.299338
-2.548	277.318198
-2.5528	283.0326868
-2.5576	278.3794893
-2.5624	277.752985
-2.5672	280.2187055
-2.572	277.3971063
-2.5768	277.8215777
-2.5816	276.6972589
-2.5864	275.2505239
-2.5912	275.1962684
-2.596	280.6460743
-2.6008	270.5004013
-2.6056	279.7556
-2.6104	282.658402
-2.6152	277.8198118
-2.62	285.5448746
-2.6248	275.7252378
-2.6296	271.9887552
-2.6344	281.8961489
-2.6392	281.9866497
-2.644	274.0724952
-2.6488	274.1602796
-2.6536	276.9095528
