12.1594	0
12.1546	0
12.1498	0
12.145	0
12.1402	0.129625965
12.1354	0
12.1306	0
12.1258	0
12.121	0
12.1162	0
12.1114	0.122663805
12.1066	0
12.1018	0
12.097	0.043208655
12.0922	0.043208655
12.0874	0
12.0826	0
12.0778	0.08641731
12.073	0.08553025
12.0682	0.043208655
12.0634	0.0417360175
12.0586	0
12.0538	0.08177587
12.049	0.043208655
12.0442	0
12.0394	0
12.0346	0
12.0298	0
12.025	0.0417360175
12.0202	0
12.0154	0
12.0106	0
12.0058	0.043208655
12.001	0
11.9962	0
11.9914	0
11.9866	0.043208655
11.9818	0.16774965
11.977	0.043208655
11.9722	0.042765125
11.9674	0.08641731
11.9626	0
11.9578	0
11.953	0
11.9482	0
11.9434	0
11.9386	0.08641731
11.9338	0.042765125
11.929	0.043208655
11.9242	0
11.9194	0.042765125
11.9146	0
11.9098	0
11.905	0
11.9002	0
11.8954	0.042765125
11.8906	0
11.8858	0
11.881	0
11.8762	0
11.8714	0
11.8666	0
11.8618	0
11.857	0
11.8522	0
11.8474	0
11.8426	0
11.8378	0
11.833	0.043208655
11.8282	0
11.8234	0
11.8186	0
11.8138	0
11.809	0.0417360175
11.8042	0
11.7994	0
11.7946	0
11.7898	0.040887935
11.785	0.043208655
11.7802	0.043208655
11.7754	0
11.7706	0
11.7658	0.042765125
11.761	0
11.7562	0
11.7514	0
11.7466	0.08553025
11.7418	0.042765125
11.737	0.043208655
11.7322	0.043208655
11.7274	0.08641731
11.7226	0.042765125
11.7178	0
11.713	0.08641731
11.7082	0.040887935
11.7034	0.043208655
11.6986	0
11.6938	1.103974245
11.689	0.0417360175
11.6842	0
11.6794	0
11.6746	0
11.6698	0
11.665	0
11.6602	0.042765125
11.6554	0.0417360175
11.6506	0
11.6458	0.042765125
11.641	0.042765125
11.6362	0.042765125
11.6314	0.1710605
11.6266	0.1704749225
11.6218	0.042765125
11.617	0.08553025
11.6122	0
11.6074	0
11.6026	0
11.5978	0.08641731
11.593	0
11.5882	0.0417360175
11.5834	0.128295375
11.5786	0.0417360175
11.5738	0
11.569	0.1281533275
11.5642	0
11.5594	0
11.5546	0.08553025
11.5498	0
11.545	0.12623716
11.5402	0.0845011425
11.5354	0.128738905
11.5306	0.0417360175
11.5258	0.128295375
11.521	0.08553025
11.5162	0.042765125
11.5114	0.1709184525
11.5066	0.0849446725
11.5018	0.17150403
11.497	0
11.4922	0.0417360175
11.4874	0.334431215
11.4826	0.08553025
11.4778	0
11.473	0.0417360175
11.4682	0
11.4634	0.254532535
11.4586	0
11.4538	0.2090421375
11.449	0.1662770125
11.4442	0
11.4394	0.12623716
11.4346	0.1710605
11.4298	0.0417360175
11.425	0.042765125
11.4202	0
11.4154	0.2107383025
11.4106	0.08553025
11.4058	0.21176741
11.401	0
11.3962	0.083472035
11.3914	0
11.3866	0.0826239525
11.3818	0.08553025
11.377	0.12623716
11.3722	0.0417360175
11.3674	0
11.3626	0.1252080525
11.3578	0
11.353	0
11.3482	0
11.3434	0
11.3386	0.169889345
11.3338	0.12623716
11.329	0
11.3242	0.1252080525
11.3194	0.124540995
11.3146	0.12623716
11.3098	0
11.305	0.0417360175
11.3002	0.043208655
11.2954	0.040887935
11.2906	0
11.2858	0
11.281	0
11.2762	0.08597378
11.2714	0
11.2666	0.0826239525
11.2618	0.1679731775
11.257	0.12623716
11.2522	0.124540995
11.2474	0.12668069
11.2426	0
11.2378	0.043208655
11.233	0.1252080525
11.2282	0.33648943
11.2234	0.2545715125
11.2186	0.042765125
11.2138	0.2545715125
11.209	0.2132400475
11.2042	0.1713619825
11.1994	0.0849446725
11.1946	0.127305245
11.1898	0.2535034275
11.185	0
11.1802	0.0417360175
11.1754	0.128295375
11.1706	0.169889345
11.1658	0.167568625
11.161	0.3405452925
11.1562	0.38095072
11.1514	0.2568922325
11.1466	0.29542047
11.1418	0
11.137	0.2926951975
11.1322	0.128295375
11.1274	0.29354328
11.1226	0.08553025
11.1178	0.207832005
11.113	0.294249315
11.1082	0.042765125
11.1034	0.2141271075
11.0986	0.2090421375
11.0938	0.2086800875
11.089	0.08177587
11.0842	0.29130404
11.0794	0.083472035
11.0746	0.210958305
11.0698	0.208194055
11.065	0.0849446725
11.0602	0.2093046425
11.0554	0.08597378
11.0506	0.083472035
11.0458	0.1662770125
11.041	0.1643998225
11.0362	0
11.0314	0.12435997
11.0266	0.1253890775
11.0218	0.043208655
11.017	0.169889345
11.0122	0.2107383025
11.0074	0.083472035
11.0026	0.0417360175
10.9978	0.1235118875
10.993	0.21033375
10.9882	0.08409659
10.9834	0.083472035
10.9786	0.08365306
10.9738	0.042765125
10.969	0.043208655
10.9642	0.1681542025
10.9594	0.21033375
10.9546	0.3374189925
10.9498	0.29443034
10.945	0.124984525
10.9402	0.124540995
10.9354	0.1684167075
10.9306	0.249344495
10.9258	0.1252080525
10.921	0.2870636275
10.9162	0.291485065
10.9114	0.1235118875
10.9066	0.1258326075
10.9018	0.2929577025
10.897	0.45485578
10.8922	0.41834678
10.8874	0.332373
10.8826	0.08553025
10.8778	0.332373
10.873	0.3338456375
10.8682	0.167125095
10.8634	0.293805785
10.8586	0.12435997
10.8538	0.4607073525
10.849	0.4558848875
10.8442	0.3357228275
10.8394	0.4198194175
10.8346	0.2071649475
10.8298	0.2539469575
10.825	0.3352792975
10.8202	0.336389885
10.8154	0.414773425
10.8106	0.6252882
10.8058	0.2118063875
10.801	0.7588920725
10.7962	0.3749145975
10.7914	0.501375285
10.7866	0.29443034
10.7818	0.7029086625
10.777	0.4992745675
10.7722	0.45709502
10.7674	0.6265798125
10.7626	0.45753855
10.7578	0.5446229175
10.753	0.5806069075
10.7482	0.7131816725
10.7434	0.46361365
10.7386	0.8343303375
10.7338	0.7987509
10.729	0.494672105
10.7242	0.7149773825
10.7194	1.0474283375
10.7146	1.044784545
10.7098	0.92034662
10.705	0.7076496475
10.7002	0.7121100625
10.6954	1.54420116
10.6906	1.2562504725
10.6858	1.0876917175
10.681	0.9612735325
10.6762	1.25727958
10.6714	1.37725709
10.6666	1.38619951
10.6618	1.37824722
10.657	1.5484415725
10.6522	1.3378453175
10.6474	1.555098725
10.6426	2.383943065
10.6378	1.6245823475
10.633	2.00085265
10.6282	2.6198422225
10.6234	1.87701769
10.6186	1.8410127875
10.6138	1.5991554625
10.609	3.141440455
10.6042	2.510180225
10.5994	2.75951767
10.5946	2.34394219
10.5898	2.7321781425
10.585	2.833891375
10.5802	3.3839648375
10.5754	2.5908239175
10.5706	2.3896171375
10.5658	3.12725363
10.561	3.180107215
10.5562	4.05098553
10.5514	3.5498798
10.5466	4.147576305
10.5418	4.38746042
10.537	3.611831715
10.5322	3.8103453875
10.5274	5.326834395
10.5226	5.018923265
10.5178	5.06604926
10.513	4.711331005
10.5082	4.9286095275
10.5034	5.558053135
10.4986	5.71764788
10.4938	6.620342405
10.489	5.4605962125
10.4842	5.6847943925
10.4794	6.0930527125
10.4746	6.268428055
10.4698	8.055371565
10.465	7.73271247
10.4602	8.8121309925
10.4554	8.3313636525
10.4506	7.8282497
10.4458	8.5891769075
10.441	8.83065981
10.4362	8.900667085
10.4314	9.271042635
10.4266	8.8521052625
10.4218	9.413079815
10.417	11.5287895525
10.4122	9.847849135
10.4074	12.027477185
10.4026	14.1267191675
10.3978	12.9356909925
10.393	13.808041945
10.3882	13.2339132
10.3834	16.19425289
10.3786	16.5738472275
10.3738	18.4312984525
10.369	17.7982676275
10.3642	17.17006608
10.3594	17.390645115
10.3546	18.380462985
10.3498	20.9673534275
10.345	21.5558778525
10.3402	20.6160784125
10.3354	22.26185645
10.3306	22.6938692475
10.3258	23.99062754
10.321	25.1230721325
10.3162	29.6669438225
10.3114	28.9484531075
10.3066	28.62364035
10.3018	28.8832605675
10.297	32.641293955
10.2922	36.0363353475
10.2874	33.31614353
10.2826	33.6734633125
10.2778	37.481426735
10.273	36.4976760325
10.2682	38.683068245
10.2634	41.36290612
10.2586	43.847478875
10.2538	41.226943935
10.249	43.595170935
10.2442	45.5291992125
10.2394	45.671904805
10.2346	45.3519590525
10.2298	47.4423046425
10.225	48.4228722375
10.2202	50.85999457
10.2154	57.42363868
10.2106	54.6660759175
10.2058	56.1464892225
10.201	54.8089851775
10.1962	61.8877878325
10.1914	61.8279172125
10.1866	63.4183240925
10.1818	67.15090585
10.177	67.1276950225
10.1722	69.1967128725
10.1674	71.8757599125
10.1626	73.3626734375
10.1578	75.2701088225
10.153	71.8114895775
10.1482	77.906632125
10.1434	81.4873300125
10.1386	82.0650961
10.1338	87.7127221625
10.129	85.0774913875
10.1242	88.06896454
10.1194	95.11644352
10.1146	96.2932177975
10.1098	98.1899065125
10.105	100.827009285
10.1002	100.2780698
10.0954	103.0285023225
10.0906	101.2836496975
10.0858	107.7021266725
10.081	109.446848635
10.0762	110.6784249625
10.0714	114.6441574925
10.0666	114.596154335
10.0618	117.152631895
10.057	122.8462950875
10.0522	117.656048615
10.0474	124.778669025
10.0426	124.345786555
10.0378	130.36173666
10.033	135.3141135425
10.0282	134.1879998425
10.0234	137.5306963975
10.0186	137.7685581875
10.0138	138.15990146
10.009	141.478155255
10.0042	142.977041585
9.9994	143.1567224825
9.9946	148.9822613225
9.9898	145.055036155
9.985	153.0858645025
9.9802	152.28000055
9.9754	157.672958295
9.9706	158.5573531975
9.9658	161.6773401625
9.961	162.576509025
9.9562	163.091078495
9.9514	167.6812609675
9.9466	171.8609518825
9.9418	170.8674462625
9.937	174.08683673
9.9322	175.7817173625
9.9274	175.0121092175
9.9226	175.940812445
9.9178	178.8844301475
9.913	180.5405357325
9.9082	181.9151084575
9.9034	179.05409905
9.8986	187.997079115
9.8938	186.38800134
9.889	190.4264495025
9.8842	188.73878405
9.8794	190.49445046
9.8746	189.04314392
9.8698	194.1005474625
9.865	199.9611409675
9.8602	198.50714817
9.8554	202.45429026
9.8506	199.629706615
9.8458	200.1864795975
9.841	203.5047242075
9.8362	203.466589235
9.8314	208.6373685175
9.8266	211.6978522625
9.8218	207.8117318525
9.817	211.299517115
9.8122	210.3564744725
9.8074	213.0578679875
9.8026	218.401310625
9.7978	217.6064234425
9.793	216.1029297675
9.7882	216.603367085
9.7834	219.7144498375
9.7786	220.5321748125
9.7738	222.18327158
9.769	222.507833895
9.7642	227.248959705
9.7594	227.59183995
9.7546	225.3732654525
9.7498	228.13935415
9.745	235.2330493575
9.7402	231.0097401175
9.7354	232.513337675
9.7306	229.972852045
9.7258	227.320051365
9.721	231.3823660275
9.7162	237.9709735275
9.7114	236.81860279
9.7066	240.1825160475
9.7018	233.45149898
9.697	239.52041418
9.6922	237.764348305
9.6874	239.7892132925
9.6826	243.82847764
9.6778	245.9155888475
9.673	244.1116944975
9.6682	241.798317005
9.6634	237.2362076425
9.6586	241.3689763975
9.6538	247.4676876225
9.649	243.27972474
9.6442	247.2357360425
9.6394	244.9793852975
9.6346	243.4601196
9.6298	249.4216661125
9.625	250.886389985
9.6202	248.67376379
9.6154	253.4006604075
9.6106	252.2670940425
9.6058	245.8265314
9.601	255.9256785825
9.5962	250.2910581925
9.5914	250.3152013275
9.5866	256.9370960175
9.5818	254.9317174725
9.577	257.2683215925
9.5722	256.9510498575
9.5674	258.27155717
9.5626	258.6831450875
9.5578	265.0133215875
9.553	256.511577145
9.5482	250.32381203
9.5434	255.6611023625
9.5386	262.4679615675
9.5338	258.07137801
9.529	259.756593615
9.5242	259.461107255
9.5194	257.6683025125
9.5146	268.2436294825
9.5098	259.896579895
9.505	261.99924143
9.5002	260.72005992
9.4954	260.7009129175
9.4906	260.6320120275
9.4858	269.021227635
9.481	260.618626475
9.4762	262.731223335
9.4714	264.6038656425
9.4666	262.5097087075
9.4618	268.112565215
9.457	263.664127755
9.4522	261.40879155
9.4474	267.8443371675
9.4426	263.3844368725
9.4378	267.307008065
9.433	263.86457112
9.4282	266.8377243025
9.4234	269.3269315825
9.4186	269.0790644775
9.4138	261.3900383925
9.409	267.26817241
9.4042	266.079711565
9.3994	268.101598675
9.3946	265.894133135
9.3898	269.6123075875
9.385	262.961548775
9.3802	273.2527333225
9.3754	268.9262149725
9.3706	265.064196375
9.3658	269.4167420075
9.361	270.6074765625
9.3562	265.2652599875
9.3514	271.5051098425
9.3466	272.2754351675
9.3418	270.0030201425
9.337	271.41327246
9.3322	264.2711279525
9.3274	269.69409685
9.3226	264.9403045775
9.3178	273.520311395
9.313	271.442418165
9.3082	266.8650239675
9.3034	272.6937664925
9.2986	268.9961545275
9.2938	267.686423305
9.289	269.901226245
9.2842	273.4956956525
9.2794	270.0855244775
9.2746	267.311886215
9.2698	268.1149568025
9.265	275.4430383025
9.2602	270.1442923425
9.2554	274.64046737
9.2506	268.1376567575
9.2458	277.2708751325
9.241	276.29621059
9.2362	267.8493085625
9.2314	270.391703045
9.2266	277.39656525
9.2218	270.59072539
9.217	275.18479321
9.2122	273.960229105
9.2074	276.189364845
9.2026	273.16485233
9.1978	274.144070355
9.193	273.965676425
9.1882	273.775906085
9.1834	268.5506084425
9.1786	273.7774992825
9.1738	270.62080924
9.169	270.9066157225
9.1642	273.71265517
9.1594	269.75587004
9.1546	270.174868835
9.1498	270.2837734475
9.145	276.3795061425
9.1402	272.66945223
9.1354	275.15909552
9.1306	272.1278852525
9.1258	276.6531600925
9.121	268.000177705
9.1162	274.320116015
9.1114	268.8505950075
9.1066	275.1280012
9.1018	276.2688294125
9.097	270.38831004
9.0922	274.4307820675
9.0874	270.259192745
9.0826	273.2750652625
9.0778	272.6581434325
9.073	274.6669824675
9.0682	275.8264690025
9.0634	272.513546655
9.0586	273.31315947
9.0538	271.7818292475
9.049	279.9364995775
9.0442	272.3371942325
9.0394	275.317887015
9.0346	270.601325305
9.0298	277.67932085
9.025	268.9619651
9.0202	272.84134356
9.0154	271.27337938
9.0106	272.859340995
9.0058	280.4986061725
9.001	278.6318009975
8.9962	275.6409859825
8.9914	268.939798835
8.9866	277.141828375
8.9818	271.99403968
8.977	278.6472519725
8.9722	269.76212071
8.9674	269.6950428825
8.9626	275.7645499275
8.9578	273.06294316
8.953	278.3827433375
8.9482	273.8681373475
8.9434	277.2453244675
8.9386	277.87253291
8.9338	271.11956666
8.929	275.518105095
8.9242	278.279171015
8.9194	274.008327835
8.9146	272.4546718575
8.9098	277.0053753825
8.905	273.4103330025
8.9002	276.34742631
8.8954	268.7338898375
8.8906	273.6253883175
8.8858	271.3017286275
8.881	273.6964442275
8.8762	278.4468480625
8.8714	275.68570388
8.8666	270.668420615
8.8618	275.5086515575
8.857	273.67252916
8.8522	275.22533333
8.8474	274.689828975
8.8426	275.8009513925
8.8378	271.9219570425
8.833	270.9726428925
8.8282	268.5442485975
8.8234	277.7966842225
8.8186	269.4115334275
8.8138	271.6284123025
8.809	278.3337403925
8.8042	275.860937615
8.7994	275.1985306375
8.7946	273.5588116725
8.7898	272.82373451
8.785	272.1477175375
8.7802	278.09448188
8.7754	278.843535695
8.7706	274.7715240425
8.7658	274.3105913675
8.761	271.0950727575
8.7562	269.9719388725
8.7514	278.45099083
8.7466	275.14917337
8.7418	279.6633895525
8.737	275.28435532
8.7322	272.649019615
8.7274	272.0003741325
8.7226	274.63428259
8.7178	276.2891111625
8.713	274.447105915
8.7082	274.1982425675
8.7034	270.7193031325
8.6986	274.54931534
8.6938	278.6711198625
8.689	274.29845218
8.6842	276.6201535425
8.6794	272.72209503
8.6746	267.35050888
8.6698	277.603629235
8.665	272.040337255
8.6602	272.54494014
8.6554	275.1054465875
8.6506	280.0326411275
8.6458	272.327611695
8.641	277.2720482175
8.6362	280.5353902125
8.6314	275.835318015
8.6266	276.6767434425
8.6218	271.05015316
8.617	276.9579725775
8.6122	276.306844365
8.6074	274.282577495
8.6026	273.052556745
8.5978	273.2043788675
8.593	277.1744850075
8.5882	275.9655860225
8.5834	274.04511931
8.5786	270.2122641125
8.5738	273.12558138
8.569	274.6516746125
8.5642	272.609329205
8.5594	277.4834610675
8.5546	274.744302365
8.5498	279.2079620925
8.545	275.3733008475
8.5402	270.1094935025
8.5354	275.85050836
8.5306	274.95491021
8.5258	275.8009188125
8.521	272.6014492375
8.5162	270.44826671
8.5114	274.147337585
8.5066	270.963158105
8.5018	266.655882625
8.497	277.6941226425
8.4922	273.4551574625
8.4874	271.13545795
8.4826	278.321769555
8.4778	273.7245526575
8.473	269.0617486375
8.4682	275.1490557225
8.4634	276.35209012
8.4586	267.82486805
8.4538	275.8643044575
8.449	276.02179601
8.4442	277.64473676
8.4394	270.9485537825
8.4346	272.5932649875
8.4298	275.5949256975
8.425	270.51966355
8.4202	268.658252585
8.4154	272.57564482
8.4106	277.28872415
8.4058	267.778048005
8.401	274.8981163075
8.3962	277.597062205
8.3914	275.6369478175
8.3866	273.67950362
8.3818	267.85361683
8.377	274.3062266
8.3722	275.170390545
8.3674	277.029993025
8.3626	269.700302745
8.3578	277.1694643675
8.353	275.2565107775
8.3482	273.07596656
8.3434	275.6928655725
8.3386	268.80635043
8.3338	274.9150034225
8.329	272.812006385
8.3242	268.91484198
8.3194	271.75082146
8.3146	269.6590539075
8.3098	271.3895877625
8.305	274.04631114
8.3002	271.970358885
8.2954	278.0404401225
8.2906	273.934814215
8.2858	273.4234944825
8.281	270.167047165
8.2762	277.0788290475
8.2714	269.5420733925
8.2666	277.732673755
8.2618	273.1782639075
8.257	267.0203731175
8.2522	270.8646645825
8.2474	275.4239586125
8.2426	274.61113158
8.2378	271.874349925
8.233	270.1652154225
8.2282	270.5843548075
8.2234	278.725572645
8.2186	278.4949390725
8.2138	275.1340562675
8.209	272.0173956425
8.2042	275.57180533
8.1994	274.6906204525
8.1946	272.9900140275
8.1898	271.5055252375
8.185	277.5981415725
8.1802	274.401049625
8.1754	275.5629086
8.1706	273.40436121
8.1658	277.88970422
8.161	277.693240595
8.1562	274.396362705
8.1514	275.9243118375
8.1466	273.950896295
8.1418	275.894043505
8.137	270.715119215
8.1322	270.4628708325
8.1274	270.7313196925
8.1226	273.45457348
8.1178	273.365670015
8.113	277.5356838325
8.1082	271.9513490225
8.1034	273.0104481375
8.0986	274.2602042775
8.0938	273.28396698
8.089	274.347410045
8.0842	270.71343522
8.0794	273.3633809825
8.0746	272.581980695
8.0698	275.386951645
8.065	276.9947842825
8.0602	271.30367272
8.0554	279.6412006825
8.0506	273.93567616
8.0458	274.413319165
8.041	277.4830620775
8.0362	277.2455968
8.0314	276.600604905
8.0266	272.6079862425
8.0218	274.222713315
8.017	274.669988415
8.0122	277.80334595
8.0074	273.0090250175
8.0026	267.355469425
7.9978	273.36417043
7.993	280.0369050625
7.9882	272.705919805
7.9834	276.280851255
7.9786	276.0077582825
7.9738	275.8659886225
7.969	277.3082697025
7.9642	276.34696536
7.9594	272.687078665
7.9546	276.326048445
7.9498	272.78679289
7.945	278.0040661925
7.9402	281.73752833
7.9354	276.0598473
7.9306	275.7277807975
7.9258	270.624498305
7.921	273.2121467425
7.9162	269.4800906
7.9114	276.04331081
7.9066	275.2549073175
7.9018	268.4649945725
7.897	272.56201689
7.8922	277.348976505
7.8874	273.92145412
7.8826	275.3822342875
7.8778	274.1346473575
7.873	272.876920015
7.8682	271.53721621
7.8634	275.533328785
7.8586	276.02900068
7.8538	271.26108076
7.849	276.61316603
7.8442	276.496221885
7.8394	270.6489268875
7.8346	274.0670699075
7.8298	279.141163305
7.825	271.9884328125
7.8202	275.7208439925
7.8154	275.0326656375
7.8106	276.378341565
7.8058	271.7894675775
7.801	271.7887863925
7.7962	270.42485747
7.7914	273.18678303
7.7866	272.191769395
7.7818	272.73810075
7.777	274.67634503
7.7722	273.9616473025
7.7674	273.4395395175
7.7626	277.6375971
7.7578	273.35995344
7.753	272.6641460325
7.7482	281.2433517825
7.7434	269.998379275
7.7386	280.2811641425
7.7338	275.052264165
7.729	278.33539646
7.7242	267.75079494
7.7194	273.16277086
7.7146	276.5454482525
7.7098	273.9875704575
7.705	271.49546403
7.7002	277.6672440575
7.6954	277.5167690325
7.6906	274.0382102525
7.6858	277.1671144625
7.681	274.2056040925
7.6762	270.5488603725
7.6714	274.9323484775
7.6666	274.0479645975
7.6618	276.8600589075
7.657	272.87165656
7.6522	270.1434012125
7.6474	275.150484875
7.6426	276.75907323
7.6378	275.4758208825
7.633	276.394969025
7.6282	271.3424574625
7.6234	272.0703416175
7.6186	275.52178236
7.6138	276.802483555
7.609	274.9350476875
7.6042	276.73984777
7.5994	275.7386509475
7.5946	282.498454285
7.5898	272.62159898
7.585	275.834884245
7.5802	273.0229238475
7.5754	277.36710464
7.5706	274.2752588425
7.5658	272.6334601
7.561	276.3474558625
7.5562	273.9539980875
7.5514	274.8003394225
7.5466	273.9899819475
7.5418	273.8315545925
7.537	275.900294925
7.5322	279.332477425
7.5274	274.38967227
7.5226	269.498672695
7.5178	280.2632441875
7.513	274.0637093725
7.5082	275.6981499725
7.5034	277.6614548875
7.4986	268.89072911
7.4938	270.9939851
7.489	268.7289931775
7.4842	271.59228674
7.4794	276.2409901275
7.4746	277.6144944575
7.4698	275.32962219
7.465	274.7784918375
7.4602	276.96464244
7.4554	270.79607985
7.4506	277.738586365
7.4458	269.11443438
7.441	274.678818575
7.4362	276.3457368575
7.4314	274.7225514325
7.4266	277.2404784825
7.4218	269.766030895
7.417	277.6424842025
7.4122	273.4006999
7.4074	267.7642173325
7.4026	278.9005994925
7.3978	274.4813429975
7.393	275.4087793825
7.3882	273.4146229675
7.3834	279.590247265
7.3786	275.76297944
7.3738	278.63747066
7.369	274.31299675
7.3642	272.4101169925
7.3594	271.218314075
7.3546	271.3009466375
7.3498	274.7451241075
7.345	275.0519165225
7.3402	272.89481885
7.3354	273.4082811575
7.3306	276.0735011825
7.3258	272.778845855
7.321	273.3126427225
7.3162	276.339374575
7.3114	277.9193890375
7.3066	273.1611541825
7.3018	273.512078975
7.297	273.98652542
7.2922	282.2581871025
7.2874	276.309816825
7.2826	271.41893826
7.2778	267.3716762975
7.273	274.8506532725
7.2682	267.627282345
7.2634	268.8191777175
7.2586	276.170173775
7.2538	277.667441455
7.249	273.12977187
7.2442	268.331547625
7.2394	272.264189415
7.2346	276.341233835
7.2298	278.4103479125
7.225	271.099755315
7.2202	275.6526086675
7.2154	280.8661984925
7.2106	276.6120592025
7.2058	269.447765175
7.201	281.00170148
7.1962	279.513061455
7.1914	275.2966357425
7.1866	275.538941475
7.1818	281.872035295
7.177	276.271797875
7.1722	277.34443336
7.1674	275.522599875
7.1626	275.4867881275
7.1578	270.991752435
7.153	278.39887429
7.1482	271.2855920775
7.1434	276.074852995
7.1386	271.2985826375
7.1338	270.90446193
7.129	275.5269618625
7.1242	274.4351439225
7.1194	268.9535880525
7.1146	269.3937606375
7.1098	277.003755785
7.105	275.11349503
7.1002	273.7811544875
7.0954	273.6134172375
7.0906	274.44745332
7.0858	271.3576878025
7.081	273.34336729
7.0762	276.5131604525
7.0714	274.30933131
7.0666	277.9373236675
7.0618	270.562253075
7.057	272.69959559
7.0522	278.7861136725
7.0474	271.30650571
7.0426	275.2171417475
7.0378	276.0279981475
7.033	272.9356095425
7.0282	276.8958627875
7.0234	272.9454215025
7.0186	271.945907795
7.0138	272.293687645
7.009	272.68911756
7.0042	274.8979241625
6.9994	273.40471736
6.9946	269.30534148
6.9898	273.4338129125
6.985	270.5820199175
6.9802	272.32821866
6.9754	277.0017885
6.9706	274.9701773575
6.9658	278.1635317375
6.961	268.6572302925
6.9562	277.2858326575
6.9514	271.4446098625
6.9466	278.6177819375
6.9418	272.4486513925
6.937	276.9113209925
6.9322	274.304736605
6.9274	273.701879785
6.9226	274.508021365
6.9178	279.3580183975
6.913	276.801526165
6.9082	275.405701855
6.9034	275.1008611025
6.8986	277.439796615
6.8938	275.18465136
6.889	274.41523089
6.8842	272.8415485775
6.8794	273.399744785
6.8746	270.0989650375
6.8698	270.40864107
6.865	273.4492227175
6.8602	277.04704226
6.8554	270.48252417
6.8506	277.941940435
6.8458	274.8343520025
6.841	269.8168560275
6.8362	275.1558894975
6.8314	276.9667769125
6.8266	272.81002711
6.8218	273.2837784625
6.817	271.2371815225
6.8122	275.8064647025
6.8074	278.554829555
6.8026	271.1431541075
6.7978	266.1693321475
6.793	274.9582790175
6.7882	278.0974472575
6.7834	271.91828305
6.7786	271.3052084675
6.7738	273.5472268425
6.769	274.4851722775
6.7642	277.6466940725
6.7594	272.672800155
6.7546	278.76997306
6.7498	271.4859633175
6.745	275.87031448
6.7402	271.2969217175
6.7354	278.2504000925
6.7306	274.4637655625
6.7258	273.213281155
6.721	273.798375085
6.7162	275.9269384475
6.7114	272.9843588325
6.7066	271.141446795
6.7018	276.1788169875
6.697	272.7051244575
6.6922	278.9660098925
6.6874	275.1266807425
6.6826	272.0016622225
6.6778	271.8554602825
6.673	274.573688005
6.6682	269.53427589
6.6634	278.3056365625
6.6586	272.592848265
6.6538	272.414398275
6.649	277.560236535
6.6442	271.53416465
6.6394	275.9832200525
6.6346	275.57363955
6.6298	273.3057926775
6.625	270.5353298275
6.6202	275.23583712
6.6154	270.9499325975
6.6106	268.67881396
6.6058	273.9468567025
6.601	275.8770928725
6.5962	273.0918445625
6.5914	273.70355368
6.5866	271.55734728
6.5818	270.367111325
6.577	273.9207385875
6.5722	269.843526665
6.5674	273.492857335
6.5626	275.495914425
6.5578	273.52648604
6.553	271.4263181275
6.5482	272.15924193
6.5434	274.8735967175
6.5386	271.9968290775
6.5338	274.0689064225
6.529	276.8336257925
6.5242	269.117645245
6.5194	274.3290741825
6.5146	273.35901727
6.5098	278.8638669625
6.505	273.183113455
6.5002	275.346866205
6.4954	273.96201139
6.4906	273.57704958
6.4858	275.15646338
6.481	269.904320175
6.4762	274.9930401325
6.4714	271.2571883325
6.4666	268.883719165
6.4618	276.75452781
6.457	273.89108377
6.4522	276.1185853025
6.4474	273.5344784275
6.4426	273.197913345
6.4378	272.340840245
6.433	271.486352275
6.4282	274.7561148475
6.4234	271.3275841575
6.4186	274.8790161475
6.4138	276.3536818575
6.409	275.6586856975
6.4042	274.16818973
6.3994	266.04817301
6.3946	271.147228715
6.3898	275.09140401
6.385	269.00086003
6.3802	280.89072255
6.3754	272.99350533
6.3706	272.6995899275
6.3658	277.10663271
6.361	271.497753265
6.3562	275.62145853
6.3514	273.42752933
6.3466	269.655037735
6.3418	274.934665875
6.337	276.2541569575
6.3322	272.1437616975
6.3274	276.1913477425
6.3226	272.2234978575
6.3178	272.822981225
6.313	279.6083195
6.3082	271.0703891925
6.3034	276.20256614
6.2986	271.853320615
6.2938	275.6086353375
6.289	269.7821014575
6.2842	270.9108100025
6.2794	271.4138939275
6.2746	275.158807725
6.2698	270.4721575425
6.265	277.7974088675
6.2602	274.5049504075
6.2554	271.9083435575
6.2506	273.291919505
6.2458	275.5124668775
6.241	271.0900385625
6.2362	276.2231235875
6.2314	272.72903665
6.2266	276.4977346475
6.2218	275.4210489625
6.217	270.8608026925
6.2122	275.494850675
6.2074	271.58943819
6.2026	276.31949097
6.1978	272.6787234175
6.193	269.26888135
6.1882	273.8998309325
6.1834	276.6777796025
6.1786	272.26692336
6.1738	272.4008717625
6.169	270.5608691025
6.1642	272.95252829
6.1594	272.166554075
6.1546	273.7109529
6.1498	271.266397355
6.145	274.4500305425
6.1402	279.6694079825
6.1354	269.9588795825
6.1306	277.811002755
6.1258	266.741565265
6.121	273.128974285
6.1162	272.1025320475
6.1114	273.8991927525
6.1066	278.6761859875
6.1018	276.59385732
6.097	276.528217495
6.0922	272.16211698
6.0874	275.6161117325
6.0826	278.1230783775
6.0778	273.2174849925
6.073	274.9676026725
6.0682	276.49234311
6.0634	274.3345024325
6.0586	272.733308175
6.0538	280.577243705
6.049	274.6732668625
6.0442	279.10022636
6.0394	279.340058315
6.0346	271.4561114675
6.0298	274.61601129
6.025	275.01922911
6.0202	271.8280563525
6.0154	279.7958604975
6.0106	274.3816380875
6.0058	278.1920852925
6.001	275.58485178
5.9962	272.9361877325
5.9914	274.8612513925
5.9866	283.140264095
5.9818	274.3239413275
5.977	277.00079871
5.9722	273.7821540375
5.9674	273.6862605575
5.9626	279.1339016975
5.9578	277.3206129925
5.953	275.7095561775
5.9482	271.8362264775
5.9434	274.6905227425
5.9386	275.1211589225
5.9338	274.5846765025
5.929	276.527391165
5.9242	279.871618005
5.9194	275.4148654275
5.9146	277.4433256375
5.9098	276.57714367
5.905	283.315313755
5.9002	273.95069663
5.8954	268.422245345
5.8906	277.9819999425
5.8858	272.6309871675
5.881	273.32238249
5.8762	273.9203759325
5.8714	269.5875347075
5.8666	270.1595309825
5.8618	268.5304214475
5.857	276.0741279075
5.8522	275.43220862
5.8474	277.376047395
5.8426	275.0935646175
5.8378	274.6895960275
5.833	272.6884735825
5.8282	272.3244547525
5.8234	271.55575442
5.8186	271.844793425
5.8138	274.1339334925
5.809	272.27112022
5.8042	274.41104478
5.7994	272.4152793725
5.7946	272.237698915
5.7898	279.8797042425
5.785	276.31922985
5.7802	272.6142808
5.7754	275.1012651825
5.7706	274.269925125
5.7658	279.442304755
5.761	273.3622018975
5.7562	276.4918834875
5.7514	272.160856985
5.7466	275.2336225525
5.7418	271.7977896175
5.737	271.5970115875
5.7322	280.509837415
5.7274	275.3463075425
5.7226	270.3037304975
5.7178	268.1305894575
5.713	270.882258
5.7082	278.8461071275
5.7034	275.14895177
5.6986	276.1321424825
5.6938	273.041405215
5.689	272.6101837925
5.6842	276.1755704325
5.6794	274.541653515
5.6746	279.2255721525
5.6698	275.7707765
5.665	272.6731817325
5.6602	270.696312205
5.6554	276.278802125
5.6506	275.908703725
5.6458	271.9663585775
5.641	277.4851118125
5.6362	275.5752679625
5.6314	272.3587799625
5.6266	273.43264555
5.6218	280.83236368
5.617	266.1255771975
5.6122	275.751648005
5.6074	273.4437339
5.6026	277.3705826825
5.5978	277.1191441475
5.593	277.751876205
5.5882	274.74387029
5.5834	275.30370463
5.5786	279.5594359625
5.5738	275.6356857925
5.569	274.3531390975
5.5642	281.9133275425
5.5594	267.71893657
5.5546	275.4078294825
5.5498	275.19491241
5.545	275.164989315
5.5402	273.985722005
5.5354	277.1197283425
5.5306	277.388448275
5.5258	277.77269554
5.521	273.3594842475
5.5162	272.3568393575
5.5114	274.492584205
5.5066	276.4409114625
5.5018	276.54851172
5.497	273.28046012
5.4922	273.92219981
5.4874	274.4573527175
5.4826	276.17484691
5.4778	278.1523662375
5.473	273.9967346775
5.4682	273.42250286
5.4634	273.4479776025
5.4586	273.10191279
5.4538	274.1382452525
5.449	278.287615235
5.4442	275.0471337425
5.4394	267.340930075
5.4346	272.5367627
5.4298	275.8743037425
5.425	275.136624645
5.4202	279.8057239425
5.4154	270.8239845875
5.4106	270.6552624575
5.4058	275.5611327525
5.401	274.1470243025
5.3962	272.086461215
5.3914	273.667436285
5.3866	273.8187904125
5.3818	272.057565095
5.377	273.504064185
5.3722	272.4495927825
5.3674	268.7819226575
5.3626	275.88365106
5.3578	271.167232575
5.353	274.2783202675
5.3482	277.60652377
5.3434	276.5846020925
5.3386	273.71396485
5.3338	277.7648723175
5.329	270.9243723775
5.3242	276.72691334
5.3194	269.3150574175
5.3146	274.342501425
5.3098	269.280539585
5.305	272.231560505
5.3002	271.2580164475
5.2954	271.0621108775
5.2906	272.1426955425
5.2858	270.0601328375
5.281	273.86203943
5.2762	275.09714987
5.2714	275.6128285
5.2666	269.1295963575
5.2618	275.211247535
5.257	276.06708335
5.2522	281.80336735
5.2474	271.2958681725
5.2426	276.50608139
5.2378	272.96808834
5.233	278.401351735
5.2282	277.5923577125
5.2234	270.57104243
5.2186	272.5091856475
5.2138	270.6874572675
5.209	272.0770993675
5.2042	274.981858165
5.1994	274.3742362275
5.1946	275.618328535
5.1898	270.8887202075
5.185	276.456466125
5.1802	273.48327213
5.1754	276.285538015
5.1706	271.687193615
5.1658	269.73150375
5.161	273.872907105
5.1562	273.2217283625
5.1514	269.66794278
5.1466	273.5180055225
5.1418	274.810518995
5.137	271.082654835
5.1322	277.611044645
5.1274	274.1092270525
5.1226	277.5721211125
5.1178	273.3117768775
5.113	277.041896515
5.1082	275.391806145
5.1034	280.5441285275
5.0986	275.9094040925
5.0938	278.0769179425
5.089	271.64024661
5.0842	271.590376775
5.0794	274.3991205425
5.0746	271.4018313425
5.0698	278.198836055
5.065	278.2398181125
5.0602	273.0551236575
5.0554	273.490257745
5.0506	271.6339471725
5.0458	279.4529496825
5.041	276.575073285
5.0362	272.602997665
5.0314	276.65431945
5.0266	271.1640222575
5.0218	275.796872845
5.017	272.3235163075
5.0122	275.85114328
5.0074	276.3154038575
5.0026	271.36904083
4.9978	270.3921427425
4.993	279.098941695
4.9882	271.43641567
4.9834	272.95101318
4.9786	272.2544430375
4.9738	274.0572555425
4.969	276.2818803625
4.9642	275.235903725
4.9594	274.85909729
4.9546	269.66710598
4.9498	269.4532878475
4.945	276.8368103575
4.9402	271.6834767225
4.9354	276.36444416
4.9306	275.78831197
4.9258	277.28319283
4.921	278.9746206725
4.9162	270.71986749
4.9114	274.8384574175
4.9066	273.6017393825
4.9018	277.42604549
4.897	271.326893785
4.8922	273.361051655
4.8874	272.48568913
4.8826	271.9876222175
4.8778	273.18136282
4.873	274.5734240075
4.8682	274.20315983
4.8634	273.99084498
4.8586	273.9809276775
4.8538	272.8232791125
4.849	276.811708105
4.8442	275.58736681
4.8394	276.3695841375
4.8346	275.7228117475
4.8298	271.866920715
4.825	278.18927525
4.8202	276.3155087275
4.8154	279.2456551925
4.8106	272.7404031675
4.8058	276.0738905875
4.801	274.3349374225
4.7962	279.7938139475
4.7914	277.9422161225
4.7866	279.30869963
4.7818	272.0110909125
4.777	269.9586783225
4.7722	277.178329645
4.7674	273.17748887
4.7626	273.9314386975
4.7578	276.1597131375
4.753	274.6670857775
4.7482	275.1515169325
4.7434	274.707448835
4.7386	270.32067761
4.7338	267.115273665
4.729	277.59816021
4.7242	273.04823895
4.7194	277.44039924
4.7146	273.8675225825
4.7098	270.1803707925
4.705	271.576526135
4.7002	271.0164952475
4.6954	274.0128650225
4.6906	278.1570067925
4.6858	277.539997185
4.681	269.516585605
4.6762	271.073981365
4.6714	274.793756465
4.6666	276.99867627
4.6618	269.079194965
4.657	276.08699411
4.6522	275.1508662125
4.6474	273.84558934
4.6426	279.760719205
4.6378	276.7818962825
4.633	270.335543625
4.6282	272.3428272925
4.6234	275.4021859525
4.6186	272.9594291
4.6138	281.2831647175
4.609	282.6578475625
4.6042	272.0465815825
4.5994	274.268042855
4.5946	275.5228696325
4.5898	276.375258755
4.585	274.49017811
4.5802	272.79143603
4.5754	273.42090726
4.5706	274.5763803
4.5658	274.76834219
4.561	276.901463375
4.5562	276.0917152325
4.5514	273.4021538975
4.5466	274.5320094
4.5418	273.77824467
4.537	279.449372125
4.5322	274.7211456
4.5274	276.7258063825
4.5226	274.83417291
4.5178	273.83101189
4.513	274.33196886
4.5082	268.79390966
4.5034	268.51784294
4.4986	278.4344444425
4.4938	267.254492665
4.489	271.2250000725
4.4842	275.506845615
4.4794	269.4584275925
4.4746	271.41284947
4.4698	276.40706988
4.465	273.686339085
4.4602	270.3446000275
4.4554	270.5922360875
4.4506	274.85449161
4.4458	274.6631084125
4.441	266.4479623325
4.4362	273.68837829
4.4314	274.31257909
4.4266	272.9560754125
4.4218	277.4092004375
4.417	274.5611122325
4.4122	273.2011243825
4.4074	270.01402691
4.4026	268.4554492925
4.3978	276.183013405
4.393	273.5606219225
4.3882	272.9384566
4.3834	271.7016642725
4.3786	274.963727365
4.3738	276.2541340875
4.369	270.16525654
4.3642	273.2352712075
4.3594	276.87324686
4.3546	277.6914612875
4.3498	277.4657784
4.345	275.0600066575
4.3402	275.580133875
4.3354	275.2020593225
4.3306	272.48667024
4.3258	270.794112745
4.321	279.5917261425
4.3162	268.890805545
4.3114	272.284519195
4.3066	273.971843475
4.3018	277.3581273425
4.297	269.8383095775
4.2922	269.4844237075
4.2874	267.0088143925
4.2826	275.0575883875
4.2778	273.9723212075
4.273	272.09143424
4.2682	273.70069636
4.2634	276.2441088325
4.2586	276.4902332775
4.2538	275.8513747125
4.249	272.5758557375
4.2442	271.4382839775
4.2394	276.0707507975
4.2346	278.2936869425
4.2298	273.6130308575
4.225	275.23477212
4.2202	271.9824926125
4.2154	271.94760172
4.2106	275.724013675
4.2058	274.067908975
4.201	273.285945075
4.1962	275.8382638325
4.1914	272.0521793625
4.1866	271.859873315
4.1818	271.34475863
4.177	272.3674799775
4.1722	273.09929829
4.1674	276.6497986025
4.1626	269.3539951175
4.1578	271.54121317
4.153	274.76203743
4.1482	274.7495444975
4.1434	271.89666722
4.1386	275.9738568125
4.1338	276.632797135
4.129	269.185442335
4.1242	270.19569725
4.1194	278.307316935
4.1146	279.196396185
4.1098	275.538718395
4.105	268.7562825825
4.1002	277.0614653575
4.0954	277.041997655
4.0906	273.468058845
4.0858	275.12614004
4.081	270.477806605
4.0762	273.0731459475
4.0714	274.5241586925
4.0666	272.369380795
4.0618	270.027312815
4.057	271.6518992325
4.0522	274.3521864575
4.0474	270.4211345475
4.0426	277.9089109375
4.0378	275.0282207125
4.033	281.570587755
4.0282	275.4772128525
4.0234	273.237206455
4.0186	276.2009044825
4.0138	271.6380239475
4.009	281.0549412175
4.0042	274.20060877
3.9994	273.4850466225
3.9946	278.008783895
3.9898	274.82885567
3.985	275.4609593075
3.9802	276.9678937425
3.9754	277.6643394625
3.9706	274.2303251475
3.9658	277.05031918
3.961	273.3177669775
3.9562	279.98208698
3.9514	274.520586085
3.9466	273.7672329825
3.9418	274.452713075
3.937	272.1551961
3.9322	278.089425315
3.9274	275.1413314325
3.9226	269.7422819775
3.9178	273.1724806325
3.913	280.1422485875
3.9082	274.410153515
3.9034	270.681295395
3.8986	279.20265224
3.8938	279.810746175
3.889	272.5897410825
3.8842	275.857647105
3.8794	271.449423375
3.8746	271.927940115
3.8698	274.14946294
3.865	272.580143975
3.8602	275.0686519325
3.8554	274.759093645
3.8506	272.356008425
3.8458	275.8103626175
3.841	269.1655811575
3.8362	274.4233792925
3.8314	278.45209481
3.8266	273.2352309425
3.8218	274.7844161025
3.817	273.282177775
3.8122	267.7632185275
3.8074	271.840525865
3.8026	273.5367285075
3.7978	277.74000793
3.793	272.024146235
3.7882	273.267948685
3.7834	272.8340387
3.7786	276.0548113375
3.7738	274.0751175425
3.769	276.3037477275
3.7642	277.827174045
3.7594	271.598044425
3.7546	265.9750643125
3.7498	280.5404916525
3.745	272.6926056025
3.7402	271.2231532525
3.7354	275.1571624325
3.7306	268.8335672275
3.7258	268.1720441525
3.721	271.1922444375
3.7162	274.2395589475
3.7114	271.5742327
3.7066	274.1998492175
3.7018	276.747791345
3.697	272.386277435
3.6922	272.8969192625
3.6874	267.8549660575
3.6826	275.109719775
3.6778	275.9148369875
3.673	265.2457099925
3.6682	273.3529322025
3.6634	270.34715882
3.6586	274.6327192125
3.6538	278.0797879075
3.649	276.307046775
3.6442	274.75641972
3.6394	272.0197083275
3.6346	270.61432304
3.6298	274.6965377125
3.625	274.9017503625
3.6202	266.9007514875
3.6154	271.542448855
3.6106	273.51203488
3.6058	268.9220226525
3.601	273.50541101
3.5962	270.5190806125
3.5914	271.70099338
3.5866	270.8388273475
3.5818	275.1626773075
3.577	267.9453547725
3.5722	275.1729051025
3.5674	278.47533864
3.5626	270.851858475
3.5578	273.6142849825
3.553	273.124067095
3.5482	274.53967641
3.5434	268.460757005
3.5386	273.2444293225
3.5338	272.2765158925
3.529	273.2105745575
3.5242	277.10543427
3.5194	269.6980220825
3.5146	270.1270456825
3.5098	276.52422328
3.505	271.812952915
3.5002	272.6858627675
3.4954	275.6044960975
3.4906	271.594001715
3.4858	275.050392195
3.481	272.242283385
3.4762	269.4023341925
3.4714	268.7087737575
3.4666	274.50266765
3.4618	271.23536483
3.457	273.4515586825
3.4522	276.122157195
3.4474	274.3044281775
3.4426	277.40521117
3.4378	270.63800434
3.433	267.561901055
3.4282	271.8940175575
3.4234	269.6675128075
3.4186	271.8181285825
3.4138	275.390665455
3.409	272.296705525
3.4042	273.605945465
3.3994	268.605028985
3.3946	276.6498799475
3.3898	278.60781522
3.385	270.7658523975
3.3802	267.4109735125
3.3754	279.7548525475
3.3706	268.6577952225
3.3658	276.4144387925
3.361	271.86359546
3.3562	270.6842402975
3.3514	269.50493357
3.3466	274.2238728825
3.3418	269.8940023875
3.337	271.6079307425
3.3322	271.247863965
3.3274	273.1448500625
3.3226	268.7649927575
3.3178	270.9624314225
3.313	269.9118307575
3.3082	276.61463348
3.3034	268.2573678975
3.2986	264.1557276875
3.2938	271.402042495
3.289	273.049894545
3.2842	278.175270705
3.2794	273.8790071875
3.2746	271.4269555225
3.2698	275.832001365
3.265	274.912689515
3.2602	273.8239753975
3.2554	271.0295380325
3.2506	274.95276245
3.2458	273.37269582
3.241	271.730710435
3.2362	273.35736021
3.2314	269.299145815
3.2266	281.335501225
3.2218	272.1517334075
3.217	272.6765063375
3.2122	271.4190708475
3.2074	276.2996798275
3.2026	278.376110315
3.1978	274.81707365
3.193	273.6581335825
3.1882	273.029530025
3.1834	268.6662912375
3.1786	273.85304336
3.1738	271.6269152275
3.169	278.7084565075
3.1642	279.3046880675
3.1594	273.2461963625
3.1546	273.7925314775
3.1498	270.0598656275
3.145	276.1287424975
3.1402	278.4407360175
3.1354	268.2759047775
3.1306	271.04240996
3.1258	267.43034767
3.121	275.439583975
3.1162	276.8243266425
3.1114	271.467311635
3.1066	273.34577014
3.1018	275.234327335
3.097	272.79845638
3.0922	278.20117213
3.0874	275.7025837075
3.0826	274.4746769625
3.0778	274.541225645
3.073	271.5930670975
3.0682	271.858333295
3.0634	275.6482933475
3.0586	278.97700199
3.0538	270.070654565
3.049	268.940403625
3.0442	272.2725465925
3.0394	279.1363969375
3.0346	266.02172054
3.0298	276.08207698
3.025	276.5783765125
3.0202	270.8216976525
3.0154	275.3943481175
3.0106	268.364226695
3.0058	277.780951685
3.001	271.2806630525
2.9962	274.371514175
2.9914	274.24337037
2.9866	274.794004295
2.9818	276.417457685
2.977	269.8434880275
2.9722	272.0275055875
2.9674	269.2910781875
2.9626	268.7987067025
2.9578	278.8916907275
2.953	267.3410207725
2.9482	269.1896890125
2.9434	272.3803340175
2.9386	271.0355230425
2.9338	273.447286105
2.929	278.86790141
2.9242	274.0412503675
2.9194	276.030912845
2.9146	273.6281311775
2.9098	272.4982909325
2.905	277.8079659725
2.9002	277.894678495
2.8954	272.09976014
2.8906	270.3340373325
2.8858	270.8757486275
2.881	275.207146635
2.8762	276.6199642175
2.8714	275.6874802375
2.8666	275.1183478025
2.8618	269.9996756675
2.857	272.8204488025
2.8522	274.1002172525
2.8474	273.5147047025
2.8426	275.00376233
2.8378	275.1243342975
2.833	277.7303428975
2.8282	272.5216564475
2.8234	274.768296605
2.8186	272.6521961475
2.8138	276.72015732
2.809	274.4150804375
2.8042	266.7673486075
2.7994	270.6203220875
2.7946	274.2429735475
2.7898	278.9716829925
2.785	277.4859875575
2.7802	272.8638633325
2.7754	279.9458748175
2.7706	278.585581615
2.7658	277.5359868025
2.761	276.1024666125
2.7562	272.8197874125
2.7514	269.77019217
2.7466	274.28992384
2.7418	272.88153488
2.737	274.3350247275
2.7322	275.2524200125
2.7274	272.279466355
2.7226	283.7684865575
2.7178	275.104709745
2.713	279.3916670625
2.7082	272.990027555
2.7034	278.5847965775
2.6986	272.8513621275
2.6938	276.8819241025
2.689	271.50551043
2.6842	271.4087190725
2.6794	276.697292175
2.6746	281.5517847075
2.6698	271.47553972
2.665	279.3090889325
2.6602	272.6334528875
2.6554	274.583170785
2.6506	276.539736665
2.6458	277.7795970975
2.641	270.7677240275
2.6362	270.6033410175
2.6314	278.66276641
2.6266	271.6648132175
2.6218	275.3318582425
2.617	271.6642895625
2.6122	273.6807703975
2.6074	269.2504002225
2.6026	279.7194447825
2.5978	279.4624503975
2.593	273.521549015
2.5882	272.8602317125
2.5834	274.4926085075
2.5786	275.965633745
2.5738	272.182075015
2.569	272.09106263
2.5642	269.2804671925
2.5594	272.834256235
2.5546	278.198568035
2.5498	276.3167295025
2.545	275.768703035
2.5402	277.4456080575
2.5354	278.89684691
2.5306	276.25457484
2.5258	279.422741345
2.521	273.805666455
2.5162	276.5761675775
2.5114	274.6052165575
2.5066	272.4091051675
2.5018	272.23799444
2.497	277.57448708
2.4922	276.8495895175
2.4874	278.9502608525
2.4826	275.64780254
2.4778	275.342996015
2.473	273.535352065
2.4682	273.94030262
2.4634	274.1429593275
2.4586	278.87848024
2.4538	274.046875125
2.449	275.907903365
2.4442	277.192502235
2.4394	277.48771884
2.4346	275.2975262225
2.4298	274.5491492975
2.425	270.1265761525
2.4202	276.3550126225
2.4154	273.7092382975
2.4106	271.1897113375
2.4058	271.8388480025
2.401	276.431351505
2.3962	274.668818275
2.3914	275.06470812
2.3866	275.07512145
2.3818	272.785012875
2.377	271.66230941
2.3722	274.156821895
2.3674	274.780155215
2.3626	272.2279124475
2.3578	276.2830027475
2.353	272.2874646725
2.3482	275.2040796775
2.3434	279.8776297025
2.3386	276.092313355
2.3338	273.5501206075
2.329	279.171312605
2.3242	275.2780464275
2.3194	269.10811291
2.3146	272.5025053125
2.3098	270.5219741375
2.305	272.684643355
2.3002	277.423445085
2.2954	274.2591353825
2.2906	276.2648058475
2.2858	279.9706285425
2.281	279.19425767
2.2762	277.2391566725
2.2714	276.9008104875
2.2666	270.5365540575
2.2618	274.7252135275
2.257	273.1046013275
2.2522	279.9382734575
2.2474	272.8972268475
2.2426	275.5268866225
2.2378	274.4983598575
2.233	279.3446727775
2.2282	276.99689917
2.2234	272.723499915
2.2186	276.0898039125
2.2138	274.8021152075
2.209	272.761447045
2.2042	270.5188253625
2.1994	273.91516844
2.1946	274.42461003
2.1898	279.87448865
2.185	277.04113503
2.1802	276.390442415
2.1754	275.804640895
2.1706	276.0335210875
2.1658	277.5374281925
2.161	270.0089945425
2.1562	273.638068985
2.1514	277.225706655
2.1466	275.803210185
2.1418	279.7947551375
2.137	270.2356392575
2.1322	273.9614324875
2.1274	279.7867358025
2.1226	271.5554352075
2.1178	270.3917141225
2.113	274.5094955625
2.1082	276.901556415
2.1034	278.0932000575
2.0986	278.366185625
2.0938	271.9573867325
2.089	272.64620161
2.0842	269.3863611875
2.0794	275.9123309075
2.0746	271.0188540275
2.0698	273.3108841275
2.065	269.6614964125
2.0602	270.4984165075
2.0554	269.5100782975
2.0506	277.969763385
2.0458	271.7195407025
2.041	274.4559204125
2.0362	272.3636601225
2.0314	266.99320069
2.0266	273.7510608125
2.0218	279.0170182925
2.017	273.3931042025
2.0122	271.2289334125
2.0074	269.6127536975
2.0026	278.6805929825
1.9978	273.46756918
1.993	269.978561665
1.9882	270.2506252925
1.9834	270.1639233375
1.9786	273.8436196125
1.9738	275.085693775
1.969	275.0516229025
1.9642	275.634198375
1.9594	276.4556342475
1.9546	274.47360034
1.9498	273.37500346
1.945	275.6992604575
1.9402	276.46527399
1.9354	273.96170228
1.9306	273.750429275
1.9258	274.849854505
1.921	277.5078288175
1.9162	271.5958632475
1.9114	275.2758273475
1.9066	273.227949605
1.9018	275.41712965
1.897	276.94377047
1.8922	274.4705812075
1.8874	275.812467845
1.8826	274.8724208825
1.8778	274.160934595
1.873	271.641461965
1.8682	275.417055055
1.8634	276.21696894
1.8586	273.6447530475
1.8538	272.24112043
1.849	274.187494305
1.8442	274.5462742475
1.8394	276.4429588625
1.8346	273.6713938275
1.8298	278.23002351
1.825	272.00411021
1.8202	276.653710895
1.8154	276.420172555
1.8106	273.8636743225
1.8058	281.5810805325
1.801	276.19907854
1.7962	274.320763515
1.7914	277.2818643825
1.7866	280.67836309
1.7818	268.98502367
1.777	276.277187645
1.7722	274.1677300375
1.7674	273.655591505
1.7626	274.3364264275
1.7578	275.266912625
1.753	272.3118807525
1.7482	275.159274745
1.7434	275.7713046625
1.7386	272.1614649025
1.7338	277.07813254
1.729	277.1884828775
1.7242	275.76599064
1.7194	274.72947532
1.7146	274.3493616375
1.7098	275.67612826
1.705	281.48695286
1.7002	277.83736724
1.6954	277.7887404425
1.6906	273.52469335
1.6858	272.0157869875
1.681	268.2261542075
1.6762	273.2268909175
1.6714	275.30463792
1.6666	278.230749575
1.6618	277.808144255
1.657	275.401929245
1.6522	278.4519771975
1.6474	270.4039587225
1.6426	272.721162755
1.6378	276.448456015
1.633	276.0298061275
1.6282	271.68598149
1.6234	273.2979847075
1.6186	273.5893991075
1.6138	273.9852586825
1.609	277.3067111425
1.6042	271.09791859
1.5994	269.89434624
1.5946	276.79206236
1.5898	267.35745958
1.585	278.371881595
1.5802	270.22344601
1.5754	274.943340335
1.5706	275.31768586
1.5658	274.0824380925
1.561	276.62488571
1.5562	275.1597655575
1.5514	270.7644965575
1.5466	271.7770352875
1.5418	270.056666285
1.537	278.0432678575
1.5322	273.701511025
1.5274	273.5673325925
1.5226	275.2774511175
1.5178	271.4403009775
1.513	274.4790234975
1.5082	276.06352915
1.5034	272.5301994275
1.4986	268.527538065
1.4938	279.2738775775
1.489	277.123223665
1.4842	273.8343948675
1.4794	273.497948955
1.4746	269.198696235
1.4698	275.0398254275
1.465	277.242299545
1.4602	279.74732532
1.4554	274.80559651
1.4506	276.3077986025
1.4458	270.6456441775
1.441	275.690918155
1.4362	275.4343976025
1.4314	272.350150585
1.4266	274.895120935
1.4218	266.88916548
1.417	277.094151575
1.4122	272.80430738
1.4074	277.0590963375
1.4026	271.2443051875
1.3978	274.743706215
1.393	272.178698925
1.3882	272.8080338
1.3834	277.3077808525
1.3786	275.1520314725
1.3738	274.41146536
1.369	279.0664806975
1.3642	278.2121649025
1.3594	270.8734427175
1.3546	273.2081758825
1.3498	270.2325554875
1.345	280.22280887
1.3402	278.819045895
1.3354	272.0547651275
1.3306	271.8898295875
1.3258	277.652592895
1.321	272.50374693
1.3162	269.659040725
1.3114	273.41344693
1.3066	268.66852855
1.3018	277.02776029
1.297	266.988598935
1.2922	279.605696045
1.2874	270.2571300575
1.2826	272.0219255025
1.2778	276.69074799
1.273	270.4375362025
1.2682	275.036097655
1.2634	278.0232255225
1.2586	271.92165342
1.2538	271.6759429825
1.249	271.8251343625
1.2442	270.3566107575
1.2394	276.6932201775
1.2346	279.38562656
1.2298	272.722917795
1.225	273.694629605
1.2202	273.4923735475
1.2154	274.1240614825
1.2106	275.08874724
1.2058	276.618364885
1.201	274.77143246
1.1962	275.9032122375
1.1914	271.162791345
1.1866	277.3525449525
1.1818	272.9574336225
1.177	274.422586145
1.1722	275.11330085
1.1674	274.8398707375
1.1626	278.808375485
1.1578	271.1937474075
1.153	277.9043659275
1.1482	275.6042560325
1.1434	269.48387288
1.1386	269.798441295
1.1338	273.684191765
1.129	277.020779695
1.1242	275.53069872
1.1194	273.4446721775
1.1146	273.5837707925
1.1098	273.2878523925
1.105	272.5650445325
1.1002	275.9588890775
1.0954	273.4688825575
1.0906	274.4255249175
1.0858	272.92124237
1.081	276.7165217075
1.0762	271.250921425
1.0714	276.07719883
1.0666	278.7065287425
1.0618	271.3077759675
1.057	272.973866735
1.0522	277.102082275
1.0474	272.6957627825
1.0426	273.0108907775
1.0378	274.751817565
1.033	272.6488348925
1.0282	272.4090187025
1.0234	266.7668218325
1.0186	274.824762865
1.0138	277.829919045
1.009	275.6281461175
1.0042	273.27128428
0.9994	275.383452015
0.9946	271.94466187
0.989800000000001	276.4325500425
0.984999999999999	274.9388915425
0.9802	269.79343916
0.9754	273.95226464
0.970600000000001	272.601183075
0.9658	272.016641
0.961	273.7989357525
0.956200000000001	273.6986594675
0.9514	280.0228917725
0.9466	271.122817045
0.941800000000001	277.00915413
0.936999999999999	272.476380225
0.9322	277.7967770575
0.9274	274.4637880075
0.922600000000001	273.3135342625
0.9178	276.627700365
0.913	278.44078737
0.908200000000001	271.974901765
0.9034	273.39440884
0.8986	275.3558099575
0.893800000000001	269.37522816
0.888999999999999	280.93717956
0.8842	273.83509263
0.8794	268.6520309975
0.874600000000001	278.1485112975
0.8698	269.381192805
0.865	274.4477004025
0.860200000000001	273.373958525
0.855399999999999	271.61671699
0.8506	278.09978367
0.845800000000001	276.602769715
0.841000000000001	274.77113552
0.8362	277.47208883
0.8314	278.3418419125
0.826600000000001	273.961467605
0.8218	275.5303504275
0.817	273.16466368
0.812200000000001	267.8321370425
0.807399999999999	281.3515012525
0.8026	274.7508637
0.797800000000001	272.2847246875
0.793000000000001	277.1374763525
0.7882	274.708581625
0.7834	272.5091414825
0.778600000000001	273.2531167
0.7738	274.1233363625
0.769	270.79241702
0.764200000000001	267.36908179
0.759399999999999	271.08564441
0.7546	281.71731193
0.7498	272.9264658625
0.745000000000001	275.4536790875
0.7402	272.645985845
0.7354	275.44719069
0.730600000000001	276.6234702925
0.7258	271.2903488625
0.721	271.723702615
0.716200000000001	269.902097405
0.711399999999999	271.1164461575
0.7066	276.135397485
0.7018	273.278472815
0.697000000000001	277.97795771
0.6922	268.62899608
0.6874	274.819568895
0.682600000000001	275.0514129975
0.6778	276.4269268825
0.673	272.7656237775
0.668200000000001	274.2306363925
0.663400000000001	279.5387103775
0.6586	270.48552957
0.6538	272.16794208
0.649000000000001	278.1780870125
0.6442	279.95402362
0.6394	270.3137224625
0.634600000000001	271.07658143
0.629799999999999	275.8624739075
0.625	275.058241415
0.620200000000001	273.2072190075
0.615400000000001	276.2799581325
0.6106	272.0873949825
0.6058	273.052978715
0.601000000000001	274.17251966
0.5962	278.471924355
0.5914	271.9852082225
0.586600000000001	274.96155543
0.581799999999999	275.6521249
0.577	281.2372887925
0.5722	279.456713045
0.567400000000001	277.436910995
0.5626	278.1764714875
0.5578	273.63083168
0.553000000000001	276.4252040075
0.5482	278.121897295
0.5434	275.3573894575
0.538600000000001	274.091019035
0.533799999999999	269.5137878325
0.529	266.754137615
0.5242	272.369893735
0.519400000000001	284.6831173825
0.5146	269.4094177975
0.5098	272.987454225
0.505000000000001	277.6817995425
0.5002	278.9287984875
0.4954	274.6375100325
0.490600000000001	280.1765305125
0.485800000000001	270.2363772475
0.481	274.45568279
0.4762	271.2841740075
0.471400000000001	275.7784328675
0.4666	273.8885126775
0.4618	276.3106258275
0.457000000000001	278.7175431075
0.452199999999999	272.4980810275
0.4474	279.868514015
0.442600000000001	278.64763128
0.437800000000001	275.52758381
0.433	271.8359509225
0.4282	275.805690235
0.423400000000001	272.841111625
0.4186	267.1768276675
0.4138	272.212965495
0.409000000000001	276.4916979525
0.404199999999999	271.8065919925
0.3994	277.0438494225
0.394600000000001	272.2020787725
0.389800000000001	276.12427554
0.385	276.61556562
0.3802	275.2672364075
0.375400000000001	275.7275495425
0.3706	277.3862755
0.3658	269.6390769925
0.361000000000001	277.4118475175
0.356199999999999	278.901891915
0.3514	268.8709271575
0.3466	276.6757853725
0.341800000000001	273.72360964
0.337	271.8062762025
0.3322	271.96528368
0.327400000000001	273.2514719475
0.3226	277.5914210025
0.3178	272.71992205
0.313000000000001	274.7247842975
0.308200000000001	271.4553967625
0.3034	278.6349568825
0.2986	271.8283215725
0.293800000000001	273.715576345
0.289	274.3303096075
0.2842	270.1608842125
0.279400000000001	271.5053653325
0.2746	277.5621796125
0.2698	278.0580459525
0.265000000000001	279.1009682625
0.260200000000001	280.248127935
0.2554	273.35174447
0.2506	275.1699306125
0.245800000000001	269.28650233
0.241	273.593561565
0.2362	280.2844764575
0.231400000000001	272.54980782
0.226599999999999	277.67490311
0.2218	276.1666302825
0.217000000000001	276.7986821275
0.212200000000001	277.5614227725
0.2074	271.27029023
0.2026	274.6408456525
0.197800000000001	274.432062425
0.193	275.0519555275
0.1882	280.5566198675
0.183400000000001	278.270044515
0.178599999999999	271.904888965
0.1738	277.459457375
0.169	274.160147085
0.164200000000001	274.8569146525
0.1594	271.044834935
0.1546	275.3447806425
0.149800000000001	277.2326288225
0.145	277.4811494325
0.1402	274.3234027975
0.135400000000001	277.4709113025
0.130600000000001	278.02512929
0.1258	267.33082097
0.121	273.32775847
0.116200000000001	270.58630019
0.1114	272.95815023
0.1066	277.375965135
0.101800000000001	272.4557504125
0.097	274.66831384
0.0922	280.850903515
0.087400000000001	275.691849885
0.082600000000001	275.5493660875
0.0778	278.412038855
0.073	278.6420876925
0.068200000000001	273.9836170875
0.0634	283.82645561
0.0586	274.786858395
0.053800000000001	278.614023695
0.049	276.573380275
0.0442	282.2521210875
0.039400000000001	273.9029342825
0.034600000000001	271.7679884425
0.0298	271.5165690225
0.025	277.6399432425
0.020200000000001	274.0273080175
0.0154	269.2663413375
0.0106	280.3274446675
0.005800000000001	272.80902986
0.000999999999999	278.0248951875
-0.0038	275.151316355
-0.0086	272.9338309525
-0.013399999999999	269.93933335
-0.0182	270.2878621825
-0.023	271.4561474675
-0.027799999999999	274.7238153175
-0.0326	273.410932885
-0.0374	278.493690505
-0.042199999999999	272.699016015
-0.046999999999999	272.296573005
-0.0518	272.9251230775
-0.0566	277.62738991
-0.061399999999999	280.1296883525
-0.0662	268.839970285
-0.071	271.11928907
-0.075799999999999	272.2495471275
-0.0806	279.373945925
-0.0854	273.7422459675
-0.090199999999999	273.3607285825
-0.094999999999999	277.518641955
-0.0998	274.291055575
-0.1046	271.99733067
-0.109399999999999	277.32623999
-0.1142	274.39406371
-0.119	273.2506065475
-0.123799999999999	279.132045285
-0.1286	276.65507694
-0.1334	275.9796433075
-0.138199999999999	272.404075885
-0.142999999999999	274.3076826625
-0.1478	275.4947159825
-0.1526	269.3260449675
-0.157399999999999	280.40954619
-0.1622	269.374359875
-0.167	271.9115462175
-0.171799999999999	272.542144815
-0.176600000000001	278.061465435
-0.1814	272.6607720075
-0.186199999999999	274.86812231
-0.190999999999999	278.945831455
-0.1958	272.2875019575
-0.2006	276.3766080175
-0.205399999999999	274.5597948
-0.2102	277.1889550475
-0.215	273.17852218
-0.219799999999999	273.51772258
-0.224599999999999	277.185548615
-0.2294	273.7102443275
-0.2342	278.0005551325
-0.238999999999999	280.23508973
-0.2438	271.3934853125
-0.2486	273.8684018575
-0.253399999999999	275.9808253425
-0.2582	276.767160385
-0.263	274.6174960975
-0.267799999999999	274.909671405
-0.272599999999999	279.93714196
-0.2774	276.5205652275
-0.2822	281.03047582
-0.286999999999999	274.3646278
-0.2918	274.6513316175
-0.2966	273.5296708425
-0.301399999999999	271.0952650075
-0.3062	277.4073655125
-0.311	279.20900984
-0.315799999999999	278.103812585
-0.320599999999999	279.2344083225
-0.3254	270.56901641
-0.3302	271.5930744575
-0.334999999999999	273.4788704875
-0.3398	272.235932565
-0.3446	276.4145066125
-0.349399999999999	271.706000395
-0.354200000000001	277.4067869825
-0.359	279.865281825
-0.363799999999999	275.271673165
-0.368599999999999	275.2149965975
-0.3734	272.31036439
-0.3782	285.7037676
-0.382999999999999	273.905681145
-0.3878	278.59303872
-0.3926	282.31969288
-0.397399999999999	270.1064777625
-0.402199999999999	282.2715371675
-0.407	276.839881345
-0.4118	270.595669325
-0.416599999999999	269.1925886325
-0.4214	278.3540096025
-0.4262	276.1427761275
-0.430999999999999	280.0612170525
-0.4358	271.8745235625
-0.4406	274.0717728
-0.445399999999999	277.1572876975
-0.450199999999999	277.0742887475
-0.455	276.38053031
-0.4598	275.5837079775
-0.464599999999999	279.394883315
-0.4694	275.7312319675
-0.4742	274.9853471925
-0.478999999999999	275.8326524975
-0.4838	278.40218199
-0.4886	275.41606028
-0.493399999999999	280.2148606775
-0.498199999999999	270.09377371
-0.503	278.25473392
-0.5078	272.07009572
-0.512599999999999	271.9920383075
-0.5174	277.1569604225
-0.5222	270.212923475
-0.526999999999999	274.7228281675
-0.5318	283.32326469
-0.5366	282.2161489975
-0.541399999999999	269.5085465825
-0.546199999999999	275.6726904475
-0.551	273.70714215
-0.5558	274.4209525875
-0.560599999999999	277.644105155
-0.5654	279.08869184
-0.5702	271.9209387775
-0.574999999999999	272.6938112675
-0.579799999999999	273.17227324
-0.5846	277.9727872925
-0.589399999999999	276.803323435
-0.594199999999999	273.5726599375
-0.599	273.9435559875
-0.6038	272.7271245825
-0.608599999999999	284.2892416925
-0.6134	277.039971605
-0.6182	280.0115672775
-0.622999999999999	277.9053166725
-0.627799999999999	274.4837555
-0.6326	275.17146555
-0.6374	280.278604645
-0.642199999999999	277.8868131725
-0.647	273.6961001375
-0.6518	276.5128174825
-0.656599999999999	282.65801039
-0.6614	276.0933549275
-0.6662	280.01550733
-0.670999999999999	273.562970735
-0.675799999999999	273.414799995
-0.6806	276.7568266725
-0.6854	272.4982174475
-0.690199999999999	273.44803007
-0.695	273.0193947275
-0.6998	274.3595280525
-0.704599999999999	279.2309550525
-0.7094	281.469914335
-0.7142	272.07927062
-0.718999999999999	273.485630035
-0.723799999999999	276.4156981025
-0.7286	269.2952189525
-0.7334	276.107973765
-0.738199999999999	270.8985056925
-0.743	275.440758555
-0.7478	277.0755546725
-0.752599999999999	274.3215259425
-0.757400000000001	273.6782264425
-0.7622	277.76983639
-0.766999999999999	272.2473165325
-0.771799999999999	273.3826003775
-0.7766	274.485544665
-0.7814	271.54835046
-0.786199999999999	273.164756275
-0.791	272.3769059225
-0.7958	272.2013459975
-0.800599999999999	277.0266453675
-0.805399999999999	276.4568954825
-0.8102	278.30393118
-0.815	275.4977445975
-0.819799999999999	272.01597405
-0.8246	271.6275467275
-0.8294	278.760134125
-0.834199999999999	280.0668588575
-0.839	269.953905545
-0.8438	276.365967495
-0.848599999999999	274.01559897
-0.853399999999999	280.501798735
-0.8582	270.152310215
-0.863	278.466100715
-0.867799999999999	270.9281431275
-0.8726	280.308276515
-0.8774	277.6734726975
-0.882199999999999	275.5949107875
-0.887	275.37987652
-0.8918	278.77659551
-0.896599999999999	276.851326935
-0.901399999999999	275.0736496225
-0.9062	273.305552885
-0.911	274.4595961625
-0.915799999999999	276.666352145
-0.9206	273.38390246
-0.9254	269.4020060025
-0.930199999999999	273.7796168425
-0.935000000000001	282.15616792
-0.9398	274.3313961
-0.944599999999999	275.6505045575
-0.949399999999999	273.87189264
-0.9542	273.285411215
-0.959	273.42048488
-0.963799999999999	273.9894955725
-0.9686	276.628658905
-0.9734	275.92775301
-0.978199999999999	273.9247838475
-0.982999999999999	277.549963055
-0.9878	281.4456588125
-0.992599999999999	278.985599955
-0.997399999999999	282.323398825
-1.0022	277.2967982825
-1.007	272.8190281675
-1.0118	277.984925935
-1.0166	278.946795115
-1.0214	277.246793005
-1.0262	274.7902009375
-1.031	278.2314131775
-1.0358	278.10944917
-1.0406	273.2392520325
-1.0454	274.0779389325
-1.0502	281.0488905525
-1.055	283.31970835
-1.0598	271.4028116825
-1.0646	278.4989960525
-1.0694	276.2619238825
-1.0742	282.46392781
-1.079	276.16800839
-1.0838	277.1916435125
-1.0886	274.4805259275
-1.0934	273.4522902775
-1.0982	276.031323435
-1.103	275.8295693775
-1.1078	278.95497696
-1.1126	279.1140914675
-1.1174	276.4195840625
-1.1222	270.24465614
-1.127	275.4774154675
-1.1318	276.498382255
-1.1366	279.013968385
-1.1414	274.7143631075
-1.1462	279.8576044475
-1.151	277.95895096
-1.1558	277.70674762
-1.1606	278.143460525
-1.1654	282.454566405
-1.1702	277.4982002925
-1.175	276.417654915
-1.1798	274.40898372
-1.1846	274.5403090325
-1.1894	277.1498946475
-1.1942	282.9514380925
-1.199	277.45193512
-1.2038	273.0939956175
-1.2086	280.8679589125
-1.2134	274.566728895
-1.2182	275.77798934
-1.223	273.1190034075
-1.2278	277.15026876
-1.2326	278.70603916
-1.2374	274.666657565
-1.2422	273.75557122
-1.247	278.24005981
-1.2518	282.190575655
-1.2566	273.09793428
-1.2614	278.4605522475
-1.2662	279.16078556
-1.271	272.037695085
-1.2758	278.192005945
-1.2806	271.1276146625
-1.2854	273.206471415
-1.2902	275.7116452025
-1.295	278.0902617025
-1.2998	274.53134119
-1.3046	275.7803756425
-1.3094	278.335054405
-1.3142	279.43915253
-1.319	279.4521404725
-1.3238	278.5242170375
-1.3286	275.231585825
-1.3334	270.1228728175
-1.3382	268.48439716
-1.343	273.8188573525
-1.3478	266.910939735
-1.3526	275.5839300175
-1.3574	281.2504787
-1.3622	277.76329627
-1.367	267.9296640625
-1.3718	275.3580728525
-1.3766	271.7357000625
-1.3814	272.3842638925
-1.3862	278.9295480125
-1.391	279.4514380675
-1.3958	276.5453159725
-1.4006	270.94662104
-1.4054	275.1863177025
-1.4102	280.0453127075
-1.415	275.474672705
-1.4198	276.5281676375
-1.4246	278.147476835
-1.4294	280.773697365
-1.4342	277.890692315
-1.439	273.8616849775
-1.4438	275.47215723
-1.4486	274.349767005
-1.4534	273.486649245
-1.4582	279.282162465
-1.463	279.13534854
-1.4678	278.265892635
-1.4726	278.595898075
-1.4774	281.27335873
-1.4822	276.954349195
-1.487	276.2595385025
-1.4918	281.2053736725
-1.4966	277.44686378
-1.5014	279.30934849
-1.5062	279.5483883125
-1.511	277.9658696
-1.5158	280.00203657
-1.5206	278.34516344
-1.5254	275.83455504
-1.5302	280.0037410075
-1.535	271.67819744
-1.5398	269.3751991125
-1.5446	271.243892255
-1.5494	275.1643691675
-1.5542	271.3229986425
-1.559	273.3156486325
-1.5638	274.4062926775
-1.5686	272.4754960425
-1.5734	274.3215868825
-1.5782	276.3043388925
-1.583	279.50583014
-1.5878	274.34295096
-1.5926	276.16836488
-1.5974	276.85634615
-1.6022	275.67948741
-1.607	276.478095955
-1.6118	273.11709883
-1.6166	277.183852145
-1.6214	275.8429048325
-1.6262	272.8386616
-1.631	276.43123779
-1.6358	276.4907036175
-1.6406	280.60674408
-1.6454	272.7967571675
-1.6502	276.343958295
-1.655	277.629017985
-1.6598	273.2337304075
-1.6646	279.707943165
-1.6694	278.25128319
-1.6742	278.6275373275
-1.679	275.247613135
-1.6838	269.863828145
-1.6886	277.94356071
-1.6934	279.51861849
-1.6982	276.86268015
-1.703	277.68346785
-1.7078	277.5446484175
-1.7126	276.641341875
-1.7174	275.179732945
-1.7222	275.2711253475
-1.727	266.5653836925
-1.7318	275.9624322325
-1.7366	279.198364205
-1.7414	275.3908415975
-1.7462	278.1596400825
-1.751	273.03694785
-1.7558	273.883759455
-1.7606	276.8738674475
-1.7654	265.95370671
-1.7702	273.91155217
-1.775	271.74213226
-1.7798	280.1283909675
-1.7846	276.282595955
-1.7894	272.1829215675
-1.7942	272.427849375
-1.799	271.1056190875
-1.8038	278.22931914
-1.8086	274.8139552175
-1.8134	276.904425225
-1.8182	278.5139627
-1.823	274.00625986
-1.8278	277.4133259775
-1.8326	279.40122583
-1.8374	283.5361558725
-1.8422	278.8023963375
-1.847	272.4899944825
-1.8518	271.92728909
-1.8566	274.602418145
-1.8614	275.485634735
-1.8662	270.5673650225
-1.871	277.4729983225
-1.8758	271.6260922575
-1.8806	275.076135915
-1.8854	273.71024744
-1.8902	272.4047318225
-1.895	275.368056815
-1.8998	267.7676608475
-1.9046	271.32218842
-1.9094	278.9234946625
-1.9142	271.235709255
-1.919	277.17009624
-1.9238	278.9731769425
-1.9286	273.3027448125
-1.9334	277.11894868
-1.9382	271.5428503925
-1.943	271.0949340325
-1.9478	276.0085851475
-1.9526	269.8163521675
-1.9574	273.907144285
-1.9622	278.76580789
-1.967	273.75623546
-1.9718	271.9324907875
-1.9766	275.0353305075
-1.9814	275.864619735
-1.9862	274.2337379475
-1.991	277.185032385
-1.9958	272.9646750975
-2.0006	276.7255672975
-2.0054	274.345994115
-2.0102	266.823686715
-2.015	279.5034388225
-2.0198	271.4388253625
-2.0246	282.03674897
-2.0294	272.9250262025
-2.0342	275.074687815
-2.039	276.16204229
-2.0438	271.35444074
-2.0486	274.98726529
-2.0534	270.891001505
-2.0582	270.437062
-2.063	271.383862815
-2.0678	274.142689565
-2.0726	273.3914674125
-2.0774	276.1540551225
-2.0822	276.769214025
-2.087	270.9490215375
-2.0918	279.3031867225
-2.0966	274.85916379
-2.1014	273.03799461
-2.1062	273.6490571125
-2.111	275.7861156025
-2.1158	271.1590666575
-2.1206	274.896008365
-2.1254	272.2726796975
-2.1302	270.346185735
-2.135	270.9534229825
-2.1398	276.120350575
-2.1446	272.487356955
-2.1494	273.372686505
-2.1542	268.328078835
-2.159	269.1398552675
-2.1638	279.6173795025
-2.1686	272.94514446
-2.1734	274.6608717125
-2.1782	281.7938749725
-2.183	275.3582944775
-2.1878	276.515676535
-2.1926	275.83310728
-2.1974	276.5669836975
-2.2022	281.2699518875
-2.207	273.546305555
-2.2118	272.9707005425
-2.2166	277.6670004025
-2.2214	276.7763177925
-2.2262	270.67458164
-2.231	272.3311230575
-2.2358	277.414259375
-2.2406	273.9835882725
-2.2454	272.6187641625
-2.2502	279.0563790525
-2.255	277.0067833825
-2.2598	271.441586115
-2.2646	272.7466438375
-2.2694	280.15270354
-2.2742	272.86549812
-2.279	275.409850555
-2.2838	276.0520893875
-2.2886	278.5570122275
-2.2934	275.3042073725
-2.2982	278.3134583675
-2.303	277.05267237
-2.3078	272.1741055775
-2.3126	274.573448915
-2.3174	276.3305771825
-2.3222	274.8726717575
-2.327	278.2949291375
-2.3318	273.182803635
-2.3366	273.972313615
-2.3414	272.688645525
-2.3462	274.08786311
-2.351	272.0167510175
-2.3558	274.678897685
-2.3606	276.329018625
-2.3654	277.2882245225
-2.3702	273.89564942
-2.375	276.198336745
-2.3798	275.269925785
-2.3846	267.68793641
-2.3894	277.813231765
-2.3942	273.542861875
-2.399	271.90133082
-2.4038	271.305587535
-2.4086	266.2289474425
-2.4134	272.3958701325
-2.4182	270.332317235
-2.423	275.0465121375
