21.5292	0.1560816
21.5244	0.08963613
21.5196	0.101288351666667
21.5148	0.21886134
21.51	0.118385595
21.5052	0.12455296
21.5004	0.113456476666667
21.4956	0.071736965
21.4908	0.072886856666667
21.486	0.071561663333333
21.4812	0.087444846666667
21.4764	0.113877516666667
21.4716	0.133008158333333
21.4668	0.04099066
21.462	0.14217461
21.4572	0.154892516666667
21.4524	0.087540751666667
21.4476	0.128812666666667
21.4428	0.097712036666667
21.438	0.090119196666667
21.4332	0.130606143333333
21.4284	0.127370835
21.4236	0.12710768
21.4188	0.060240486666667
21.414	0.114012613333333
21.4092	0.057390835
21.4044	0.045542665
21.3996	0.100265013333333
21.3948	0.114810813333333
21.39	0.072822283333333
21.3852	0.127965718333333
21.3804	0.129148446666667
21.3756	0.02889193
21.3708	0.159434965
21.366	0.113079316666667
21.3612	0.086380175
21.3564	0.14246387
21.3516	0.128621453333333
21.3468	0.055605855
21.342	0.260381181666667
21.3372	0.125496873333333
21.3324	0.056691173333333
21.3276	0.10129572
21.3228	0.02819114
21.318	0.08864935
21.3132	0.068654806666667
21.3084	0.101079125
21.3036	0.042460506666667
21.2988	0.070651646666667
21.294	0.197478563333333
21.2892	0.01409557
21.2844	0.088914693333333
21.2796	0.088550811666667
21.2748	0.041321705
21.27	0.160308423333333
21.2652	0.08541517
21.2604	0.05638228
21.2556	0.08766257
21.2508	0.104018818333333
21.246	0.129204563333333
21.2412	0.014697821666667
21.2364	0.073349276666667
21.2316	0.055877061666667
21.2268	0.085777923333333
21.222	0.126762343333333
21.2172	0.104018818333333
21.2124	0.08496494
21.2076	0.083594691666667
21.2028	0.01409557
21.198	0.027279618333333
21.1932	0.144022698333333
21.1884	0.102163315
21.1836	0.127317351666667
21.1788	0.085995646666667
21.174	0.160353478333333
21.1692	0.163587658333333
21.1644	0.10337264
21.1596	0.157151006666667
21.1548	0.203969075
21.15	0.117058213333333
21.1452	0.118429521666667
21.1404	0.054701701666667
21.1356	0.16081477
21.1308	0.099421758333333
21.126	0.072985395
21.1212	0.056863841666667
21.1164	0.102045258333333
21.1116	0.128884608333333
21.1068	0.02819114
21.102	0.044457346666667
21.0972	0.097176991666667
21.0924	0.175534366666667
21.0876	0.184667953333333
21.0828	0.113381218333333
21.078	0.173757815
21.0732	0.174595206666667
21.0684	0.085349468333333
21.0636	0.113539103333333
21.0588	0.056592635
21.054	0.041036775
21.0492	0.05975742
21.0444	0.070281901666667
21.0396	0.028793391666667
21.0348	0.058628175
21.03	0.060240486666667
21.0252	0.11725635
21.0204	0.071683481666667
21.0156	0.04296422
21.0108	0.056171548333333
21.006	0.103010263333333
21.0012	0.18628394
20.9964	0.188094388333333
20.9916	0.125354408333333
20.9868	0.102287321666667
20.982	0.072964748333333
20.9772	0.168559631666667
20.9724	0.127559415
20.9676	0.214082055
20.9628	0.129962558333333
20.958	0.04228671
20.9532	0.013568576666667
20.9484	0.027468198333333
20.9436	0.054890281666667
20.9388	0.059274353333333
20.934	0.116622766666667
20.9292	0.072648486666667
20.9244	0.059442286666667
20.9196	0.074819123333333
20.9148	0.129171726666667
20.91	0.203921455
20.9052	0.101659601666667
20.9004	0.129724188333333
20.8956	0.101856678333333
20.8908	0.130321213333333
20.886	0.074938308333333
20.8812	0.044261398333333
20.8764	0.144066625
20.8716	0.128575338333333
20.8668	0.17307774
20.862	0.013568576666667
20.8572	0.100763991666667
20.8524	0.099816971666667
20.8476	0.117105833333333
20.8428	0.146334671666667
20.838	0.100355055
20.8332	0.04197744
20.8284	0.040848195
20.8236	0.028408863333333
20.8188	0.128282356666667
20.814	0.199437716666667
20.8092	0.113956468333333
20.8044	0.013568576666667
20.7996	0.085809255
20.7948	0.086380175
20.79	0.171924086666667
20.7852	0.069754908333333
20.7804	0.086336248333333
20.7756	0.129905353333333
20.7708	0.043491213333333
20.766	0.070093321666667
20.7612	0.130311656666667
20.7564	0.129753331666667
20.7516	0.027806611666667
20.7468	0.176499371666667
20.742	0.175512591666667
20.7372	0.14770598
20.7324	0.174882325
20.7276	0.157490103333333
20.7228	0.070281901666667
20.718	0.169506651666667
20.7132	0.189509623333333
20.7084	0.234931598333333
20.7036	0.114933691666667
20.6988	0.131367831666667
20.694	0.130332303333333
20.6892	0.075904441666667
20.6844	0.085461285
20.6796	0.099828061666667
20.6748	0.139802115
20.67	0.114949603333333
20.6652	0.103347171666667
20.6604	0.044072818333333
20.6556	0.127198166666667
20.6508	0.13093606
20.646	0.143902385
20.6412	0.100839626666667
20.6364	0.056215475
20.6316	0.073206811666667
20.6268	0.070311045
20.622	0.071925545
20.6172	0.11693166
20.6124	0.190768738333333
20.6076	0.083352628333333
20.6028	0.123733668333333
20.598	0.30684236
20.5932	0.060723553333333
20.5884	0.069566328333333
20.5836	0.229255575
20.5788	0.128569475
20.574	0.259287811666667
20.5692	0.221580745
20.5644	0.130613558333333
20.5596	0.229228573333333
20.5548	0.175701171666667
20.55	0.156694913333333
20.5452	0.130236398333333
20.5404	0.115347363333333
20.5356	0.214671711666667
20.5308	0.172543755
20.526	0.230456356666667
20.5212	0.14320009
20.5164	0.198360941666667
20.5116	0.158896881666667
20.5068	0.17390028
20.502	0.22809681
20.4972	0.183339066666667
20.4924	0.246493778333333
20.4876	0.199373826666667
20.4828	0.112810298333333
20.478	0.201536411666667
20.4732	0.213467208333333
20.4684	0.19744457
20.4636	0.300150413333333
20.4588	0.244369256666667
20.454	0.228949998333333
20.4492	0.360917401666667
20.4444	0.27300702
20.4396	0.342738601666667
20.4348	0.156368718333333
20.43	0.464574391666667
20.4252	0.287698486666667
20.4204	0.36784763
20.4156	0.31753845
20.4108	0.278965773333333
20.406	0.341199406666667
20.4012	0.356825675
20.3964	0.362838983333333
20.3916	0.194769843333333
20.3868	0.372982281666667
20.382	0.302590068333333
20.3772	0.369960975
20.3724	0.270135101666667
20.3676	0.39639159
20.3628	0.487542506666667
20.358	0.363465643333333
20.3532	0.302097416666667
20.3484	0.539844381666667
20.3436	0.494825035
20.3388	0.398294221666667
20.334	0.329530145
20.3292	0.441325601666667
20.3244	0.613020266666667
20.3196	0.55877463
20.3148	0.491283033333333
20.31	0.666588586666667
20.3052	0.54110124
20.3004	0.634707201666667
20.2956	0.611337141666667
20.2908	0.489092791666667
20.286	0.688155661666667
20.2812	0.862155586666667
20.2764	0.693443933333333
20.2716	0.767823425
20.2668	0.93123992
20.262	0.697616561666667
20.2572	0.942840903333333
20.2524	0.810381381666667
20.2476	0.854245616666667
20.2428	1.19620498666667
20.238	0.925561976666667
20.2332	0.903672863333333
20.2284	1.017124375
20.2236	1.14985508666667
20.2188	1.24560769166667
20.214	1.17882126166667
20.2092	1.10231782833333
20.2044	1.20935923666667
20.1996	1.40543803166667
20.1948	1.50001953166667
20.19	1.62698918166667
20.1852	1.65981265
20.1804	1.57391441333333
20.1756	1.98450584166667
20.1708	1.98108163333333
20.166	2.29641308
20.1612	2.0029798
20.1564	2.39383400833333
20.1516	2.27089389
20.1468	2.35504947
20.142	2.37260590166667
20.1372	2.85898959666667
20.1324	2.43282317666667
20.1276	3.19561908166667
20.1228	3.04410223
20.118	3.51490213166667
20.1132	3.56179727333333
20.1084	2.89193940333333
20.1036	3.53641971
20.0988	3.557939365
20.094	4.080695135
20.0892	3.85385713333333
20.0844	4.07412851666667
20.0796	4.76533984
20.0748	4.852934515
20.07	5.99682932833333
20.0652	5.87403807333333
20.0604	5.55708149833333
20.0556	5.35355147666667
20.0508	6.09525422166667
20.046	6.75103690833333
20.0412	7.06716664166667
20.0364	7.36028060166667
20.0316	7.36299671
20.0268	6.94938387833334
20.022	8.12643190333333
20.0172	9.11314038666667
20.0124	9.30050699333333
20.0076	9.07246049166667
20.0028	8.98378835
19.998	10.180286825
19.9932	10.57723806
19.9884	11.53721104
19.9836	12.7753641266667
19.9788	12.180482215
19.974	13.3873567933333
19.9692	12.8292331533333
19.9644	13.657259505
19.9596	17.0010484033333
19.9548	16.8030957516667
19.95	17.2595139733333
19.9452	17.5108863216667
19.9404	17.6535551816667
19.9356	20.0396148466667
19.9308	22.5314977816667
19.926	20.8620787533333
19.9212	21.1043098783333
19.9164	23.609978635
19.9116	23.639776535
19.9068	24.4550336183333
19.902	27.6549405416667
19.8972	28.6442046866667
19.8924	29.13452896
19.8876	29.3020349766667
19.8828	29.3952646466667
19.878	33.3296759466667
19.8732	35.131281865
19.8684	36.3534946166667
19.8636	38.7455923266667
19.8588	36.0352124833333
19.854	39.1342760433333
19.8492	40.00215502
19.8444	42.7748854766667
19.8396	45.1724289183333
19.8348	46.5978786766667
19.83	45.17147698
19.8252	45.0928340733333
19.8204	48.1538767866667
19.8156	52.36003289
19.8108	54.7290750566667
19.806	55.4303830766667
19.8012	56.222603505
19.7964	58.343130525
19.7916	60.3265290566667
19.7868	64.3765501366667
19.782	66.1534401433333
19.7772	67.543530025
19.7724	67.92966493
19.7676	67.0269989316667
19.7628	69.2313545516667
19.758	74.0090017433333
19.7532	77.1763403966667
19.7484	76.0906071733333
19.7436	81.2510332633333
19.7388	78.0807750333333
19.734	82.5961117033333
19.7292	88.3610249666667
19.7244	89.89510684
19.7196	90.4307836916667
19.7148	91.66196519
19.71	88.42733144
19.7052	94.31629408
19.7004	102.222642736667
19.6956	102.891340623333
19.6908	103.613382646667
19.686	105.66863632
19.6812	106.303815323333
19.6764	110.85004426
19.6716	111.098839708333
19.6668	116.652471203333
19.662	117.92698748
19.6572	116.522980825
19.6524	117.51329687
19.6476	123.660019475
19.6428	123.714321236667
19.638	127.941271006667
19.6332	129.24248986
19.6284	131.411600416667
19.6236	134.267094285
19.6188	135.576893136667
19.614	139.471249845
19.6092	141.603905883333
19.6044	141.79498413
19.5996	140.516802196667
19.5948	145.127207006667
19.59	148.849414658333
19.5852	151.779511173333
19.5804	155.118482198333
19.5756	157.440899633333
19.5708	157.471412115
19.566	158.300297045
19.5612	158.556831825
19.5564	168.96566611
19.5516	170.600781923333
19.5468	171.89508259
19.542	170.980314178333
19.5372	172.056703526667
19.5324	172.921091281667
19.5276	178.900346028333
19.5228	179.890234248333
19.518	181.969277843333
19.5132	181.033925811667
19.5084	182.51481367
19.5036	183.422500763333
19.4988	185.465209981667
19.494	187.970781721667
19.4892	191.512695108333
19.4844	190.050364856667
19.4796	194.561406646667
19.4748	196.104211421667
19.47	198.890303866667
19.4652	200.574180423333
19.4604	203.405298103333
19.4556	201.767995773333
19.4508	202.308363346667
19.446	202.846089178333
19.4412	207.417321515
19.4364	208.077594056667
19.4316	211.01755385
19.4268	213.672174046667
19.422	211.96680662
19.4172	213.403199738333
19.4124	214.096008738333
19.4076	216.961602043333
19.4028	220.265750166667
19.398	223.16211472
19.3932	217.470750323333
19.3884	220.534484495
19.3836	220.813994093333
19.3788	223.530769856667
19.374	225.805280501667
19.3692	226.15127326
19.3644	225.022722511667
19.3596	225.239227643333
19.3548	227.888968788333
19.35	227.779570796667
19.3452	235.150710261667
19.3404	234.46353175
19.3356	232.563533958333
19.3308	232.770484255
19.326	232.370464706667
19.3212	236.542473758333
19.3164	236.424686143333
19.3116	238.36092289
19.3068	235.142315973333
19.302	235.82081679
19.2972	236.233416555
19.2924	240.463234911667
19.2876	241.27279619
19.2828	240.164084461667
19.278	242.467316118333
19.2732	242.45596235
19.2684	241.67909358
19.2636	242.499662175
19.2588	246.378036403333
19.254	244.780779043333
19.2492	244.879805143333
19.2444	246.022457258333
19.2396	247.677863325
19.2348	247.864977391667
19.23	249.822952618333
19.2252	248.689052795
19.2204	248.598137696667
19.2156	249.026959031667
19.2108	249.458229546667
19.206	248.693725716667
19.2012	247.203578033333
19.1964	252.500702063333
19.1916	250.918108696667
19.1868	252.669707575
19.182	250.319167038333
19.1772	251.155941035
19.1724	253.780635536667
19.1676	253.50600044
19.1628	253.228553111667
19.158	256.889810466667
19.1532	254.725951198333
19.1484	254.754638555
19.1436	255.728297936667
19.1388	259.35551758
19.134	259.295620723333
19.1292	254.866194388333
19.1244	256.806836898333
19.1196	255.473507715
19.1148	256.136366986667
19.11	258.687701276667
19.1052	258.260741766667
19.1004	258.518528973333
19.0956	258.032755458333
19.0908	260.301668496667
19.086	259.347571558333
19.0812	260.064845783333
19.0764	260.471259691667
19.0716	259.737972243333
19.0668	263.998663421667
19.062	263.680568131667
19.0572	261.402199133333
19.0524	257.737099056667
19.0476	261.467559565
19.0428	264.655046391667
19.038	259.689020518333
19.0332	261.756229111667
19.0284	261.109880346667
19.0236	258.900328553333
19.0188	260.639058296667
19.014	264.5176543
19.0092	262.14648279
19.0044	262.306214115
18.9996	261.71572785
18.9948	263.065241163333
18.99	264.873852595
18.9852	261.837737931667
18.9804	264.661596745
18.9756	262.782953653333
18.9708	264.185773406667
18.966	262.712069186667
18.9612	265.617524061667
18.9564	265.772219623333
18.9516	263.20106038
18.9468	265.437364508333
18.942	265.283997623333
18.9372	262.598350811667
18.9324	261.78354811
18.9276	266.982648913333
18.9228	265.493251745
18.918	266.27590438
18.9132	264.85729517
18.9084	264.478449285
18.9036	266.242058758333
18.8988	265.538183256667
18.894	268.863335848333
18.8892	264.263865608333
18.8844	263.412814623333
18.8796	263.54648143
18.8748	266.79188006
18.87	266.597570355
18.8652	267.24953291
18.8604	265.462363198333
18.8556	262.324655948333
18.8508	265.939039208333
18.846	265.941016788333
18.8412	266.470591338333
18.8364	264.503946061667
18.8316	267.804337183333
18.8268	267.682217401667
18.822	265.83494202
18.8172	267.88350821
18.8124	265.78856759
18.8076	268.465889525
18.8028	269.295175333333
18.798	267.512809381667
18.7932	268.018517821667
18.7884	267.557216196667
18.7836	267.596268208333
18.7788	266.474068316667
18.774	264.999094353333
18.7692	267.444049301667
18.7644	266.438342668333
18.7596	266.367065811667
18.7548	268.056526186667
18.75	266.905248003333
18.7452	263.681269956667
18.7404	268.630792313333
18.7356	264.853700958333
18.7308	266.51102916
18.726	267.747345783333
18.7212	266.340856531667
18.7164	265.183338583333
18.7116	267.24314966
18.7068	266.07188853
18.702	264.860111273333
18.6972	264.554330363333
18.6924	266.631810358333
18.6876	266.10002824
18.6828	264.196122088333
18.678	264.382708226667
18.6732	271.718783341667
18.6684	267.943674623333
18.6636	268.809160926667
18.6588	268.018852173333
18.654	267.684289553333
18.6492	265.930833626667
18.6444	268.677212415
18.6396	267.073746858333
18.6348	266.925460448333
18.63	265.580836335
18.6252	263.931450656667
18.6204	269.788428933333
18.6156	267.86062681
18.6108	265.658188705
18.606	265.318788735
18.6012	266.413921938333
18.5964	264.915048636667
18.5916	268.366426458333
18.5868	268.410412915
18.582	266.462198631667
18.5772	267.192898376667
18.5724	267.856010246667
18.5676	266.248221585
18.5628	267.845535483333
18.558	268.406446351667
18.5532	266.665486206667
18.5484	267.517171325
18.5436	267.055833171667
18.5388	264.139591603333
18.534	267.657220446667
18.5292	265.570354311667
18.5244	268.681082268333
18.5196	268.698246981667
18.5148	269.033338458333
18.51	267.585800101667
18.5052	268.875022918333
18.5004	267.291987336667
18.4956	265.551930571667
18.4908	267.174250828333
18.486	266.031227305
18.4812	264.719212401667
18.4764	270.384245996667
18.4716	269.790626078333
18.4668	267.770863656667
18.462	267.943274733333
18.4572	264.950735313333
18.4524	265.6499711
18.4476	262.839132371667
18.4428	267.373978155
18.438	268.343601058333
18.4332	266.22114578
18.4284	269.620952398333
18.4236	268.745061456667
18.4188	269.606348878333
18.414	269.12969487
18.4092	269.417103005
18.4044	270.026396983333
18.3996	267.759116391667
18.3948	268.086347625
18.39	267.34038415
18.3852	268.885259848333
18.3804	269.008534501667
18.3756	269.706954288333
18.3708	267.870568
18.366	270.842946328333
18.3612	270.447202645
18.3564	267.588766801667
18.3516	266.60370196
18.3468	266.123881988333
18.342	269.94413938
18.3372	267.953395628333
18.3324	268.538082556667
18.3276	269.90857016
18.3228	266.46770118
18.318	266.699894043333
18.3132	270.59442764
18.3084	272.551412445
18.3036	269.940054918333
18.2988	268.003280686667
18.294	267.452669345
18.2892	265.286208538333
18.2844	269.832855293333
18.2796	269.859837526667
18.2748	268.99692694
18.27	266.419035425
18.2652	266.348739668333
18.2604	266.587223226667
18.2556	264.727493093333
18.2508	267.931249133333
18.246	268.523932426667
18.2412	270.736715123333
18.2364	267.60385533
18.2316	265.30418962
18.2268	268.34632517
18.222	268.46659108
18.2172	268.657636238333
18.2124	264.561117873333
18.2076	268.091511995
18.2028	267.003529785
18.198	268.773494135
18.1932	265.702640601667
18.1884	267.666825461667
18.1836	273.586266563333
18.1788	269.164681781667
18.174	269.261586873333
18.1692	267.714196243333
18.1644	268.55404813
18.1596	268.536285116667
18.1548	267.562606826667
18.15	270.562084813333
18.1452	271.11929966
18.1404	265.77914838
18.1356	265.678854561667
18.1308	268.01912729
18.126	266.317986
18.1212	269.917585551667
18.1164	270.460205098333
18.1116	265.579594545
18.1068	266.77996397
18.102	267.994392916667
18.0972	268.547520021667
18.0924	264.870093696667
18.0876	268.608514116667
18.0828	271.577074751667
18.078	270.893916165
18.0732	268.276278228333
18.0684	268.75008749
18.0636	267.913083013333
18.0588	268.39164688
18.054	266.551628901667
18.0492	267.610019418333
18.0444	268.653125408333
18.0396	266.442348506667
18.0348	268.204793168333
18.03	270.489314955
18.0252	267.807044945
18.0204	264.865021353333
18.0156	268.137610408333
18.0108	266.309619066667
18.006	270.244842711667
18.0012	265.725960233333
17.9964	269.198336518333
17.9916	266.730867091667
17.9868	268.3295213
17.982	268.094395605
17.9772	265.15573635
17.9724	271.90608492
17.9676	267.564288618333
17.9628	267.489393145
17.958	267.689331676667
17.9532	272.70750983
17.9484	266.087386683333
17.9436	266.73167674
17.9388	269.295256028333
17.934	268.927326641667
17.9292	270.02692136
17.9244	268.238997815
17.9196	267.662138106667
17.9148	268.997862893333
17.91	269.314570965
17.9052	269.13339152
17.9004	267.427700381667
17.8956	264.919871065
17.8908	272.125945456667
17.886	268.259500528333
17.8812	270.659008703333
17.8764	270.900888301667
17.8716	269.721359468333
17.8668	267.560487281667
17.862	269.113871775
17.8572	269.682424683333
17.8524	266.980049566667
17.8476	269.331770758333
17.8428	269.489269633333
17.838	268.376753968333
17.8332	266.228267706667
17.8284	266.644925336667
17.8236	268.117919891667
17.8188	269.418100835
17.814	269.190982835
17.8092	265.696531021667
17.8044	270.726335793333
17.7996	268.1276449
17.7948	267.304882943333
17.79	270.85741902
17.7852	269.892227981667
17.7804	272.984184711667
17.7756	270.6281832
17.7708	267.663724805
17.766	264.789981268333
17.7612	267.963968818333
17.7564	267.588433475
17.7516	268.08789958
17.7468	265.064742855
17.742	266.890035375
17.7372	269.963077945
17.7324	266.704250423333
17.7276	268.101157018333
17.7228	267.575941583333
17.718	268.266013878333
17.7132	267.632261065
17.7084	269.7609175
17.7036	268.754318881667
17.6988	266.96700422
17.694	271.06128579
17.6892	265.115784623333
17.6844	266.524389263333
17.6796	267.452562731667
17.6748	265.949967948333
17.67	270.070494108333
17.6652	271.326815458333
17.6604	268.019980378333
17.6556	272.676103668333
17.6508	270.160636288333
17.646	267.184018478333
17.6412	271.12270207
17.6364	270.905474053333
17.6316	270.384435783333
17.6268	268.373907726667
17.622	269.682727615
17.6172	265.740998506667
17.6124	267.202518601667
17.6076	266.266786993333
17.6028	266.270782103333
17.598	271.828752426667
17.5932	266.875305485
17.5884	266.614017686667
17.5836	270.013489848333
17.5788	264.776142965
17.574	267.541136441667
17.5692	266.39394071
17.5644	269.217404863333
17.5596	270.200517283333
17.5548	265.518430255
17.55	266.341472306667
17.5452	266.015903938333
17.5404	268.110517411667
17.5356	268.971120855
17.5308	266.556640813333
17.526	267.229964915
17.5212	267.85164978
17.5164	271.516090193333
17.5116	269.877785941667
17.5068	268.20276379
17.502	266.595175393333
17.4972	269.246041108333
17.4924	268.214240111667
17.4876	270.087012773333
17.4828	266.43932213
17.478	268.634317163333
17.4732	268.565696915
17.4684	269.318675985
17.4636	268.338674223333
17.4588	266.413935898333
17.454	265.130691826667
17.4492	269.462688576667
17.4444	265.26337402
17.4396	270.209697771667
17.4348	267.18896269
17.43	268.570266473333
17.4252	265.568995295
17.4204	264.336437001667
17.4156	269.895916543333
17.4108	271.447227298333
17.406	269.721422503333
17.4012	267.705011356667
17.3964	268.66089258
17.3916	268.281988715
17.3868	269.028972408333
17.382	270.791112956667
17.3772	269.643538323333
17.3724	268.916476266667
17.3676	266.109864751667
17.3628	267.567757703333
17.358	269.475846415
17.3532	267.677346023333
17.3484	268.103614723333
17.3436	268.533416581667
17.3388	269.367990978333
17.334	272.047791535
17.3292	269.01880995
17.3244	271.62342234
17.3196	269.896943901667
17.3148	266.911083778333
17.31	271.717931473333
17.3052	269.682689536667
17.3004	267.556474105
17.2956	267.4441161
17.2908	270.594077813333
17.286	268.204894136667
17.2812	266.625070875
17.2764	268.871619305
17.2716	270.887375111667
17.2668	267.303314431667
17.262	271.924920858333
17.2572	267.158954771667
17.2524	269.403152908333
17.2476	267.153480946667
17.2428	267.213483568333
17.238	267.216696303333
17.2332	266.864540533333
17.2284	271.997857501667
17.2236	271.952681695
17.2188	269.153227661667
17.214	268.615819031667
17.2092	268.996056401667
17.2044	267.273356441667
17.1996	270.838984188333
17.1948	267.141434261667
17.19	266.951355071667
17.1852	267.996594571667
17.1804	265.624053806667
17.1756	266.456511571667
17.1708	264.467071121667
17.166	268.921274173333
17.1612	271.203813941667
17.1564	267.27131467
17.1516	270.82557248
17.1468	267.491816236667
17.142	267.475527608333
17.1372	268.227449513333
17.1324	269.048156625
17.1276	267.874322725
17.1228	267.350583443333
17.118	268.47666939
17.1132	269.411210536667
17.1084	269.204324936667
17.1036	268.255845268333
17.0988	265.854105088333
17.094	266.156265251667
17.0892	268.985116156667
17.0844	270.137781041667
17.0796	268.426666796667
17.0748	269.997768553333
17.07	269.544668523333
17.0652	268.864874215
17.0604	268.351167921667
17.0556	266.673907253333
17.0508	269.723854085
17.046	269.440328691667
17.0412	266.725356518333
17.0364	269.158303048333
17.0316	269.76890603
17.0268	270.041407776667
17.022	267.36373667
17.0172	270.421115145
17.0124	268.332946315
17.0076	270.463600588333
17.0028	269.232100738333
16.998	268.191890608333
16.9932	269.581765415
16.9884	271.620465921667
16.9836	267.345810931667
16.9788	267.676436006667
16.974	269.90313484
16.9692	265.286306825
16.9644	269.401785603333
16.9596	270.126055615
16.9548	268.571404076667
16.95	268.83591941
16.9452	267.753128383333
16.9404	268.225249933333
16.9356	273.970825408333
16.9308	266.853393155
16.926	271.873799033333
16.9212	268.199254771667
16.9164	271.392858843333
16.9116	264.998445173333
16.9068	267.961100985
16.902	269.028651243333
16.8972	271.52846023
16.8924	268.546250145
16.8876	269.256728196667
16.8828	269.8413505
16.878	272.521410481667
16.8732	268.377727135
16.8684	268.582052188333
16.8636	270.327107108333
16.8588	268.789505996667
16.854	270.025576815
16.8492	270.370493121667
16.8444	272.02917171
16.8396	266.750137151667
16.8348	271.43900101
16.83	271.349573471667
16.8252	271.205557666667
16.8204	269.357926685
16.8156	270.051302683333
16.8108	270.760685753333
16.806	271.40244262
16.8012	272.616222495
16.7964	267.358553305
16.7916	266.35050251
16.7868	272.27972424
16.782	268.258667331667
16.7772	267.845998003333
16.7724	270.050753233333
16.7676	268.068637541667
16.7628	266.643927868333
16.758	269.567227151667
16.7532	271.380395603333
16.7484	268.345733081667
16.7436	268.409312928333
16.7388	268.330416678333
16.734	267.69908825
16.7292	267.517131316667
16.7244	269.15038377
16.7196	267.582557258333
16.7148	269.624243146667
16.71	267.780147751667
16.7052	269.572184975
16.7004	267.985686266667
16.6956	271.341715846667
16.6908	269.386590003333
16.686	267.156747163333
16.6812	268.90134275
16.6764	272.362004961667
16.6716	268.162386893333
16.6668	268.230639951667
16.662	271.137020385
16.6572	270.064936226667
16.6524	271.537972591667
16.6476	265.968611366667
16.6428	270.604136571667
16.638	271.643907738333
16.6332	266.067860695
16.6284	270.510335625
16.6236	269.48694691
16.6188	271.455629181667
16.614	266.053626155
16.6092	268.687326666667
16.6044	270.021942746667
16.5996	269.627429205
16.5948	269.336278376667
16.59	266.97460079
16.5852	269.62929247
16.5804	271.636634996667
16.5756	270.985019128333
16.5708	270.869580258333
16.566	274.529341323333
16.5612	267.752402016667
16.5564	268.587431348333
16.5516	266.665366675
16.5468	269.339012925
16.542	265.914142786667
16.5372	269.258379905
16.5324	266.429726793333
16.5276	268.22848609
16.5228	267.309315793333
16.518	270.881070131667
16.5132	266.842001101667
16.5084	265.011908496667
16.5036	267.386923223333
16.4988	268.850896276667
16.494	269.776125403333
16.4892	268.359608273333
16.4844	272.860502131667
16.4796	266.79754764
16.4748	272.009751901667
16.47	265.26879598
16.4652	266.758209415
16.4604	267.000420496667
16.4556	271.99775337
16.4508	271.710482878333
16.446	271.087013201667
16.4412	268.876096843333
16.4364	269.199982458333
16.4316	271.167455278333
16.4268	267.507357066667
16.422	266.876395866667
16.4172	268.34056742
16.4124	268.945079155
16.4076	268.125336285
16.4028	268.05773523
16.398	271.689356565
16.3932	267.72734037
16.3884	269.213580445
16.3836	268.405113281667
16.3788	267.706555625
16.374	270.609905435
16.3692	270.861367795
16.3644	271.248653051667
16.3596	268.506836656667
16.3548	266.933457658333
16.35	267.861012498333
16.3452	267.354731155
16.3404	266.33453827
16.3356	271.506340245
16.3308	272.317574476667
16.326	269.610241413333
16.3212	269.269732843333
16.3164	268.305255433333
16.3116	264.476083548333
16.3068	270.612077306667
16.302	270.902763825
16.2972	269.363058065
16.2924	269.925022066667
16.2876	271.799128561667
16.2828	265.962641938333
16.278	269.298543278333
16.2732	267.90050282
16.2684	269.913401195
16.2636	268.817643323333
16.2588	269.171621161667
16.254	269.160961091667
16.2492	267.58533986
16.2444	269.725157656667
16.2396	271.29742533
16.2348	270.878932425
16.23	267.185790418333
16.2252	269.314345596667
16.2204	270.535940535
16.2156	268.284407016667
16.2108	267.787437883333
16.206	270.418392178333
16.2012	270.253644418333
16.1964	268.307135841667
16.1916	269.876321701667
16.1868	269.174502661667
16.182	269.447014116667
16.1772	269.095495881667
16.1724	267.990348278333
16.1676	271.836178155
16.1628	268.849976248333
16.158	266.708303945
16.1532	268.031459476667
16.1484	270.369212305
16.1436	269.00406819
16.1388	267.029202901667
16.134	268.983775083333
16.1292	271.171327441667
16.1244	272.886250051667
16.1196	268.223338986667
16.1148	265.868901431667
16.11	269.166052056667
16.1052	267.568423245
16.1004	268.156041326667
16.0956	267.037523698333
16.0908	270.229305221667
16.086	269.08370045
16.0812	267.618737956667
16.0764	269.913538873333
16.0716	269.302096911667
16.0668	269.034294436667
16.062	270.834555515
16.0572	267.80148242
16.0524	271.79208659
16.0476	269.572852526667
16.0428	267.84136638
16.038	268.669798841667
16.0332	268.686798763333
16.0284	265.91933479
16.0236	269.433351271667
16.0188	266.749992663333
16.014	269.314176038333
16.0092	268.74270958
16.0044	265.462250516667
15.9996	272.480153175
15.9948	265.855099623333
15.99	270.845740971667
15.9852	269.383018686667
15.9804	270.254049471667
15.9756	268.24783265
15.9708	270.014491365
15.966	265.73756262
15.9612	270.612672881667
15.9564	268.313175953333
15.9516	267.229733901667
15.9468	268.740305515
15.942	268.835523708333
15.9372	270.327737395
15.9324	269.9510816
15.9276	269.80735456
15.9228	270.342884578333
15.918	270.46398495
15.9132	268.903575001667
15.9084	267.327039923333
15.9036	269.195807185
15.8988	270.761669968333
15.894	269.986034595
15.8892	268.753089965
15.8844	272.247191321667
15.8796	266.570225743333
15.8748	269.187965243333
15.87	269.848101971667
15.8652	268.151105633333
15.8604	269.376539295
15.8556	266.302002221667
15.8508	267.748300781667
15.846	270.804624128333
15.8412	270.704359903333
15.8364	269.023865861667
15.8316	267.100117925
15.8268	271.412507471667
15.822	264.874599378333
15.8172	268.91873647
15.8124	265.419108176667
15.8076	271.05612493
15.8028	271.096853916667
15.798	270.239235355
15.7932	271.063302188333
15.7884	269.945907126667
15.7836	267.517821768333
15.7788	268.232876316667
15.774	271.069932323333
15.7692	268.582283588333
15.7644	270.153026458333
15.7596	265.701674561667
15.7548	268.832260496667
15.75	264.290775088333
15.7452	270.262452848333
15.7404	269.152001193333
15.7356	269.708096993333
15.7308	267.586967461667
15.726	268.012795055
15.7212	268.471151876667
15.7164	269.87372674
15.7116	266.18184662
15.7068	266.414164365
15.702	268.434045471667
15.6972	266.978296026667
15.6924	270.109145763333
15.6876	267.280932923333
15.6828	269.055815448333
15.678	270.487332473333
15.6732	267.503399816667
15.6684	267.240242586667
15.6636	270.251508726667
15.6588	267.00886942
15.654	270.65572665
15.6492	269.819040556667
15.6444	265.831214626667
15.6396	269.408921855
15.6348	270.753896525
15.63	270.115441136667
15.6252	267.045618236667
15.6204	268.797175566667
15.6156	271.205502611667
15.6108	268.815467211667
15.606	268.34582387
15.6012	270.189164398333
15.5964	266.281699278333
15.5916	269.76402171
15.5868	269.93565508
15.582	267.498618955
15.5772	268.407370605
15.5724	269.910188735
15.5676	269.268331796667
15.5628	270.377807175
15.558	268.469143125
15.5532	265.286244151667
15.5484	273.298487415
15.5436	268.390971155
15.5388	267.864047215
15.534	268.003732115
15.5292	272.660488701667
15.5244	269.883021638333
15.5196	272.280300798333
15.5148	273.126383776667
15.51	270.41425754
15.5052	273.05384743
15.5004	268.855587528333
15.4956	268.864307505
15.4908	268.247843315
15.486	269.832096965
15.4812	270.632229811667
15.4764	269.724097198333
15.4716	267.236037175
15.4668	268.952294121667
15.462	269.53453932
15.4572	268.444071693333
15.4524	269.583145083333
15.4476	266.84631656
15.4428	269.775853748333
15.438	269.761976758333
15.4332	267.642153261667
15.4284	269.956671406667
15.4236	268.791979173333
15.4188	270.435365008333
15.414	268.636858611667
15.4092	270.063213871667
15.4044	269.210126208333
15.3996	270.476109745
15.3948	269.128431541667
15.39	266.961996866667
15.3852	267.937124271667
15.3804	268.129082076667
15.3756	267.747262148333
15.3708	270.405358375
15.366	271.367347128333
15.3612	268.233233916667
15.3564	269.574190786667
15.3516	265.603989263333
15.3468	269.574442648333
15.342	269.777549965
15.3372	270.898365743333
15.3324	270.077896388333
15.3276	271.042939535
15.3228	269.194040078333
15.318	267.049051886667
15.3132	271.531750016667
15.3084	269.1577396
15.3036	267.43813024
15.2988	267.650454931667
15.294	268.263205406667
15.2892	269.816176821667
15.2844	273.95596505
15.2796	268.245861923333
15.2748	268.176845266667
15.27	269.609462205
15.2652	271.111880133333
15.2604	269.010927975
15.2556	272.722233798333
15.2508	265.743187595
15.246	270.07640941
15.2412	266.450131806667
15.2364	268.981799458333
15.2316	269.304396058333
15.2268	269.167431255
15.222	269.584629993333
15.2172	269.264700523333
15.2124	268.993792785
15.2076	269.650950338333
15.2028	269.78884004
15.198	267.352214078333
15.1932	266.679748225
15.1884	267.913703896667
15.1836	269.426187788333
15.1788	268.472111158333
15.174	267.515840551667
15.1692	268.468530228333
15.1644	270.59253149
15.1596	267.297942978333
15.1548	267.974207735
15.15	268.222915868333
15.1452	271.452557108333
15.1404	267.720491845
15.1356	267.177124203333
15.1308	272.731983853333
15.126	267.93419118
15.1212	266.004371968333
15.1164	266.220660156667
15.1116	266.860599576667
15.1068	266.233744193333
15.102	267.250586566667
15.0972	271.072261925
15.0924	272.761058361667
15.0876	270.775773543333
15.0828	266.242883841667
15.078	268.555187348333
15.0732	265.537736978333
15.0684	267.22578705
15.0636	268.995271666667
15.0588	270.25251902
15.054	270.822511258333
15.0492	268.751095281667
15.0444	271.261084241667
15.0396	267.204248751667
15.0348	269.717135593333
15.03	268.853872823333
15.0252	271.293872171667
15.0204	269.894637203333
15.0156	269.385759845
15.0108	268.631755036667
15.006	271.703625151667
15.0012	269.342366313333
14.9964	269.174616381667
14.9916	270.147923758333
14.9868	268.985168426667
14.982	265.855904773333
14.9772	268.013358176667
14.9724	269.864040696667
14.9676	270.688669775
14.9628	270.878482981667
14.958	266.962175393333
14.9532	269.795926006667
14.9484	271.59175659
14.9436	269.534736886667
14.9388	270.986172986667
14.934	268.544213858333
14.9292	269.17090426
14.9244	266.178023296667
14.9196	273.44201787
14.9148	270.12930629
14.91	268.119722565
14.9052	268.921492021667
14.9004	270.55010963
14.8956	270.68641029
14.8908	268.427275355
14.886	267.704327196667
14.8812	268.311996346667
14.8764	269.931929025
14.8716	268.887621775
14.8668	268.476163653333
14.862	272.162305603333
14.8572	270.894978028333
14.8524	270.731835716667
14.8476	268.785888248333
14.8428	268.381976165
14.838	269.635008666667
14.8332	268.013982563333
14.8284	272.120545491667
14.8236	270.67727609
14.8188	268.771872151667
14.814	269.13453636
14.8092	269.025301691667
14.8044	267.67131156
14.7996	268.21427252
14.7948	266.396167966667
14.79	269.874386165
14.7852	272.65064261
14.7804	270.038628205
14.7756	267.723438123333
14.7708	270.69838308
14.766	270.432189698333
14.7612	272.167547533333
14.7564	272.308944538333
14.7516	267.447921125
14.7468	269.42486529
14.742	268.293141041667
14.7372	268.653358318333
14.7324	270.273371036667
14.7276	270.845539798333
14.7228	272.64399046
14.718	270.66586239
14.7132	272.814975778333
14.7084	267.767637641667
14.7036	270.831909933333
14.6988	271.132838223333
14.694	271.708875925
14.6892	266.794166833333
14.6844	270.00871326
14.6796	268.340874121667
14.6748	270.562662745
14.67	270.870202878333
14.6652	267.61011537
14.6604	270.642486963333
14.6556	271.818084765
14.6508	266.649555496667
14.646	268.400579605
14.6412	270.518533423333
14.6364	269.008687748333
14.6316	267.995242193333
14.6268	270.576807951667
14.622	269.935048176667
14.6172	271.521921086667
14.6124	266.54150296
14.6076	269.19935587
14.6028	272.992739163333
14.598	270.752911485
14.5932	269.912827125
14.5884	271.97201992
14.5836	267.910307088333
14.5788	267.2532919
14.574	272.503212983333
14.5692	270.713560685
14.5644	267.916583518333
14.5596	270.88632907
14.5548	269.760348458333
14.55	268.355027355
14.5452	271.779854218333
14.5404	270.150245536667
14.5356	270.558009836667
14.5308	268.53343771
14.526	269.341948361667
14.5212	273.647275181667
14.5164	272.608490016667
14.5116	268.321214065
14.5068	269.0111975
14.502	268.829488526667
14.4972	269.836094941667
14.4924	270.748452775
14.4876	268.593850808333
14.4828	273.364929563333
14.478	268.623229113333
14.4732	266.312791435
14.4684	270.948188401667
14.4636	271.299845405
14.4588	269.858484713333
14.454	271.867469163333
14.4492	268.697321341667
14.4444	266.589887066667
14.4396	271.976074183333
14.4348	266.80097738
14.43	270.364993406667
14.4252	271.251946811667
14.4204	270.381074583333
14.4156	266.791494731667
14.4108	271.865648235
14.406	268.654794661667
14.4012	268.136595141667
14.3964	269.535788043333
14.3916	267.590476666667
14.3868	268.772979171667
14.382	268.908221076667
14.3772	270.099758075
14.3724	269.41880828
14.3676	270.22164595
14.3628	270.543671426667
14.358	269.947119106667
14.3532	271.281522465
14.3484	267.032753241667
14.3436	269.68868641
14.3388	270.761914183333
14.334	268.747884065
14.3292	267.575201016667
14.3244	267.041932656667
14.3196	269.977421263333
14.3148	269.926740866667
14.31	267.626877445
14.3052	271.594509201667
14.3004	270.399878033333
14.2956	269.75827455
14.2908	269.972192248333
14.286	270.283813406667
14.2812	269.298365096667
14.2764	269.07625578
14.2716	265.282126803333
14.2668	273.247332558333
14.262	268.193695753333
14.2572	267.783444976667
14.2524	270.289200625
14.2476	270.417510988333
14.2428	270.77051282
14.238	264.602702188333
14.2332	268.803905725
14.2284	266.785081398333
14.2236	265.317502241667
14.2188	266.790644878333
14.214	267.655691188333
14.2092	270.257774533333
14.2044	271.617185826667
14.1996	269.353113841667
14.1948	266.195717813333
14.19	267.757895898333
14.1852	266.803008463333
14.1804	270.54934469
14.1756	266.379786918333
14.1708	268.887330455
14.166	271.218341826667
14.1612	269.642338218333
14.1564	269.845117873333
14.1516	267.720396295
14.1468	272.822507235
14.142	268.079143313333
14.1372	265.928731685
14.1324	269.68182936
14.1276	268.396201473333
14.1228	269.821851233333
14.118	269.819892131667
14.1132	268.21820237
14.1084	269.99439755
14.1036	266.978376948333
14.0988	266.361275551667
14.094	266.653884893333
14.0892	271.231543688333
14.0844	266.782782121667
14.0796	268.564527616667
14.0748	269.077526733333
14.07	267.88461969
14.0652	270.120982108333
14.0604	266.6544547
14.0556	269.784336886667
14.0508	266.509092711667
14.046	268.477321068333
14.0412	267.913366986667
14.0364	269.172080355
14.0316	266.2292931
14.0268	268.266364853333
14.022	269.064998843333
14.0172	271.344873366667
14.0124	268.395123866667
14.0076	267.453611631667
14.0028	268.33374808
13.998	268.357534303333
13.9932	265.000509691667
13.9884	269.630645788333
13.9836	268.673882368333
13.9788	269.32078664
13.974	266.885818861667
13.9692	268.262932388333
13.9644	269.09548358
13.9596	269.520928685
13.9548	268.426722595
13.95	266.77986597
13.9452	269.1328294
13.9404	270.737520166667
13.9356	268.07269429
13.9308	268.65007481
13.926	266.597243183333
13.9212	268.847619781667
13.9164	268.15450418
13.9116	268.472451566667
13.9068	268.10036814
13.902	269.700760415
13.8972	267.400732101667
13.8924	268.413605795
13.8876	267.976512661667
13.8828	268.478714811667
13.878	268.180851503333
13.8732	268.825828058333
13.8684	269.539234665
13.8636	269.289378918333
13.8588	267.171356915
13.854	268.827275896667
13.8492	269.755023293333
13.8444	269.784514808333
13.8396	271.776237315
13.8348	268.031898923333
13.83	268.360449746667
13.8252	269.761363673333
13.8204	268.964279463333
13.8156	267.691399705
13.8108	266.43701082
13.806	265.478340691667
13.8012	269.449304133333
13.7964	268.858745041667
13.7916	267.5102045
13.7868	271.907112396667
13.782	270.318418195
13.7772	268.63652733
13.7724	270.640764461667
13.7676	269.394377333333
13.7628	269.060403271667
13.758	264.528781553333
13.7532	270.313661693333
13.7484	269.947533818333
13.7436	269.555733451667
13.7388	269.865321105
13.734	267.20395077
13.7292	271.274054541667
13.7244	265.562783726667
13.7196	268.41954022
13.7148	271.159140446667
13.71	267.919855118333
13.7052	267.536747115
13.7004	265.589889398333
13.6956	269.440940726667
13.6908	268.142890661667
13.686	266.481288765
13.6812	268.19790222
13.6764	270.46249243
13.6716	269.087932146667
13.6668	268.5914433
13.662	265.917690461667
13.6572	266.969548478333
13.6524	267.694131355
13.6476	270.236011671667
13.6428	268.898061828333
13.638	268.39610238
13.6332	271.008217858333
13.6284	269.73231389
13.6236	267.611067733333
13.6188	271.005315255
13.614	269.150862921667
13.6092	268.550684065
13.6044	266.70709018
13.5996	270.585607641667
13.5948	271.614802011667
13.59	267.928004265
13.5852	267.380352295
13.5804	269.685379671667
13.5756	266.689278063333
13.5708	271.784378283333
13.566	270.219289063333
13.5612	268.061130243333
13.5564	269.405740161667
13.5516	266.31654286
13.5468	266.557408315
13.542	267.359805593333
13.5372	267.231164571667
13.5324	269.124257736667
13.5276	270.261251051667
13.5228	267.669139635
13.518	267.44757745
13.5132	266.466388711667
13.5084	268.0490643
13.5036	268.970871145
13.4988	270.342411873333
13.494	264.942259558333
13.4892	270.66613294
13.4844	268.621515925
13.4796	267.684948873333
13.4748	268.7180548
13.47	266.100479771667
13.4652	269.139214325
13.4604	269.212288406667
13.4556	269.449662531667
13.4508	269.378546061667
13.446	267.726814113333
13.4412	269.857940535
13.4364	266.185236638333
13.4316	266.657590223333
13.4268	269.878076053333
13.422	268.506782178333
13.4172	267.211185016667
13.4124	266.795532735
13.4076	267.98374811
13.4028	268.488658616667
13.398	269.798501208333
13.3932	269.77186882
13.3884	270.496059695
13.3836	268.078144998333
13.3788	269.184300831667
13.374	271.82502384
13.3692	268.387220076667
13.3644	267.836174176667
13.3596	273.066826941667
13.3548	269.371643291667
13.35	267.890097453333
13.3452	269.974688745
13.3404	272.353873233333
13.3356	270.23688895
13.3308	271.442792908333
13.326	269.32390301
13.3212	268.0679601
13.3164	269.38797082
13.3116	268.6529214
13.3068	270.186126036667
13.302	265.475021988333
13.2972	269.142311663333
13.2924	268.511733935
13.2876	270.61841441
13.2828	267.918873353333
13.278	266.683192908333
13.2732	265.353471921667
13.2684	270.666794745
13.2636	270.581242373333
13.2588	270.209853863333
13.254	268.97129854
13.2492	268.046791173333
13.2444	267.64848281
13.2396	269.100932718333
13.2348	268.310727676667
13.23	269.023933461667
13.2252	270.972377441667
13.2204	270.360903615
13.2156	267.927526861667
13.2108	267.445537603333
13.206	268.504179578333
13.2012	267.136824048333
13.1964	270.193740511667
13.1916	271.128502806667
13.1868	268.480746688333
13.182	272.133412916667
13.1772	268.722675516667
13.1724	268.613509628333
13.1676	265.948468781667
13.1628	271.32074751
13.158	267.345798011667
13.1532	269.319313435
13.1484	268.435744366667
13.1436	266.268587498333
13.1388	266.58509183
13.134	267.810254618333
13.1292	270.257275608333
13.1244	268.790835403333
13.1196	266.035002046667
13.1148	266.478775123333
13.11	271.001424156667
13.1052	269.066524995
13.1004	269.324428678333
13.0956	268.620071576667
13.0908	268.175831773333
13.086	266.612841845
13.0812	270.039394455
13.0764	271.565295498333
13.0716	269.362649348333
13.0668	269.021800998333
13.062	265.922793175
13.0572	269.420180935
13.0524	266.218923378333
13.0476	268.421902068333
13.0428	270.387349153333
13.038	270.0507988
13.0332	267.235220893333
13.0284	271.045892465
13.0236	270.258717173333
13.0188	269.89122515
13.014	269.228779628333
13.0092	266.365288715
13.0044	270.684279571667
12.9996	270.90877816
12.9948	274.07683925
12.99	268.667116621667
12.9852	267.67592853
12.9804	269.501059615
12.9756	269.338073296667
12.9708	269.820248205
12.966	270.041677173333
12.9612	270.579187983333
12.9564	268.314214136667
12.9516	269.506044631667
12.9468	269.504706501667
12.942	273.731979901667
12.9372	267.377911968333
12.9324	267.359812501667
12.9276	269.681131846667
12.9228	272.363647121667
12.918	268.042497631667
12.9132	267.173085296667
12.9084	271.542448941667
12.9036	269.747871161667
12.8988	268.998620606667
12.894	268.249427991667
12.8892	266.898202113333
12.8844	271.20479302
12.8796	267.790979993333
12.8748	267.217774506667
12.87	270.578175991667
12.8652	270.65236701
12.8604	268.864636526667
12.8556	268.810715661667
12.8508	267.351289516667
12.846	272.862962943333
12.8412	269.279422646667
12.8364	270.375587186667
12.8316	267.156237216667
12.8268	265.866352601667
12.822	268.160985918333
12.8172	269.304603693333
12.8124	269.28317649
12.8076	271.653728065
12.8028	269.475919448333
12.798	269.430609596667
12.7932	270.624004668333
12.7884	268.109345915
12.7836	272.537989345
12.7788	270.40163033
12.774	271.654893098333
12.7692	271.329078608333
12.7644	269.024769366667
12.7596	270.34000323
12.7548	269.618326268333
12.75	268.86750736
12.7452	270.688435618333
12.7404	270.875989846667
12.7356	270.783505408333
12.7308	269.626948771667
12.726	274.808349556667
12.7212	270.981833456667
12.7164	270.157143138333
12.7116	270.372048246667
12.7068	271.241442035
12.702	266.936009413333
12.6972	267.282750225
12.6924	268.705088426667
12.6876	269.356151205
12.6828	269.306776883333
12.678	271.524121031667
12.6732	268.126553136667
12.6684	270.78098579
12.6636	268.97771609
12.6588	271.06100027
12.654	266.744725596667
12.6492	268.327147043333
12.6444	269.463621725
12.6396	269.337217516667
12.6348	271.804798988333
12.63	269.851165783333
12.6252	271.042801428333
12.6204	271.235534948333
12.6156	271.023038475
12.6108	269.224135463333
12.606	271.71438868
12.6012	269.947565771667
12.5964	267.574481746667
12.5916	269.950891991667
12.5868	268.033877553333
12.582	270.715786908333
12.5772	267.770994341667
12.5724	270.678018778333
12.5676	270.926117471667
12.5628	268.888983225
12.558	270.501387565
12.5532	268.846781435
12.5484	271.5487351
12.5436	271.181541536667
12.5388	265.881366125
12.534	271.184180641667
12.5292	269.680009681667
12.5244	268.59017403
12.5196	269.3149954
12.5148	268.528920466667
12.51	267.590973665
12.5052	272.554468155
12.5004	270.212174296667
12.4956	267.408162465
12.4908	269.556813408333
12.486	268.448176946667
12.4812	269.519041428333
12.4764	268.9908789
12.4716	269.603362715
12.4668	270.173304243333
12.462	270.519522436667
12.4572	270.977659946667
12.4524	270.02728835
12.4476	269.354665103333
12.4428	270.550674283333
12.438	269.064521113333
12.4332	270.06825133
12.4284	269.214977363333
12.4236	265.830267686667
12.4188	269.983643598333
12.414	269.869321105
12.4092	267.513450363333
12.4044	273.083500446667
12.3996	268.97067228
12.3948	267.72057771
12.39	268.20898292
12.3852	270.303991868333
12.3804	272.011486061667
12.3756	267.227169125
12.3708	269.71896239
12.366	269.347452431667
12.3612	265.961291565
12.3564	268.807788278333
12.3516	269.34884888
12.3468	269.379146178333
12.342	270.869444345
12.3372	271.792422113333
12.3324	267.444929528333
12.3276	271.879679478333
12.3228	269.865683195
12.318	267.662681935
12.3132	267.271971305
12.3084	271.912809836667
12.3036	269.518893046667
12.2988	271.021495878333
12.294	271.172966438333
12.2892	268.85769301
12.2844	269.866117733333
12.2796	266.241460703333
12.2748	268.907359588333
12.27	265.802881308333
12.2652	267.723779238333
12.2604	271.132439681667
12.2556	270.300056483333
12.2508	268.849996786667
12.246	267.9507968
12.2412	268.914636033333
12.2364	269.650064296667
12.2316	269.711213893333
12.2268	267.163165411667
12.222	267.956386023333
12.2172	269.08208639
12.2124	269.857422426667
12.2076	268.141318675
12.2028	266.542213151667
12.198	268.273896816667
12.1932	268.180569256667
12.1884	268.722747483333
12.1836	269.226400015
12.1788	267.859360048333
12.174	268.450973333333
12.1692	268.424484936667
12.1644	268.972157593333
12.1596	270.016270216667
12.1548	268.356219805
12.15	267.481401038333
12.1452	270.668165881667
12.1404	272.752959398333
12.1356	269.75802569
12.1308	271.990750745
12.126	269.458018931667
12.1212	270.017108605
12.1164	269.725578791667
12.1116	269.284602351667
12.1068	271.86501308
12.102	265.705143606667
12.0972	270.776473016667
12.0924	271.294869683333
12.0876	267.619035703333
12.0828	269.081098895
12.078	269.040173948333
12.0732	268.556896933333
12.0684	271.97320507
12.0636	270.72142158
12.0588	270.441642623333
12.054	269.092224796667
12.0492	269.453298861667
12.0444	270.732843385
12.0396	268.89565173
12.0348	267.840074553333
12.03	267.727337506667
12.0252	268.126508495
12.0204	267.796116026667
12.0156	269.590826563333
12.0108	267.443177031667
12.006	268.20945506
12.0012	269.008244311667
11.9964	268.783529855
11.9916	272.542133161667
11.9868	266.964931801667
11.982	269.38499489
11.9772	271.645015581667
11.9724	269.515575501667
11.9676	265.872616355
11.9628	272.210223218333
11.958	268.865651035
11.9532	269.624284505
11.9484	267.729387011667
11.9436	269.219490693333
11.9388	269.651139555
11.934	274.270075041667
11.9292	267.989902793333
11.9244	268.220531205
11.9196	269.645911336667
11.9148	273.55361339
11.91	268.482874345
11.9052	268.842370345
11.9004	268.01595047
11.8956	270.642584703333
11.8908	265.64064703
11.886	271.676792663333
11.8812	271.75660711
11.8764	269.924722955
11.8716	269.016535143333
11.8668	267.467155525
11.862	269.943376313333
11.8572	268.785836695
11.8524	271.22083908
11.8476	270.876607671667
11.8428	270.944773971667
11.838	270.424236358333
11.8332	271.067770036667
11.8284	265.136758581667
11.8236	271.083291891667
11.8188	268.517799681667
11.814	268.259422315
11.8092	270.58002302
11.8044	270.575186216667
11.7996	268.068815178333
11.7948	274.088232401667
11.79	266.47674172
11.7852	269.089611715
11.7804	267.947162651667
11.7756	271.032541026667
11.7708	269.827897261667
11.766	269.036271713333
11.7612	267.804261168333
11.7564	269.011179405
11.7516	270.147882855
11.7468	266.717917168333
11.742	268.462330015
11.7372	269.187621938333
11.7324	271.794826793333
11.7276	272.097843203333
11.7228	268.10348176
11.718	269.68262595
11.7132	269.18909528
11.7084	269.718818211667
11.7036	268.042516255
11.6988	270.195275078333
11.694	267.660452438333
11.6892	270.632965681667
11.6844	270.897863295
11.6796	267.277512728333
11.6748	270.192744275
11.67	267.169279016667
11.6652	269.417133811667
11.6604	270.162378421667
11.6556	267.713034916667
11.6508	269.58021067
11.646	269.04399303
11.6412	267.942906471667
11.6364	270.198447923333
11.6316	268.403805171667
11.6268	268.623896051667
11.622	270.832652433333
11.6172	269.524527023333
11.6124	268.730513551667
11.6076	268.586431018333
11.6028	269.130423366667
11.598	270.128788548333
11.5932	267.87245271
11.5884	269.743003875
11.5836	269.129789721667
11.5788	270.399465033333
11.574	270.915594411667
11.5692	264.082115713333
11.5644	273.678836756667
11.5596	270.057453751667
11.5548	269.290142341667
11.55	269.03850074
11.5452	267.511289363333
11.5404	268.885128393333
11.5356	271.45350811
11.5308	271.120847336667
11.526	269.54205818
11.5212	270.53492625
11.5164	268.57616953
11.5116	267.779911985
11.5068	269.92077214
11.502	269.295387675
11.4972	268.515473941667
11.4924	272.108685873333
11.4876	267.912473368333
11.4828	268.328070395
11.478	266.25619413
11.4732	269.638926363333
11.4684	271.833261631667
11.4636	267.907770003333
11.4588	271.220155538333
11.454	270.993964896667
11.4492	269.576017396667
11.4444	270.02950275
11.4396	269.048960426667
11.4348	269.626559676667
11.43	266.653548855
11.4252	271.460245941667
11.4204	271.41952776
11.4156	271.024503806667
11.4108	269.838711918333
11.406	269.752719831667
11.4012	271.616420355
11.3964	268.823177223333
11.3916	267.72659494
11.3868	270.844137693333
11.382	269.886394476667
11.3772	271.463249358333
11.3724	269.625898218333
11.3676	270.262594805
11.3628	272.533910266667
11.358	269.098305378333
11.3532	269.939331481667
11.3484	270.196471003333
11.3436	270.112407505
11.3388	269.445332305
11.334	268.20346516
11.3292	269.768320945
11.3244	270.050984528333
11.3196	274.864372731667
11.3148	273.894504451667
11.31	267.025030498333
11.3052	272.341456198333
11.3004	269.731398405
11.2956	271.23864017
11.2908	269.810450853333
11.286	271.276113566667
11.2812	267.726135655
11.2764	268.803776998333
11.2716	271.392139536667
11.2668	268.277915965
11.262	268.207618156667
11.2572	270.020156638333
11.2524	269.938394628333
11.2476	269.702730125
11.2428	270.50252893
11.238	269.626466816667
11.2332	272.195562496667
11.2284	268.407625673333
11.2236	266.996535016667
11.2188	268.099374208333
11.214	269.145492003333
11.2092	269.952471786667
11.2044	268.78085769
11.1996	271.517733706667
11.1948	274.308675325
11.19	271.8457903
11.1852	270.01843768
11.1804	268.838208895
11.1756	267.754931515
11.1708	268.908188083333
11.166	269.666813883333
11.1612	269.663536518333
11.1564	270.167603596667
11.1516	270.075817385
11.1468	268.21828095
11.142	269.739022146667
11.1372	269.760109661667
11.1324	268.424422336667
11.1276	269.969312268333
11.1228	270.547258096667
11.118	270.296518055
11.1132	269.388066525
11.1084	268.889512108333
11.1036	270.794986755
11.0988	271.347136205
11.094	269.335375316667
11.0892	270.645570466667
11.0844	269.872734201667
11.0796	268.742276965
11.0748	266.137385448333
11.07	271.196077558333
11.0652	265.97413013
11.0604	271.358676061667
11.0556	268.902232906667
11.0508	269.833727541667
11.046	269.416290298333
11.0412	268.514718705
11.0364	269.712541333333
11.0316	269.734638461667
11.0268	268.451331563333
11.022	269.379622995
11.0172	267.903123935
11.0124	269.629886535
11.0076	267.720586275
11.0028	271.788464486667
10.998	268.185907715
10.9932	269.550327766667
10.9884	272.488925036667
10.9836	270.757655966667
10.9788	270.612806935
10.974	270.970128485
10.9692	271.657551618333
10.9644	267.662322258333
10.9596	269.358053063333
10.9548	271.470006756667
10.95	269.348993368333
10.9452	267.706503446667
10.9404	269.249597946667
10.9356	270.645106323333
10.9308	273.110625308333
10.926	269.993721378333
10.9212	272.846688946667
10.9164	268.773213173333
10.9116	270.658123978333
10.9068	266.632022258333
10.902	271.32211415
10.8972	270.607729301667
10.8924	272.663082371667
10.8876	270.289593008333
10.8828	271.540599891667
10.878	268.053411861667
10.8732	270.55672582
10.8684	268.351432011667
10.8636	268.468761478333
10.8588	268.206648178333
10.854	270.811483246667
10.8492	270.627863328333
10.8444	271.40321953
10.8396	269.416923531667
10.8348	269.47068499
10.83	272.446492598333
10.8252	271.850885878333
10.8204	272.895453556667
10.8156	266.933331708333
10.8108	269.4102028
10.806	271.016259685
10.8012	272.111038033333
10.7964	268.432065308333
10.7916	269.66354011
10.7868	265.451390213333
10.782	269.09574462
10.7772	274.853775333333
10.7724	271.462624741667
10.7676	270.713737416667
10.7628	271.594334825
10.758	266.974228343333
10.7532	269.63711897
10.7484	272.428613456667
10.7436	271.447883738333
10.7388	269.350084396667
10.734	271.681324608333
10.7292	269.238952726667
10.7244	270.595836461667
10.7196	272.062984751667
10.7148	268.499613191667
10.71	271.7915428
10.7052	269.007061781667
10.7004	270.13368604
10.6956	270.773344523333
10.6908	270.37883176
10.686	268.704666123333
10.6812	267.177870763333
10.6764	271.016497775
10.6716	272.212211265
10.6668	268.805218628333
10.662	269.655174805
10.6572	268.704285855
10.6524	272.07644677
10.6476	269.505431096667
10.6428	270.700055078333
10.638	268.828016221667
10.6332	272.2895937
10.6284	272.432725293333
10.6236	271.48623764
10.6188	267.470047961667
10.614	271.142655571667
10.6092	270.286978718333
10.6044	267.438364128333
10.5996	270.978867261667
10.5948	270.010167753333
10.59	270.619214845
10.5852	272.871298358333
10.5804	265.130980913333
10.5756	268.983593975
10.5708	267.045817788333
10.566	270.171246985
10.5612	267.83151099
10.5564	268.842704586667
10.5516	269.06541226
10.5468	271.05848652
10.542	268.720285295
10.5372	270.94389433
10.5324	268.423682421667
10.5276	272.71713545
10.5228	269.881339276667
10.518	270.813405728333
10.5132	271.56575142
10.5084	270.79224264
10.5036	269.432855853333
10.4988	269.552986378333
10.494	271.912739921667
10.4892	269.779217611667
10.4844	273.673885648333
10.4796	269.993641611667
10.4748	269.85687113
10.47	270.688087895
10.4652	269.744310736667
10.4604	273.326003621667
10.4556	271.01896194
10.4508	269.219541286667
10.446	272.454827181667
10.4412	269.315612283333
10.4364	270.782150886667
10.4316	271.086189605
10.4268	269.745036228333
10.422	268.947753298333
10.4172	270.283892946667
10.4124	270.708694501667
10.4076	266.78554586
10.4028	276.56134678
10.398	272.976566391667
10.3932	270.172137278333
10.3884	271.284516195
10.3836	268.17424453
10.3788	271.894052793333
10.374	272.743775446667
10.3692	274.940095511667
10.3644	275.078048535
10.3596	270.439825983333
10.3548	272.179716951667
10.35	268.211915126667
10.3452	269.182501936667
10.3404	273.066822703333
10.3356	272.352944986667
10.3308	270.092801061667
10.326	270.557048571667
10.3212	268.131970698333
10.3164	269.980340155
10.3116	272.674312733333
10.3068	270.540301833333
10.302	272.206041453333
10.2972	270.836947561667
10.2924	271.890147191667
10.2876	269.172338448333
10.2828	272.951937473333
10.278	270.865531595
10.2732	272.973947263333
10.2684	271.257292755
10.2636	271.79482779
10.2588	269.5045713
10.254	269.514492516667
10.2492	272.847671996667
10.2444	272.141381803333
10.2396	272.197658668333
10.2348	270.724040676667
10.23	270.477337585
10.2252	274.900947418333
10.2204	270.096115418333
10.2156	270.045685486667
10.2108	270.685198555
10.206	269.622976535
10.2012	267.889621221667
10.1964	272.498749515
10.1916	269.243545355
10.1868	270.359694321667
10.182	267.967449175
10.1772	273.396503476667
10.1724	272.107433323333
10.1676	272.449873683333
10.1628	274.725498635
10.158	270.254216975
10.1532	269.53948479
10.1484	269.583596813333
10.1436	270.97202469
10.1388	269.972229993333
10.134	270.844776478333
10.1292	271.033515466667
10.1244	273.31647899
10.1196	269.340662788333
10.1148	270.311832733333
10.11	270.022777043333
10.1052	272.125835735
10.1004	271.537197541667
10.0956	273.73704181
10.0908	269.412848326667
10.086	270.157974496667
10.0812	271.149631936667
10.0764	270.087782075
10.0716	268.776206525
10.0668	269.945565088333
10.062	270.680175796667
10.0572	270.784798406667
10.0524	267.673795743333
10.0476	271.767539548333
10.0428	273.290208045
10.038	270.999527288333
10.0332	272.097335481667
10.0284	270.24036841
10.0236	270.536178786667
10.0188	271.907406036667
10.014	269.446559791667
10.0092	267.671175556667
10.0044	270.269802211667
9.9996	270.103512381667
9.9948	269.520616923333
9.99	270.019124461667
9.9852	268.561323106667
9.9804	271.641199383333
9.9756	271.13778757
9.9708	271.470160996667
9.966	268.70674163
9.9612	272.676094198333
9.9564	270.038846316667
9.9516	268.599283396667
9.9468	272.270501426667
9.942	270.22518113
9.9372	269.806530813333
9.9324	270.926291943333
9.9276	271.448742616667
9.9228	271.491639066667
9.918	270.530992056667
9.9132	274.089611641667
9.9084	270.982915031667
9.9036	268.687929166667
9.8988	270.159112173333
9.894	266.917982686667
9.8892	271.668654695
9.8844	268.993270731667
9.8796	274.93207447
9.8748	270.448406883333
9.87	267.2171481
9.8652	269.089023128333
9.8604	270.425323953333
9.8556	273.49691761
9.8508	270.321162788333
9.846	273.612280286667
9.8412	271.887287408333
9.8364	269.909944618333
9.8316	273.03402469
9.8268	270.616221381667
9.822	271.853731101667
9.8172	269.786745686667
9.8124	270.177469155
9.8076	269.834750428333
9.8028	272.498277936667
9.798	269.381396061667
9.7932	271.97407862
9.7884	271.77163584
9.7836	272.993128396667
9.7788	273.776189338333
9.774	271.379323266667
9.7692	270.58135793
9.7644	266.776076808333
9.7596	273.115976448333
9.7548	270.519647728333
9.75	272.74834485
9.7452	271.017554526667
9.7404	270.121598363333
9.7356	272.540580538333
9.7308	270.691648205
9.726	268.793062176667
9.7212	270.044850263333
9.7164	272.689429478333
9.7116	271.696077626667
9.7068	271.479830068333
9.702	272.044008628333
9.6972	272.059969843333
9.6924	270.93492247
9.6876	267.66094985
9.6828	270.436769805
9.678	270.591187938333
9.6732	270.94461585
9.6684	269.429124283333
9.6636	270.823603755
9.6588	270.540587306667
9.654	269.04052323
9.6492	272.981561111667
9.6444	272.554630755
9.6396	268.64919584
9.6348	270.68359793
9.63	273.558739998333
9.6252	271.45794972
9.6204	273.19568889
9.6156	273.0528533
9.6108	272.376619853333
9.606	270.984506581667
9.6012	273.569868635
9.5964	270.666390371667
9.5916	270.340093555
9.5868	270.38463617
9.582	269.970922493333
9.5772	270.33886415
9.5724	274.95560595
9.5676	271.868222473333
9.5628	268.533075926667
9.558	268.57901186
9.5532	270.323028878333
9.5484	274.111125263333
9.5436	271.88897636
9.5388	268.855393245
9.534	270.497350995
9.5292	271.286657188333
9.5244	272.740259601667
9.5196	272.003345743333
9.5148	270.778242036667
9.51	268.96482427
9.5052	269.10931669
9.5004	270.5373699
9.4956	272.718950043333
9.4908	273.400062268333
9.486	270.400712426667
9.4812	270.503318526667
9.4764	268.087274888333
9.4716	268.175500863333
9.4668	269.511196646667
9.462	271.097647375
9.4572	271.067179623333
9.4524	270.084221268333
9.4476	273.003047223333
9.4428	270.593440761667
9.438	272.275068273333
9.4332	269.47797795
9.4284	271.541518655
9.4236	269.834377936667
9.4188	269.863839451667
9.414	273.719787596667
9.4092	272.208667515
9.4044	269.749088226667
9.3996	269.101447055
9.3948	271.1355368
9.39	269.40408821
9.3852	268.901917756667
9.3804	268.544440348333
9.3756	269.224008085
9.3708	269.959561195
9.366	270.821606091667
9.3612	271.65938471
9.3564	267.206413596667
9.3516	271.376747415
9.3468	269.91716514
9.342	270.238463181667
9.3372	273.660585941667
9.3324	271.939442166667
9.3276	268.974953576667
9.3228	270.501436311667
9.318	269.130682425
9.3132	271.533757263333
9.3084	270.052840943333
9.3036	273.631335885
9.2988	269.32432863
9.294	269.170585473333
9.2892	270.685197313333
9.2844	271.134639225
9.2796	269.022279655
9.2748	267.281280518333
9.27	274.181176443333
9.2652	272.137031155
9.2604	272.52303826
9.2556	270.154833641667
9.2508	269.943327511667
9.246	273.02100264
9.2412	269.20757665
9.2364	270.87266758
9.2316	273.81980156
9.2268	269.822402241667
9.222	271.010130888333
9.2172	269.781979556667
9.2124	270.539894465
9.2076	271.536884033333
9.2028	269.874103458333
9.198	271.952688256667
9.1932	268.485159816667
9.1884	270.222790115
9.1836	271.937713303333
9.1788	270.385376983333
9.174	273.757221401667
9.1692	271.393251386667
9.1644	273.100271301667
9.1596	270.874914266667
9.1548	272.616411186667
9.15	273.467365246667
9.1452	273.631886973333
9.1404	273.367028145
9.1356	269.310411123333
9.1308	271.091089846667
9.126	269.13638838
9.1212	266.67944623
9.1164	274.229985156667
9.1116	270.467170116667
9.1068	270.208934425
9.102	273.930486201667
9.0972	271.548910508333
9.0924	274.447947603333
9.0876	270.847357053333
9.0828	269.849466583333
9.078	273.292991575
9.0732	272.055891931667
9.0684	269.81279783
9.0636	270.542844156667
9.0588	270.39896239
9.054	271.061837851667
9.0492	273.204927145
9.0444	270.880658526667
9.0396	270.456382365
9.0348	272.681306063333
9.03	271.582105946667
9.0252	273.325682303333
9.0204	268.809896345
9.0156	269.899258573333
9.0108	273.325974153333
9.006	274.384360986667
9.0012	273.691643763333
8.9964	270.138884306667
8.9916	269.933140306667
8.9868	270.87927963
8.982	272.926795356667
8.9772	271.739456435
8.9724	270.278461935
8.9676	272.463670548333
8.9628	271.98475277
8.958	268.382783498333
8.9532	271.141051623333
8.9484	270.461907445
8.9436	274.878039745
8.9388	267.853873821667
8.934	271.128894468333
8.9292	269.695411593333
8.9244	270.357008161667
8.9196	273.865288955
8.9148	270.427458258333
8.91	270.95724099
8.9052	271.408183936667
8.9004	272.353345793333
8.8956	270.721967921667
8.8908	272.257878045
8.886	272.52196902
8.8812	272.955487651667
8.8764	268.929043075
8.8716	270.669421045
8.8668	269.312874666667
8.862	271.07876559
8.8572	270.810363901667
8.8524	274.492521428333
8.8476	274.850735146667
8.8428	273.039920151667
8.838	268.916928016667
8.8332	270.484431926667
8.8284	267.842936803333
8.8236	270.740292458333
8.8188	270.93068921
8.814	272.067699386667
8.8092	271.163841143333
8.8044	271.908954271667
8.7996	270.96688331
8.7948	270.69822995
8.79	270.452937615
8.7852	272.747702708333
8.7804	270.748851056667
8.7756	272.633693063333
8.7708	271.442706226667
8.766	270.358865141667
8.7612	270.16358731
8.7564	272.353190896667
8.7516	272.298531741667
8.7468	268.538449205
8.742	270.823324026667
8.7372	269.575063521667
8.7324	272.561354341667
8.7276	269.874485705
8.7228	269.573576471667
8.718	270.403816098333
8.7132	269.699855378333
8.7084	271.969519825
8.7036	269.66429626
8.6988	270.712596413333
8.694	269.941297553333
8.6892	273.204304303333
8.6844	268.30981319
8.6796	273.885162853333
8.6748	269.100416865
8.67	266.7951004
8.6652	269.728134056667
8.6604	268.069831215
8.6556	269.656037603333
8.6508	272.680061788333
8.646	270.295528635
8.6412	271.120638231667
8.6364	275.546842295
8.6316	277.655156045
8.6268	270.407558985
8.622	275.631482711667
8.6172	271.517268686667
8.6124	274.023314513333
8.6076	269.466305536667
8.6028	270.891399993333
8.598	274.511390763333
8.5932	272.620962216667
8.5884	270.55285023
8.5836	272.672496368333
8.5788	271.025285856667
8.574	271.672978583333
8.5692	268.279444281667
8.5644	269.701443536667
8.5596	271.838582866667
8.5548	272.320033671667
8.55	274.149217416667
8.5452	270.973852565
8.5404	272.83465698
8.5356	271.243476873333
8.5308	266.525172191667
8.526	270.00720981
8.5212	273.126555928333
8.5164	273.98730548
8.5116	272.112981158333
8.5068	272.621244668333
8.502	274.765220001667
8.4972	268.125541393333
8.4924	271.900120378333
8.4876	270.370513926667
8.4828	272.274126176667
8.478	272.51980961
8.4732	272.962352511667
8.4684	275.89019035
8.4636	274.268677548333
8.4588	273.459225543333
8.454	273.626838796667
8.4492	269.161089665
8.4444	271.57977097
8.4396	270.186260313333
8.4348	270.307614676667
8.43	269.546278051667
8.4252	271.329279853333
8.4204	273.741447605
8.4156	272.857102348333
8.4108	270.31012725
8.406	275.151033348333
8.4012	271.827758673333
8.3964	269.747433208333
8.3916	273.357542823333
8.3868	272.426654713333
8.382	271.269523428333
8.3772	271.97619335
8.3724	273.094461863333
8.3676	271.251793738333
8.3628	271.222803585
8.358	270.395664265
8.3532	272.548253141667
8.3484	270.520062566667
8.3436	273.376638226667
8.3388	273.849895155
8.334	269.876182548333
8.3292	270.4574243
8.3244	274.998169446667
8.3196	273.156874598333
8.3148	272.245318286667
8.31	270.668682575
8.3052	271.22151625
8.3004	273.112870613333
8.2956	273.580688196667
8.2908	272.15397041
8.286	269.470210191667
8.2812	272.098755646667
8.2764	272.671688155
8.2716	270.65588
8.2668	274.832834421667
8.262	272.152973705
8.2572	269.819615276667
8.2524	272.377351995
8.2476	269.40791565
8.2428	272.496591273333
8.238	271.741484515
8.2332	273.290770808333
8.2284	270.24805919
8.2236	270.26986952
8.2188	271.401523223333
8.214	269.635438771667
8.2092	274.010210201667
8.2044	272.682444495
8.1996	271.22233256
8.1948	271.26428091
8.19	272.36024074
8.1852	271.789091763333
8.1804	272.660833775
8.1756	271.576768536667
8.1708	271.551218981667
8.166	268.710505113333
8.1612	271.946235373333
8.1564	269.878420973333
8.1516	275.435100518333
8.1468	272.16770988
8.142	270.949764175
8.1372	270.260652325
8.1324	274.199636486667
8.1276	272.404737415
8.1228	273.693419375
8.118	272.217722205
8.1132	273.659642775
8.1084	269.646017648333
8.1036	272.774201463333
8.0988	269.947549278333
8.094	272.730632781667
8.0892	273.635834181667
8.0844	272.014536885
8.0796	272.807270208333
8.0748	271.350326491667
8.07	271.45299138
8.0652	269.698780238333
8.0604	271.541428803333
8.0556	268.29631672
8.0508	269.955250368333
8.046	273.336912191667
8.0412	270.587164705
8.0364	268.070057766667
8.0316	272.21572592
8.0268	271.518503031667
8.022	269.885669211667
8.0172	272.057466506667
8.0124	272.68467079
8.0076	271.796728305
8.0028	272.800369335
7.998	271.103945693333
7.9932	270.552434963333
7.9884	267.252590148333
7.9836	269.518191003333
7.9788	270.469010601667
7.974	273.41112931
7.9692	269.15176728
7.9644	273.644176223333
7.9596	273.011063983333
7.9548	270.118225181667
7.95	271.956815283333
7.9452	273.563975181667
7.9404	275.705018625
7.9356	267.476820046667
7.9308	270.385659756667
7.926	272.554753365
7.9212	267.695486925
7.9164	275.29650691
7.9116	270.083460056667
7.9068	269.380109153333
7.902	272.341431326667
7.8972	271.09563793
7.8924	267.999657096667
7.8876	273.305819755
7.8828	269.089800891667
7.878	273.20919141
7.8732	275.289461873333
7.8684	270.738866658333
7.8636	273.948780491667
7.8588	268.37906599
7.854	272.095684753333
7.8492	271.817992933333
7.8444	270.451305906667
7.8396	271.83769391
7.8348	272.458114856667
7.83	274.30649755
7.8252	271.63197871
7.8204	273.39147168
7.8156	273.037239405
7.8108	273.04169981
7.806	270.702829008333
7.8012	269.016705775
7.7964	275.139792713333
7.7916	272.32576261
7.7868	273.08822191
7.782	271.90590017
7.7772	274.303728113333
7.7724	272.884653435
7.7676	272.948560113333
7.7628	273.80517748
7.758	275.350796803333
7.7532	269.313311286667
7.7484	271.260010885
7.7436	269.899615728333
7.7388	273.69894876
7.734	274.171537298333
7.7292	273.71708089
7.7244	270.978958403333
7.7196	267.508912675
7.7148	270.587582723333
7.71	272.032714178333
7.7052	268.860462131667
7.7004	270.990191721667
7.6956	270.935522446667
7.6908	272.838945143333
7.686	271.356505183333
7.6812	273.031296028333
7.6764	275.309016446667
7.6716	272.553926221667
7.6668	269.696787701667
7.662	273.291958926667
7.6572	269.374826098333
7.6524	271.822622215
7.6476	270.25906188
7.6428	270.725304458333
7.638	270.289240981667
7.6332	270.415242395
7.6284	271.604342541667
7.6236	270.342330991667
7.6188	274.274680286667
7.614	272.829218603333
7.6092	269.104613583333
7.6044	273.593250555
7.5996	273.254444473333
7.5948	271.54405836
7.59	268.115199135
7.5852	270.851693475
7.5804	271.442688031667
7.5756	269.943841186667
7.5708	271.802524868333
7.566	273.492715075
7.5612	272.643251405
7.5564	272.4803432
7.5516	271.401176741667
7.5468	274.425390518333
7.542	269.519495148333
7.5372	271.627976226667
7.5324	273.351788541667
7.5276	272.182953601667
7.5228	273.93762869
7.518	271.926790246667
7.5132	274.953628176667
7.5084	269.812220825
7.5036	270.4948373
7.4988	271.788097681667
7.494	269.53018205
7.4892	271.831463071667
7.4844	273.842561693333
7.4796	268.991014708333
7.4748	274.044979473333
7.47	271.790063521667
7.4652	273.999795071667
7.4604	269.079835391667
7.4556	274.280615321667
7.4508	272.051186448333
7.446	271.714301875
7.4412	272.451678305
7.4364	272.963262521667
7.4316	272.354230531667
7.4268	274.154055885
7.422	270.845011731667
7.4172	274.977419431667
7.4124	271.20654477
7.4076	273.817763673333
7.4028	273.276873726667
7.398	274.917572351667
7.3932	273.50047603
7.3884	274.225565518333
7.3836	270.386780998333
7.3788	271.300552871667
7.374	273.366542838333
7.3692	274.308412676667
7.3644	269.49592986
7.3596	272.112054871667
7.3548	272.856155731667
7.35	269.891566435
7.3452	273.716951145
7.3404	273.281979888333
7.3356	269.976100956667
7.3308	273.693349791667
7.326	274.352881345
7.3212	270.527515756667
7.3164	272.820633866667
7.3116	274.016793503333
7.3068	275.156382
7.302	270.994565958333
7.2972	270.80758089
7.2924	270.681351045
7.2876	274.199009361667
7.2828	269.920569586667
7.278	276.44522174
7.2732	272.95581476
7.2684	271.644142555
7.2636	272.33495625
7.2588	274.53621253
7.254	273.102931346667
7.2492	271.559766151667
7.2444	271.275315123333
7.2396	270.793368425
7.2348	272.553277243333
7.23	270.617599845
7.2252	268.52062972
7.2204	270.00656659
7.2156	272.373519803333
7.2108	267.430359748333
7.206	273.250227075
7.2012	271.083639753333
7.1964	271.861920181667
7.1916	272.430536741667
7.1868	271.725165391667
7.182	276.924174791667
7.1772	276.020745526667
7.1724	273.1424699
7.1676	268.612710215
7.1628	269.186070585
7.158	270.289609953333
7.1532	271.095619793333
7.1484	272.786997518333
7.1436	271.507484028333
7.1388	273.738451371667
7.134	271.806951111667
7.1292	270.185019468333
7.1244	275.657059943333
7.1196	270.361225581667
7.1148	272.15362705
7.11	270.580306991667
7.1052	271.968609916667
7.1004	269.423687468333
7.0956	272.949516853333
7.0908	271.252816266667
7.086	272.816810813333
7.0812	273.347534191667
7.0764	272.899658465
7.0716	273.676053638333
7.0668	270.937780733333
7.062	271.149338713333
7.0572	271.566373405
7.0524	271.849460596667
7.0476	270.604358698333
7.0428	271.573058108333
7.038	270.620232796667
7.0332	268.822219121667
7.0284	273.473350468333
7.0236	269.140794181667
7.0188	273.453868218333
7.014	271.596940556667
7.0092	269.907110971667
7.0044	270.850448063333
6.9996	269.778539685
6.9948	273.103873073333
6.99	273.836059556667
6.9852	275.719351305
6.9804	271.989318058333
6.9756	271.435504018333
6.9708	273.171854915
6.966	276.204257543333
6.9612	274.224541623333
6.9564	271.580866705
6.9516	271.523314445
6.9468	271.640732693333
6.942	275.016008801667
6.9372	269.056398773333
6.9324	272.466547698333
6.9276	272.96833814
6.9228	271.085471465
6.918	272.122380448333
6.9132	272.918363706667
6.9084	273.531797476667
6.9036	272.553914271667
6.8988	270.493490316667
6.894	273.170212573333
6.8892	274.35254526
6.8844	273.405103253333
6.8796	272.97152801
6.8748	270.803115311667
6.87	272.859536986667
6.8652	273.869510701667
6.8604	271.13327278
6.8556	272.844150786667
6.8508	273.555759748333
6.846	270.388683593333
6.8412	275.912667935
6.8364	272.254708241667
6.8316	271.075820865
6.8268	275.585815256667
6.822	272.457848033333
6.8172	275.532706383333
6.8124	269.987920823333
6.8076	273.087861523333
6.8028	274.451936866667
6.798	274.742530281667
6.7932	273.304366188333
6.7884	274.197268565
6.7836	273.911735955
6.7788	274.257757015
6.774	274.414728053333
6.7692	274.515056608333
6.7644	273.580311166667
6.7596	273.692197903333
6.7548	272.987195756667
6.75	270.133417553333
6.7452	270.195246695
6.7404	273.169240965
6.7356	273.44299694
6.7308	274.899900405
6.726	271.831942033333
6.7212	275.470117796667
6.7164	272.275017995
6.7116	276.04767099
6.7068	276.408037546667
6.702	274.423986258333
6.6972	270.541035501667
6.6924	270.996441455
6.6876	272.090613455
6.6828	271.883656446667
6.678	272.689121485
6.6732	274.301740403333
6.6684	273.289708158333
6.6636	271.45041432
6.6588	272.645226925
6.654	272.169448351667
6.6492	269.90870526
6.6444	272.554398858333
6.6396	272.184338038333
6.6348	270.832829615
6.63	274.593529105
6.6252	269.737436275
6.6204	271.792928945
6.6156	272.216212548333
6.6108	275.298886528333
6.606	274.92997937
6.6012	271.763886718333
6.5964	270.480291125
6.5916	273.394943671667
6.5868	272.793947701667
6.582	272.970878455
6.5772	273.286747288333
6.5724	272.18167539
6.5676	270.417738185
6.5628	271.487113105
6.558	271.409568781667
6.5532	269.532305826667
6.5484	273.623947855
6.5436	273.726886785
6.5388	272.19873856
6.534	274.160044778333
6.5292	271.806375103333
6.5244	272.314405673333
6.5196	274.261195008333
6.5148	274.48521009
6.51	268.508135341667
6.5052	273.611913878333
6.5004	270.08266452
6.4956	271.631846883333
6.4908	272.422239205
6.486	271.84507531
6.4812	270.363384506667
6.4764	271.832001968333
6.4716	272.220566893333
6.4668	273.794212448333
6.462	273.732088065
6.4572	273.398285425
6.4524	271.60741228
6.4476	272.372502663333
6.4428	270.646254738333
6.438	272.159114096667
6.4332	274.784368555
6.4284	273.078406073333
6.4236	273.720562721667
6.4188	269.25941919
6.414	273.311320288333
6.4092	272.7156416
6.4044	272.015361973333
6.3996	273.062448401667
6.3948	271.93786652
6.39	270.510377086667
6.3852	271.8053351
6.3804	271.747993556667
6.3756	271.367703096667
6.3708	272.896484563333
6.366	272.957535881667
6.3612	272.148014273333
6.3564	272.504902111667
6.3516	272.687693823333
6.3468	273.181381613333
6.342	266.765678113333
6.3372	269.001977611667
6.3324	273.217260656667
6.3276	274.368214545
6.3228	271.692043746667
6.318	272.706147303333
6.3132	275.292050678333
6.3084	271.120070185
6.3036	270.29752237
6.2988	276.035775823333
6.294	273.098940223333
6.2892	272.211537833333
6.2844	275.17158649
6.2796	273.985658116667
6.2748	273.430485345
6.27	271.196064916667
6.2652	273.278646213333
6.2604	268.203710816667
6.2556	270.957897628333
6.2508	275.725757185
6.246	270.198760536667
6.2412	273.077808036667
6.2364	272.566831253333
6.2316	270.077705155
6.2268	272.167203486667
6.222	274.78958775
6.2172	272.005082478333
6.2124	271.56890516
6.2076	272.417646715
6.2028	274.562615863333
6.198	275.615985926667
6.1932	271.570331101667
6.1884	270.786488678333
6.1836	271.053698965
6.1788	272.555853426667
6.174	276.093850986667
6.1692	276.630808351667
6.1644	274.0217689
6.1596	272.1789538
6.1548	274.720212951667
6.15	275.631801098333
6.1452	277.903771375
6.1404	273.709796876667
6.1356	270.917106673333
6.1308	269.400446153333
6.126	274.152357286667
6.1212	270.717597185
6.1164	270.596006665
6.1116	274.689772953333
6.1068	271.165422748333
6.102	276.436540503333
6.0972	272.911989135
6.0924	271.200447575
6.0876	274.148222511667
6.0828	273.438660296667
6.078	274.333560436667
6.0732	277.081527175
6.0684	270.49999877
6.0636	271.597787183333
6.0588	274.255767106667
6.054	273.674072231667
6.0492	272.942486398333
6.0444	273.005347106667
6.0396	273.188170935
6.0348	270.946007341667
6.03	273.23856451
6.0252	272.335728313333
6.0204	274.910603985
6.0156	273.661466765
6.0108	272.428878485
6.006	270.676208195
6.0012	271.504935211667
5.9964	273.731872363333
5.9916	272.720571696667
5.9868	271.792417691667
5.982	272.684976841667
5.9772	273.596368095
5.9724	271.047309865
5.9676	274.576528653333
5.9628	271.06288241
5.958	270.88464278
5.9532	273.374298248333
5.9484	272.431586085
5.9436	277.49214437
5.9388	273.518986781667
5.934	273.758466358333
5.9292	272.658192083333
5.9244	271.836629191667
5.9196	272.34784363
5.9148	272.696022683333
5.91	272.10873033
5.9052	269.65004629
5.9004	270.729054676667
5.8956	270.923596195
5.8908	273.908925961667
5.886	272.434906133333
5.8812	272.406456536667
5.8764	275.796518696667
5.8716	273.811693386667
5.8668	273.568077945
5.862	275.556742638333
5.8572	274.930596263333
5.8524	273.370435521667
5.8476	272.106106811667
5.8428	270.80512502
5.838	273.725215278333
5.8332	270.798005263333
5.8284	271.99160484
5.8236	273.069079963333
5.8188	273.871461908333
5.814	270.462995946667
5.8092	274.122590883333
5.8044	273.330103151667
5.7996	273.864496611667
5.7948	274.7519393
5.79	274.597402603333
5.7852	273.040535663333
5.7804	269.781172501667
5.7756	269.306026841667
5.7708	272.896226436667
5.766	275.051426881667
5.7612	273.872480251667
5.7564	272.392912871667
5.7516	272.291777888333
5.7468	271.21331951
5.742	270.915522896667
5.7372	273.208629353333
5.7324	275.070458213333
5.7276	275.897673445
5.7228	270.271414656667
5.718	271.842050846667
5.7132	273.708449956667
5.7084	274.059469293333
5.7036	270.579661398333
5.6988	275.146904326667
5.694	271.529630295
5.6892	274.887102683333
5.6844	272.233796296667
5.6796	274.184419553333
5.6748	274.165109511667
5.67	274.016383046667
5.6652	273.818606913333
5.6604	271.829712925
5.6556	274.90858079
5.6508	272.179984648333
5.646	272.35253006
5.6412	270.902783525
5.6364	274.994318441667
5.6316	274.974275955
5.6268	273.93250473
5.622	270.923753105
5.6172	275.432616755
5.6124	277.038918815
5.6076	272.636453808333
5.6028	273.823557668333
5.598	271.633765325
5.5932	271.661477083333
5.5884	269.707458948333
5.5836	272.375236955
5.5788	274.476324126667
5.574	276.354269916667
5.5692	277.709158338333
5.5644	272.93099271
5.5596	272.775439026667
5.5548	276.22976006
5.55	274.25954921
5.5452	270.867307903333
5.5404	273.146121776667
5.5356	272.717831836667
5.5308	271.790332983333
5.526	271.437517213333
5.5212	269.524139076667
5.5164	273.562788288333
5.5116	272.847385416667
5.5068	275.152502348333
5.502	272.222492885
5.4972	270.13866869
5.4924	273.813495625
5.4876	272.974129215
5.4828	270.811689723333
5.478	273.158270813333
5.4732	273.868981038333
5.4684	270.796487993333
5.4636	271.576583546667
5.4588	273.310245996667
5.454	269.758713653333
5.4492	272.549246808333
5.4444	274.303801471667
5.4396	270.894531931667
5.4348	270.413757931667
5.43	274.751570088333
5.4252	276.499880875
5.4204	272.147963001667
5.4156	274.213635135
5.4108	272.405064015
5.406	271.846048065
5.4012	271.308282453333
5.3964	275.655835568333
5.3916	272.64968058
5.3868	274.872416535
5.382	272.840574731667
5.3772	273.419588348333
5.3724	271.646697363333
5.3676	274.54686538
5.3628	270.815364031667
5.358	270.640517998333
5.3532	272.25848721
5.3484	272.726080661667
5.3436	270.486135176667
5.3388	270.60271336
5.334	273.058229246667
5.3292	275.043121595
5.3244	273.420891125
5.3196	273.23745792
5.3148	275.597028061667
5.31	273.820889733333
5.3052	274.706130851667
5.3004	273.652005591667
5.2956	274.163417013333
5.2908	270.360991738333
5.286	274.036170423333
5.2812	273.629914368333
5.2764	271.910734283333
5.2716	270.658648916667
5.2668	270.318483273333
5.262	273.45567762
5.2572	272.185233256667
5.2524	271.444076703333
5.2476	272.397020268333
5.2428	270.384174268333
5.238	273.874572411667
5.2332	272.85988582
5.2284	271.471229771667
5.2236	271.726446116667
5.2188	272.29877497
5.214	271.157260773333
5.2092	272.791425541667
5.2044	275.134623828333
5.1996	271.61045778
5.1948	272.898677518333
5.19	270.592886865
5.1852	273.852983053333
5.1804	273.089004166667
5.1756	274.207936586667
5.1708	272.467966216667
5.166	272.482731623333
5.1612	274.756264181667
5.1564	270.239406446667
5.1516	278.42771409
5.1468	274.374024083333
5.142	272.854854333333
5.1372	271.568560905
5.1324	270.804115308333
5.1276	272.152619526667
5.1228	273.778650026667
5.118	272.779020578333
5.1132	270.359435966667
5.1084	273.55950793
5.1036	271.782007928333
5.0988	272.72621153
5.094	270.553866478333
5.0892	273.434251928333
5.0844	274.73939706
5.0796	275.67604607
5.0748	273.573979921667
5.07	273.194435651667
5.0652	275.591130415
5.0604	272.033082893333
5.0556	273.094147285
5.0508	274.243589578333
5.046	275.116957151667
5.0412	272.096819965
5.0364	275.57023161
5.0316	273.309129375
5.0268	271.971356471667
5.022	274.360352558333
5.0172	274.297225283333
5.0124	272.395462868333
5.0076	272.474788858333
5.0028	272.845743126667
4.998	273.621692048333
4.9932	274.6076872
4.9884	275.028751928333
4.9836	272.996882363333
4.9788	274.530728181667
4.974	274.972776255
4.9692	275.897695795
4.9644	273.643931026667
4.9596	272.973426646667
4.9548	272.71265897
4.95	276.261871556667
4.9452	276.468064371667
4.9404	272.961348728333
4.9356	273.504344135
4.9308	271.739108306667
4.926	272.530193671667
4.9212	273.07259313
4.9164	272.949427208333
4.9116	273.479130818333
4.9068	272.284269488333
4.902	275.202829571667
4.8972	275.386803033333
4.8924	274.242684206667
4.8876	271.6940637
4.8828	273.375786508333
4.878	275.695739355
4.8732	274.476173361667
4.8684	274.199330555
4.8636	273.436561771667
4.8588	274.788173035
4.854	274.145629371667
4.8492	271.765802471667
4.8444	274.177343953333
4.8396	272.181977848333
4.8348	271.992060591667
4.83	269.224965815
4.8252	273.530888983333
4.8204	271.874122815
4.8156	272.62154152
4.8108	272.015996835
4.806	269.805961315
4.8012	277.074422161667
4.7964	270.672546461667
4.7916	273.042362435
4.7868	271.870088875
4.782	274.023090121667
4.7772	271.16089165
4.7724	276.052683298333
4.7676	271.201799126667
4.7628	275.374207501667
4.758	274.22267624
4.7532	274.120102873333
4.7484	272.521310115
4.7436	271.353997808333
4.7388	271.361326903333
4.734	273.365867916667
4.7292	272.217339196667
4.7244	273.563318341667
4.7196	272.000199881667
4.7148	274.622458761667
4.71	270.377889508333
4.7052	271.328984806667
4.7004	277.942269555
4.6956	274.06847655
4.6908	272.924149636667
4.686	273.48843975
4.6812	273.854677856667
4.6764	272.8775642
4.6716	275.10909539
4.6668	270.613366421667
4.662	270.639138021667
4.6572	274.70794272
4.6524	271.816902171667
4.6476	271.30410799
4.6428	271.959567168333
4.638	274.393508841667
4.6332	274.345291365
4.6284	270.787557941667
4.6236	274.332163761667
4.6188	274.63007909
4.614	277.431100711667
4.6092	272.998702353333
4.6044	271.424814313333
4.5996	271.921958631667
4.5948	273.844489315
4.59	272.44516983
4.5852	274.241233688333
4.5804	273.167721311667
4.5756	272.218140836667
4.5708	273.362921911667
4.566	271.961343301667
4.5612	271.733110141667
4.5564	274.720686626667
4.5516	274.06984602
4.5468	272.114698516667
4.542	273.0394579
4.5372	274.180952941667
4.5324	272.52811489
4.5276	274.536122813333
4.5228	270.456220275
4.518	272.926224118333
4.5132	272.730897993333
4.5084	270.987895336667
4.5036	270.639516353333
4.4988	273.897054488333
4.494	274.116683231667
4.4892	272.80761531
4.4844	272.257430715
4.4796	271.70662256
4.4748	273.12282186
4.47	274.17675665
4.4652	274.348897255
4.4604	271.925305263333
4.4556	275.038833501667
4.4508	273.811505265
4.446	274.19814026
4.4412	277.947403238333
4.4364	271.990940968333
4.4316	270.094669856667
4.4268	270.38969935
4.422	272.935046131667
4.4172	274.452823971667
4.4124	272.765731915
4.4076	272.215951931667
4.4028	272.669668575
4.398	274.338525143333
4.3932	273.268589343333
4.3884	269.791640603333
4.3836	273.063677763333
4.3788	268.967582151667
4.374	275.816013363333
4.3692	274.491403728333
4.3644	273.483667163333
4.3596	272.458814388333
4.3548	275.712922931667
4.35	272.8519098
4.3452	275.254561898333
4.3404	274.660815395
4.3356	276.577629396667
4.3308	273.863174876667
4.326	272.351030761667
4.3212	274.924465126667
4.3164	274.558318188333
4.3116	272.911678905
4.3068	272.081962221667
4.302	273.9189911
4.2972	272.869516803333
4.2924	275.267078886667
4.2876	271.73860295
4.2828	271.575442781667
4.278	273.569536615
4.2732	272.039907278333
4.2684	273.325155908333
4.2636	273.377115798333
4.2588	274.368070988333
4.254	272.586831748333
4.2492	271.254697183333
4.2444	272.50770379
4.2396	276.690467555
4.2348	273.59401702
4.23	271.741420555
4.2252	275.022726838333
4.2204	272.624853635
4.2156	274.704230663333
4.2108	277.553639353333
4.206	272.390882066667
4.2012	275.951756991667
4.1964	271.959334821667
4.1916	272.773184286667
4.1868	274.106609483333
4.182	273.315059633333
4.1772	273.043089625
4.1724	271.829242426667
4.1676	272.108758388333
4.1628	270.865327753333
4.158	273.839754651667
4.1532	272.326070135
4.1484	272.84954507
4.1436	272.148778653333
4.1388	270.68283224
4.134	270.300331838333
4.1292	273.94454758
4.1244	269.167712455
4.1196	272.35900197
4.1148	270.355442948333
4.11	272.133346271667
4.1052	274.14060425
4.1004	273.443299691667
4.0956	272.428885846667
4.0908	271.405638505
4.086	271.403931998333
4.0812	273.794593478333
4.0764	275.584683223333
4.0716	271.29014817
4.0668	271.598280218333
4.062	271.186060128333
4.0572	275.064278001667
4.0524	272.530931421667
4.0476	274.67017393
4.0428	272.88753054
4.038	275.593061273333
4.0332	273.164309723333
4.0284	272.23177437
4.0236	271.732919758333
4.0188	272.520847326667
4.014	273.652852088333
4.0092	279.365342791667
4.0044	271.546118995
3.9996	273.934896816667
3.9948	275.364731385
3.99	274.122623201667
3.9852	274.958456291667
3.9804	272.629091176667
3.9756	272.753195846667
3.9708	275.81556374
3.966	271.733217891667
3.9612	273.496428568333
3.9564	275.237215815
3.9516	268.591349821667
3.9468	273.281484173333
3.942	272.510907105
3.9372	272.769358313333
3.9324	272.160062303333
3.9276	273.10837255
3.9228	274.939678853333
3.918	274.271757258333
3.9132	271.897969985
3.9084	273.383184171667
3.9036	273.976788491667
3.8988	274.771134103333
3.894	272.149622456667
3.8892	271.677152825
3.8844	271.215481613333
3.8796	274.761537645
3.8748	275.182886333333
3.87	272.03404395
3.8652	271.388683171667
3.8604	271.318631083333
3.8556	274.767763333333
3.8508	271.276331806667
3.846	273.708233833333
3.8412	273.00607497
3.8364	274.719866163333
3.8316	274.352836806667
3.8268	271.216593581667
3.822	273.400576056667
3.8172	273.789105035
3.8124	274.180225225
3.8076	272.316434363333
3.8028	272.215527466667
3.798	273.098062578333
3.7932	273.727687741667
3.7884	272.99716371
3.7836	275.939713753333
3.7788	273.071769266667
3.774	270.346816276667
3.7692	273.015256611667
3.7644	273.97162623
3.7596	271.690307478333
3.7548	271.503684068333
3.75	271.446890315
3.7452	276.186907361667
3.7404	270.741566076667
3.7356	273.098021411667
3.7308	271.106557025
3.726	273.965656086667
3.7212	274.609643093333
3.7164	273.298248596667
3.7116	270.572186953333
3.7068	272.944902541667
3.702	272.539330503333
3.6972	275.251577755
3.6924	273.362351801667
3.6876	274.018049065
3.6828	271.607748475
3.678	275.345178281667
3.6732	271.973574138333
3.6684	269.673003416667
3.6636	270.86830147
3.6588	274.859874933333
3.654	274.55253963
3.6492	272.46046299
3.6444	276.42415161
3.6396	274.95119549
3.6348	275.706299401667
3.63	270.483824171667
3.6252	272.68317861
3.6204	274.232804806667
3.6156	271.545122618333
3.6108	270.819620801667
3.606	274.447215215
3.6012	273.835979546667
3.5964	274.502232211667
3.5916	272.327186083333
3.5868	271.938527043333
3.582	272.161218298333
3.5772	274.780760046667
3.5724	270.617446651667
3.5676	271.819642766667
3.5628	271.406917248333
3.558	273.804081798333
3.5532	271.539898646667
3.5484	275.93441713
3.5436	268.744478526667
3.5388	271.96269748
3.534	273.066638541667
3.5292	273.893641168333
3.5244	270.98271985
3.5196	273.994900658333
3.5148	275.577798506667
3.51	270.46622028
3.5052	275.348219398333
3.5004	273.462292663333
3.4956	273.701130683333
3.4908	273.725600381667
3.486	275.353598355
3.4812	274.723813863333
3.4764	273.116574933333
3.4716	273.54053982
3.4668	270.808986465
3.462	271.300368826667
3.4572	275.095259335
3.4524	273.651575753333
3.4476	271.168139525
3.4428	271.696115866667
3.438	271.771539051667
3.4332	271.590067918333
3.4284	273.106942693333
3.4236	271.040007386667
3.4188	274.566087186667
3.414	272.293428873333
3.4092	275.389532605
3.4044	273.048633913333
3.3996	274.496171396667
3.3948	270.95594289
3.39	274.596102535
3.3852	271.917863131667
3.3804	273.455825706667
3.3756	271.790802801667
3.3708	272.471694033333
3.366	275.175107925
3.3612	270.027628905
3.3564	274.405234906667
3.3516	274.517198335
3.3468	272.208392098333
3.342	275.7572172
3.3372	273.915000435
3.3324	272.354926935
3.3276	269.903374235
3.3228	273.429852798333
3.318	271.401654845
3.3132	273.815250813333
3.3084	270.830663726667
3.3036	274.249183331667
3.2988	272.01228497
3.294	272.465064158333
3.2892	273.935618443333
3.2844	276.83468002
3.2796	272.348498635
3.2748	270.370545758333
3.27	272.740879825
3.2652	272.118939258333
3.2604	272.516556318333
3.2556	275.662636105
3.2508	272.761260966667
3.246	272.51745218
3.2412	273.6628998
3.2364	273.990658338333
3.2316	277.190087668333
3.2268	274.790376533333
3.222	271.965943858333
3.2172	275.594164373333
3.2124	274.33076519
3.2076	273.495522563333
3.2028	271.869971486667
3.198	272.736778431667
3.1932	270.704841475
3.1884	274.65983381
3.1836	273.769615875
3.1788	275.549392501667
3.174	275.924988066667
3.1692	274.009631975
3.1644	274.008521246667
3.1596	274.860035973333
3.1548	276.05350668
3.15	270.553207296667
3.1452	273.383182638333
3.1404	270.701810678333
3.1356	274.398254523333
3.1308	275.928164723333
3.126	275.972024606667
3.1212	269.96914957
3.1164	272.234561878333
3.1116	273.910406763333
3.1068	274.083191238333
3.102	270.807909476667
3.0972	271.980419655
3.0924	272.232872053333
3.0876	272.076252421667
3.0828	274.511620773333
3.078	272.116022143333
3.0732	271.916666926667
3.0684	275.832860336667
3.0636	275.268666373333
3.0588	274.367351893333
3.054	272.062203871667
3.0492	274.494489073333
3.0444	272.309606626667
3.0396	270.743479526667
3.0348	272.895822051667
3.03	274.47804252
3.0252	270.785864988333
3.0204	271.958693043333
3.0156	271.668753441667
3.0108	277.477137568333
3.006	271.52661793
3.0012	272.039205421667
2.9964	272.752234825
2.9916	271.91929544
2.9868	274.39011399
2.982	270.172258051667
2.9772	273.399251133333
2.9724	277.642751993333
2.9676	275.31606282
2.9628	269.426585973333
2.958	271.956616441667
2.9532	271.827805046667
2.9484	273.597454238333
2.9436	275.68362271
2.9388	275.306040771667
2.934	268.331925105
2.9292	274.980320616667
2.9244	274.65546643
2.9196	273.756547835
2.9148	270.941895728333
2.91	274.18727659
2.9052	273.57944486
2.9004	274.810826153333
2.8956	274.22661997
2.8908	274.945644048333
2.886	272.623736675
2.8812	274.001419186667
2.8764	271.836791216667
2.8716	274.279226665
2.8668	274.441040903333
2.862	272.8006018
2.8572	271.011053863333
2.8524	273.968207866667
2.8476	274.40362115
2.8428	271.635379953333
2.838	271.709389036667
2.8332	276.389709385
2.8284	274.772564521667
2.8236	274.313278128333
2.8188	273.204837355
2.814	274.083628555
2.8092	273.68058827
2.8044	273.493839215
2.7996	272.862698835
2.7948	274.73057148
2.79	274.94521396
2.7852	273.999292308333
2.7804	273.827160756667
2.7756	277.105016235
2.7708	274.9534792
2.766	274.526177535
2.7612	272.898473851667
2.7564	275.488321765
2.7516	272.473465311667
2.7468	276.211431451667
2.742	275.815235921667
2.7372	275.65738204
2.7324	274.122356783333
2.7276	275.924525885
2.7228	274.986154043333
2.718	274.928581791667
2.7132	270.452875643333
2.7084	272.773913751667
2.7036	274.037545336667
2.6988	272.032265728333
2.694	272.749041041667
2.6892	272.426942931667
2.6844	273.541424896667
2.6796	275.362544723333
2.6748	272.886464568333
2.67	276.5465959
2.6652	272.261486636667
2.6604	271.130678616667
2.6556	274.606737195
2.6508	276.940966096667
2.646	276.204267516667
2.6412	275.649091013333
2.6364	273.362547258333
2.6316	274.071859108333
2.6268	274.92842048
2.622	272.1368808
2.6172	274.416022546667
2.6124	271.803564986667
2.6076	271.451543901667
2.6028	270.683288655
2.598	271.546919298333
2.5932	272.338550315
2.5884	274.27636884
2.5836	272.66161638
2.5788	275.473251743333
2.574	272.260441733333
2.5692	273.679767621667
2.5644	270.900002483333
2.5596	274.972448151667
2.5548	273.739226553333
2.55	274.346562791667
2.5452	275.223692403333
2.5404	272.613018838333
2.5356	271.162591021667
2.5308	273.613901491667
2.526	273.479440191667
2.5212	273.874684271667
2.5164	275.82014338
2.5116	275.247120113333
2.5068	275.935278945
2.502	274.942639931667
2.4972	271.910858083333
2.4924	272.098816508333
2.4876	273.737012458333
2.4828	275.228777998333
2.478	273.356055101667
2.4732	275.875365431667
2.4684	271.369567581667
2.4636	272.10930077
2.4588	274.592600168333
2.454	270.798255901667
2.4492	269.866737236667
2.4444	273.504976555
2.4396	272.268366758333
2.4348	279.064155893333
2.43	274.063719126667
2.4252	275.133991665
2.4204	272.609739216667
2.4156	272.312216856667
2.4108	275.525032973333
2.406	275.547985311667
2.4012	273.806652033333
2.3964	273.13940785
2.3916	272.675283931667
2.3868	275.66331434
2.382	276.93921635
2.3772	273.247786191667
2.3724	273.351880128333
2.3676	272.919999841667
2.3628	271.565930011667
2.358	272.447374993333
2.3532	272.00696551
2.3484	274.619323028333
2.3436	270.743895916667
2.3388	272.913250828333
2.334	271.745886163333
2.3292	274.71269632
2.3244	274.660289846667
2.3196	276.118705473333
2.3148	275.530928368333
2.31	275.034224118333
2.3052	271.661543978333
2.3004	276.050210885
2.2956	275.257334833333
2.2908	274.19432504
2.286	272.043196988333
2.2812	274.846569773333
2.2764	273.432549606667
2.2716	272.485224131667
2.2668	271.36118606
2.262	275.210508616667
2.2572	276.506401528333
2.2524	276.082360285
2.2476	275.409826566667
2.2428	274.924556685
2.238	272.086264566667
2.2332	272.002932013333
2.2284	271.551241305
2.2236	274.773476521667
2.2188	276.384425755
2.214	274.31722717
2.2092	276.203591936667
2.2044	274.878389041667
2.1996	274.73689604
2.1948	275.498392206667
2.19	274.890973858333
2.1852	275.451903375
2.1804	276.998168675
2.1756	273.430215466667
2.1708	277.456529966667
2.166	273.73835531
2.1612	274.643546103333
2.1564	274.0485666
2.1516	274.674176645
2.1468	273.403870321667
2.142	276.164435745
2.1372	272.653639701667
2.1324	277.023519533333
2.1276	275.613858185
2.1228	275.386085673333
2.118	273.943184261667
2.1132	273.444925291667
2.1084	272.106814453333
2.1036	273.625775356667
2.0988	276.197323005
2.094	278.078734175
2.0892	274.882765931667
2.0844	271.091933556667
2.0796	274.364154655
2.0748	273.20757473
2.07	274.263466461667
2.0652	270.311890471667
2.0604	274.241802323333
2.0556	273.400824141667
2.0508	273.741460518333
2.046	273.759072443333
2.0412	272.634901348333
2.0364	276.143904833333
2.0316	273.813345661667
2.0268	272.990898193333
2.022	275.743992103333
2.0172	275.674712415
2.0124	275.82031528
2.0076	275.895198538333
2.0028	273.661686963333
1.998	270.880573645
1.9932	271.92800707
1.9884	274.523506308333
1.9836	275.09694091
1.9788	275.618774191667
1.974	275.39583911
1.9692	274.539482913333
1.9644	270.509661871667
1.9596	269.889942851667
1.9548	275.772356191667
1.95	274.538101716667
1.9452	273.740228601667
1.9404	274.80094295
1.9356	276.400240273333
1.9308	274.488262836667
1.926	274.505804243333
1.9212	276.502909745
1.9164	273.713572881667
1.9116	274.438781021667
1.9068	274.313637991667
1.902	273.088220983333
1.8972	274.847323945
1.8924	276.422815376667
1.8876	269.125976438333
1.8828	274.38735737
1.878	275.379801745
1.8732	272.648016951667
