           1
 1e9
 1
 360.
         811
   10.0000000       1.00000000    
   10.1000004       1.00000000    
   10.1999998       1.00000000    
   10.3000002       1.00000000    
   10.3999996       1.00000000    
   10.5000000       1.00000000    
   10.6000004       1.00000000    
   10.6999998       1.00000000    
   10.8000002       1.00000000    
   10.8999996       1.00000000    
   11.0000000       1.00000000    
   11.1000004       1.00000000    
   11.1999998       1.00000000    
   11.3000002       1.00000000    
   11.3999996       1.00000000    
   11.5000000       1.00000000    
   11.6000004       1.00000000    
   11.6999998       1.00000000    
   11.8000002       1.00000000    
   11.8999996       1.00000000    
   12.0000000       1.00000000    
   12.1000004       1.00000000    
   12.1999998       1.00000000    
   12.3000002       1.00000000    
   12.3999996       1.00000000    
   12.5000000       1.00000000    
   12.6000004       1.00000000    
   12.6999998       1.00000000    
   12.8000002       1.00000000    
   12.8999996       1.00000000    
   13.0000000       1.00000000    
   13.1000004       1.00000000    
   13.1999998       1.00000000    
   13.3000002       1.00000000    
   13.3999996       1.00000000    
   13.5000000       1.00000000    
   13.6000004       1.00000000    
   13.6999998       1.00000000    
   13.8000002       1.00000000    
   13.8999996       1.00000000    
   14.0000000       1.00000000    
   14.1000004       1.00000000    
   14.2000008       1.00000000    
   14.3000002       1.00000000    
   14.3999996       1.00000000    
   14.5000000       1.00000000    
   14.6000004       1.00000000    
   14.7000008       1.00000000    
   14.8000002       1.00000000    
   14.8999996       1.00000000    
   15.0000000       1.00000000    
   15.1000004       1.00000000    
   15.2000008       1.00000000    
   15.3000002       1.00000000    
   15.3999996       1.00000000    
   15.5000000       1.00000000    
   15.6000004       1.00000000    
   15.7000008       1.00000000    
   15.8000002       1.00000000    
   15.8999996       1.00000000    
   16.0000000       1.00000000    
   16.1000004       1.00000000    
   16.2000008       1.00000000    
   16.2999992       1.00000000    
   16.3999996       1.00000000    
   16.5000000       1.00000000    
   16.6000004       1.00000000    
   16.7000008       1.00000000    
   16.7999992       1.00000000    
   16.8999996       1.00000000    
   17.0000000       1.00000000    
   17.1000004       1.00000000    
   17.2000008       1.00000000    
   17.2999992       1.00000000    
   17.3999996       1.00000000    
   17.5000000       1.00000000    
   17.6000004       1.00000000    
   17.7000008       1.00000000    
   17.7999992       1.00000000    
   17.8999996       1.00000000    
   18.0000000       1.00000000    
   18.1000004       1.00000000    
   18.2000008       1.00000000    
   18.2999992       1.00000000    
   18.4000015       1.00000000    
   18.5000000       1.00000000    
   18.6000004       1.00000000    
   18.7000008       1.00000000    
   18.7999992       1.00000000    
   18.9000015       1.00000000    
   19.0000000       1.00000000    
   19.1000004       1.00000000    
   19.2000008       1.00000000    
   19.2999992       1.00000000    
   19.4000015       1.00000000    
   19.5000000       1.00000000    
   19.6000004       1.00000000    
   19.7000008       1.00000000    
   19.7999992       1.00000000    
   19.9000015       1.00000000    
   20.0000000       1.00000000    
   20.1000004       1.00000000    
   20.2000008       1.00000000    
   20.2999992       1.00000000    
   20.4000015       1.00000000    
   20.5000000       1.00000000    
   20.6000004       1.00000000    
   20.7000008       1.00000000    
   20.7999992       1.00000000    
   20.9000015       1.00000000    
   21.0000000       1.00000000    
   21.1000004       1.00000000    
   21.2000008       1.00000000    
   21.2999992       1.00000000    
   21.4000015       1.00000000    
   21.5000000       1.00000000    
   21.6000004       1.00000000    
   21.7000008       1.00000000    
   21.7999992       1.00000000    
   21.9000015       1.00000000    
   22.0000000       1.00000000    
   22.1000004       1.00000000    
   22.2000008       1.00000000    
   22.2999992       1.00000000    
   22.4000015       1.00000000    
   22.5000000       1.00000000    
   22.6000004       1.00000000    
   22.7000008       1.00000000    
   22.7999992       1.00000000    
   22.9000015       1.00000000    
   23.0000000       1.00000000    
   23.1000004       1.00000000    
   23.2000008       1.00000000    
   23.2999992       1.00000000    
   23.4000015       1.00000000    
   23.5000000       1.00000000    
   23.6000004       1.00000000    
   23.7000008       1.00000000    
   23.7999992       1.00000000    
   23.9000015       1.00000000    
   24.0000000       1.00000000    
   24.1000004       1.00000000    
   24.2000008       1.00000000    
   24.2999992       1.00000000    
   24.4000015       1.00000000    
   24.5000000       1.00000000    
   24.6000004       1.00000000    
   24.7000008       1.00000000    
   24.7999992       1.00000000    
   24.9000015       1.00000000    
   25.0000000       1.00000000    
   25.1000004       1.00000000    
   25.2000008       1.00000000    
   25.2999992       1.00000000    
   25.4000015       1.00000000    
   25.5000000       1.00000000    
   25.6000004       1.00000000    
   25.7000008       1.00000000    
   25.7999992       1.00000000    
   25.9000015       1.00000000    
   26.0000000       1.00000000    
   26.1000004       1.00000000    
   26.2000008       1.00000000    
   26.3000011       1.00000000    
   26.3999996       1.00000000    
   26.5000000       1.00000000    
   26.6000004       1.00000000    
   26.7000008       1.00000000    
   26.8000011       1.00000000    
   26.8999996       1.00000000    
   27.0000000       1.00000000    
   27.1000004       1.00000000    
   27.2000008       1.00000000    
   27.3000011       1.00000000    
   27.3999996       1.00000000    
   27.5000000       1.00000000    
   27.6000004       1.00000000    
   27.7000008       1.00000000    
   27.8000011       1.00000000    
   27.8999996       1.00000000    
   28.0000000       1.00000000    
   28.1000004       1.00000000    
   28.2000008       1.00000000    
   28.3000011       1.00000000    
   28.3999996       1.00000000    
   28.5000000       1.00000000    
   28.6000004       1.00000000    
   28.7000008       1.00000000    
   28.8000011       1.00000000    
   28.8999996       1.00000000    
   29.0000000       1.00000000    
   29.1000004       1.00000000    
   29.2000008       1.00000000    
   29.3000011       1.00000000    
   29.3999996       1.00000000    
   29.5000000       1.00000000    
   29.6000004       1.00000000    
   29.7000008       1.00000000    
   29.8000011       1.00000000    
   29.8999996       1.00000000    
   30.0000000       1.00000000    
   30.1000004       1.00000000    
   30.2000008       1.00000000    
   30.3000011       1.00000000    
   30.3999996       1.00000000    
   30.5000000       1.00000000    
   30.6000004       1.00000000    
   30.7000008       1.00000000    
   30.8000011       1.00000000    
   30.8999996       1.00000000    
   31.0000000       1.00000000    
   31.1000004       1.00000000    
   31.2000008       1.00000000    
   31.3000011       1.00000000    
   31.3999996       1.00000000    
   31.5000000       1.00000000    
   31.6000004       1.00000000    
   31.7000008       1.00000000    
   31.8000011       1.00000000    
   31.8999996       1.00000000    
   32.0000000       1.00000000    
   32.0999985       1.00000000    
   32.2000008       1.00000000    
   32.3000031       1.00000000    
   32.4000015       1.00000000    
   32.5000000       1.00000000    
   32.5999985       1.00000000    
   32.7000008       1.00000000    
   32.8000031       1.00000000    
   32.9000015       1.00000000    
   33.0000000       1.00000000    
   33.0999985       1.00000000    
   33.2000008       1.00000000    
   33.3000031       1.00000000    
   33.4000015       1.00000000    
   33.5000000       1.00000000    
   33.5999985       1.00000000    
   33.7000008       1.00000000    
   33.8000031       1.00000000    
   33.9000015       1.00000000    
   34.0000000       1.00000000    
   34.0999985       1.00000000    
   34.2000008       1.00000000    
   34.3000031       1.00000000    
   34.4000015       1.00000000    
   34.5000000       1.00000000    
   34.5999985       1.00000000    
   34.7000008       1.00000000    
   34.8000031       1.00000000    
   34.9000015       1.00000000    
   35.0000000       1.00000000    
   35.0999985       1.00000000    
   35.2000008       1.00000000    
   35.3000031       1.00000000    
   35.4000015       1.00000000    
   35.5000000       1.00000000    
   35.5999985       1.00000000    
   35.7000008       1.00000000    
   35.8000031       1.00000000    
   35.9000015       1.00000000    
   36.0000000       1.00000000    
   36.0999985       1.00000000    
   36.2000008       1.00000000    
   36.3000031       1.00000000    
   36.4000015       1.00000000    
   36.5000000       1.00000000    
   36.5999985       1.00000000    
   36.7000008       1.00000000    
   36.8000031       1.00000000    
   36.9000015       1.00000000    
   37.0000000       1.00000000    
   37.0999985       1.00000000    
   37.2000008       1.00000000    
   37.3000031       1.00000000    
   37.4000015       1.00000000    
   37.5000000       1.00000000    
   37.5999985       1.00000000    
   37.7000008       1.00000000    
   37.8000031       1.00000000    
   37.9000015       1.00000000    
   38.0000000       1.00000000    
   38.0999985       1.00000000    
   38.2000008       1.00000000    
   38.3000031       1.00000000    
   38.4000015       1.00000000    
   38.5000000       1.00000000    
   38.5999985       1.00000000    
   38.7000008       1.00000000    
   38.8000031       1.00000000    
   38.9000015       1.00000000    
   39.0000000       1.00000000    
   39.0999985       1.00000000    
   39.2000008       1.00000000    
   39.3000031       1.00000000    
   39.4000015       1.00000000    
   39.5000000       1.00000000    
   39.5999985       1.00000000    
   39.7000008       1.00000000    
   39.8000031       1.00000000    
   39.9000015       1.00000000    
   40.0000000       1.00000000    
   40.0999985       1.00000000    
   40.2000008       1.00000000    
   40.3000031       1.00000000    
   40.4000015       1.00000000    
   40.5000000       1.00000000    
   40.5999985       1.00000000    
   40.7000008       1.00000000    
   40.8000031       1.00000000    
   40.9000015       1.00000000    
   41.0000000       1.00000000    
   41.0999985       1.00000000    
   41.2000008       1.00000000    
   41.3000031       1.00000000    
   41.4000015       1.00000000    
   41.5000000       1.00000000    
   41.5999985       1.00000000    
   41.7000008       1.00000000    
   41.8000031       1.00000000    
   41.9000015       1.00000000    
   42.0000000       1.00000000    
   42.1000023       1.00000000    
   42.2000008       1.00000000    
   42.2999992       1.00000000    
   42.4000015       1.00000000    
   42.5000000       1.00000000    
   42.6000023       1.00000000    
   42.7000008       1.00000000    
   42.7999992       1.00000000    
   42.9000015       1.00000000    
   43.0000000       1.00000000    
   43.1000023       1.00000000    
   43.2000008       1.00000000    
   43.2999992       1.00000000    
   43.4000015       1.00000000    
   43.5000000       1.00000000    
   43.6000023       1.00000000    
   43.7000008       1.00000000    
   43.7999992       1.00000000    
   43.9000015       1.00000000    
   44.0000000       1.00000000    
   44.1000023       1.00000000    
   44.2000008       1.00000000    
   44.2999992       1.00000000    
   44.4000015       1.00000000    
   44.5000000       1.00000000    
   44.6000023       1.00000000    
   44.7000008       1.00000000    
   44.7999992       1.00000000    
   44.9000015       1.00000000    
   45.0000000       1.00000000    
   45.1000023       1.00000000    
   45.2000008       1.00000000    
   45.2999992       1.00000000    
   45.4000015       1.00000000    
   45.5000000       1.00000000    
   45.6000023       1.00000000    
   45.7000008       1.00000000    
   45.7999992       1.00000000    
   45.9000015       1.00000000    
   46.0000000       1.00000000    
   46.1000023       1.00000000    
   46.2000008       1.00000000    
   46.2999992       1.00000000    
   46.4000015       1.00000000    
   46.5000000       1.00000000    
   46.6000023       1.00000000    
   46.7000008       1.00000000    
   46.7999992       1.00000000    
   46.9000015       1.00000000    
   47.0000000       1.00000000    
   47.1000023       1.00000000    
   47.2000008       1.00000000    
   47.2999992       1.00000000    
   47.4000015       1.00000000    
   47.5000000       1.00000000    
   47.6000023       1.00000000    
   47.7000008       1.00000000    
   47.7999992       1.00000000    
   47.9000015       1.00000000    
   48.0000000       1.00000000    
   48.1000023       1.00000000    
   48.2000008       1.00000000    
   48.2999992       1.00000000    
   48.4000015       1.00000000    
   48.5000000       1.00000000    
   48.6000023       1.00000000    
   48.7000008       1.00000000    
   48.7999992       1.00000000    
   48.9000015       1.00000000    
   49.0000000       1.00000000    
   49.1000023       1.00000000    
   49.2000008       1.00000000    
   49.2999992       1.00000000    
   49.4000015       1.00000000    
   49.5000000       1.00000000    
   49.6000023       1.00000000    
   49.7000008       1.00000000    
   49.7999992       1.00000000    
   49.9000015       1.00000000    
   50.0000000       1.00000000    
   50.1000023       1.00000000    
   50.2000008       1.00000000    
   50.2999992       1.00000000    
   50.4000015       1.00000000    
   50.5000000       1.00000000    
   50.6000023       1.00000000    
   50.7000008       1.00000000    
   50.7999992       1.00000000    
   50.9000015       1.00000000    
   51.0000000       1.00000000    
   51.1000023       1.00000000    
   51.2000008       1.00000000    
   51.2999992       1.00000000    
   51.4000015       1.00000000    
   51.5000000       1.00000000    
   51.6000023       1.00000000    
   51.7000008       1.00000000    
   51.7999992       1.00000000    
   51.9000015       1.00000000    
   52.0000000       1.00000000    
   52.1000023       1.00000000    
   52.2000008       1.00000000    
   52.2999992       1.00000000    
   52.4000015       1.00000000    
   52.5000000       1.00000000    
   52.6000023       1.00000000    
   52.7000008       1.00000000    
   52.7999992       1.00000000    
   52.9000015       1.00000000    
   53.0000000       1.00000000    
   53.1000023       1.00000000    
   53.2000008       1.00000000    
   53.2999992       1.00000000    
   53.4000015       1.00000000    
   53.5000000       1.00000000    
   53.6000023       1.00000000    
   53.7000008       1.00000000    
   53.7999992       1.00000000    
   53.9000015       1.00000000    
   54.0000000       1.00000000    
   54.1000023       1.00000000    
   54.2000008       1.00000000    
   54.2999992       1.00000000    
   54.4000015       1.00000000    
   54.5000000       1.00000000    
   54.6000023       1.00000000    
   54.7000008       1.00000000    
   54.7999992       1.00000000    
   54.9000015       1.00000000    
   55.0000000       1.00000000    
   55.1000023       1.00000000    
   55.2000008       1.00000000    
   55.2999992       1.00000000    
   55.4000015       1.00000000    
   55.5000000       1.00000000    
   55.6000023       1.00000000    
   55.7000008       1.00000000    
   55.7999992       1.00000000    
   55.9000015       1.00000000    
   56.0000000       1.00000000    
   56.1000023       1.00000000    
   56.2000008       1.00000000    
   56.2999992       1.00000000    
   56.4000015       1.00000000    
   56.5000000       1.00000000    
   56.6000023       1.00000000    
   56.7000008       1.00000000    
   56.7999992       1.00000000    
   56.9000015       1.00000000    
   57.0000000       1.00000000    
   57.1000023       1.00000000    
   57.2000008       1.00000000    
   57.2999992       1.00000000    
   57.4000015       1.00000000    
   57.5000000       1.00000000    
   57.6000023       1.00000000    
   57.7000008       1.00000000    
   57.7999992       1.00000000    
   57.9000015       1.00000000    
   58.0000000       1.00000000    
   58.1000023       1.00000000    
   58.2000008       1.00000000    
   58.2999992       1.00000000    
   58.4000015       1.00000000    
   58.5000000       1.00000000    
   58.6000023       1.00000000    
   58.7000008       1.00000000    
   58.7999992       1.00000000    
   58.9000015       1.00000000    
   59.0000000       1.00000000    
   59.1000023       1.00000000    
   59.2000008       1.00000000    
   59.2999992       1.00000000    
   59.4000015       1.00000000    
   59.5000000       1.00000000    
   59.6000023       1.00000000    
   59.7000008       1.00000000    
   59.7999992       1.00000000    
   59.9000015       1.00000000    
   60.0000000       1.00000000    
   60.1000023       1.00000000    
   60.2000008       1.00000000    
   60.2999992       1.00000000    
   60.4000015       1.00000000    
   60.5000000       1.00000000    
   60.6000023       1.00000000    
   60.7000008       1.00000000    
   60.7999992       1.00000000    
   60.9000015       1.00000000    
   61.0000000       1.00000000    
   61.1000023       1.00000000    
   61.2000008       1.00000000    
   61.2999992       1.00000000    
   61.4000015       1.00000000    
   61.5000000       1.00000000    
   61.6000023       1.00000000    
   61.7000008       1.00000000    
   61.7999992       1.00000000    
   61.9000015       1.00000000    
   62.0000000       1.00000000    
   62.1000023       1.00000000    
   62.2000008       1.00000000    
   62.2999992       1.00000000    
   62.4000015       1.00000000    
   62.5000000       1.00000000    
   62.6000023       1.00000000    
   62.7000008       1.00000000    
   62.7999992       1.00000000    
   62.9000015       1.00000000    
   63.0000000       1.00000000    
   63.1000023       1.00000000    
   63.2000008       1.00000000    
   63.2999992       1.00000000    
   63.4000015       1.00000000    
   63.5000000       1.00000000    
   63.6000023       1.00000000    
   63.7000008       1.00000000    
   63.7999992       1.00000000    
   63.9000015       1.00000000    
   64.0000000       1.00000000    
   64.1000061       1.00000000    
   64.1999969       1.00000000    
   64.3000031       1.00000000    
   64.4000015       1.00000000    
   64.5000000       1.00000000    
   64.6000061       1.00000000    
   64.6999969       1.00000000    
   64.8000031       1.00000000    
   64.9000015       1.00000000    
   65.0000000       1.00000000    
   65.1000061       1.00000000    
   65.1999969       1.00000000    
   65.3000031       1.00000000    
   65.4000015       1.00000000    
   65.5000000       1.00000000    
   65.6000061       1.00000000    
   65.6999969       1.00000000    
   65.8000031       1.00000000    
   65.9000015       1.00000000    
   66.0000000       1.00000000    
   66.1000061       1.00000000    
   66.1999969       1.00000000    
   66.3000031       1.00000000    
   66.4000015       1.00000000    
   66.5000000       1.00000000    
   66.6000061       1.00000000    
   66.6999969       1.00000000    
   66.8000031       1.00000000    
   66.9000015       1.00000000    
   67.0000000       1.00000000    
   67.1000061       1.00000000    
   67.1999969       1.00000000    
   67.3000031       1.00000000    
   67.4000015       1.00000000    
   67.5000000       1.00000000    
   67.6000061       1.00000000    
   67.6999969       1.00000000    
   67.8000031       1.00000000    
   67.9000015       1.00000000    
   68.0000000       1.00000000    
   68.1000061       1.00000000    
   68.1999969       1.00000000    
   68.3000031       1.00000000    
   68.4000015       1.00000000    
   68.5000000       1.00000000    
   68.6000061       1.00000000    
   68.6999969       1.00000000    
   68.8000031       1.00000000    
   68.9000015       1.00000000    
   69.0000000       1.00000000    
   69.1000061       1.00000000    
   69.1999969       1.00000000    
   69.3000031       1.00000000    
   69.4000015       1.00000000    
   69.5000000       1.00000000    
   69.6000061       1.00000000    
   69.6999969       1.00000000    
   69.8000031       1.00000000    
   69.9000015       1.00000000    
   70.0000000       1.00000000    
   70.1000061       1.00000000    
   70.1999969       1.00000000    
   70.3000031       1.00000000    
   70.4000015       1.00000000    
   70.5000000       1.00000000    
   70.6000061       1.00000000    
   70.6999969       1.00000000    
   70.8000031       1.00000000    
   70.9000015       1.00000000    
   71.0000000       1.00000000    
   71.1000061       1.00000000    
   71.1999969       1.00000000    
   71.3000031       1.00000000    
   71.4000015       1.00000000    
   71.5000000       1.00000000    
   71.6000061       1.00000000    
   71.6999969       1.00000000    
   71.8000031       1.00000000    
   71.9000015       1.00000000    
   72.0000000       1.00000000    
   72.1000061       1.00000000    
   72.1999969       1.00000000    
   72.3000031       1.00000000    
   72.4000015       1.00000000    
   72.5000000       1.00000000    
   72.6000061       1.00000000    
   72.6999969       1.00000000    
   72.8000031       1.00000000    
   72.9000015       1.00000000    
   73.0000000       1.00000000    
   73.1000061       1.00000000    
   73.1999969       1.00000000    
   73.3000031       1.00000000    
   73.4000015       1.00000000    
   73.5000000       1.00000000    
   73.6000061       1.00000000    
   73.6999969       1.00000000    
   73.8000031       1.00000000    
   73.9000015       1.00000000    
   74.0000000       1.00000000    
   74.0999985       1.00000000    
   74.2000046       1.00000000    
   74.3000031       1.00000000    
   74.4000015       1.00000000    
   74.5000000       1.00000000    
   74.5999985       1.00000000    
   74.7000046       1.00000000    
   74.8000031       1.00000000    
   74.9000015       1.00000000    
   75.0000000       1.00000000    
   75.0999985       1.00000000    
   75.2000046       1.00000000    
   75.3000031       1.00000000    
   75.4000015       1.00000000    
   75.5000000       1.00000000    
   75.5999985       1.00000000    
   75.7000046       1.00000000    
   75.8000031       1.00000000    
   75.9000015       1.00000000    
   76.0000000       1.00000000    
   76.0999985       1.00000000    
   76.2000046       1.00000000    
   76.3000031       1.00000000    
   76.4000015       1.00000000    
   76.5000000       1.00000000    
   76.5999985       1.00000000    
   76.7000046       1.00000000    
   76.8000031       1.00000000    
   76.9000015       1.00000000    
   77.0000000       1.00000000    
   77.0999985       1.00000000    
   77.2000046       1.00000000    
   77.3000031       1.00000000    
   77.4000015       1.00000000    
   77.5000000       1.00000000    
   77.5999985       1.00000000    
   77.7000046       1.00000000    
   77.8000031       1.00000000    
   77.9000015       1.00000000    
   78.0000000       1.00000000    
   78.0999985       1.00000000    
   78.2000046       1.00000000    
   78.3000031       1.00000000    
   78.4000015       1.00000000    
   78.5000000       1.00000000    
   78.5999985       1.00000000    
   78.7000046       1.00000000    
   78.8000031       1.00000000    
   78.9000015       1.00000000    
   79.0000000       1.00000000    
   79.0999985       1.00000000    
   79.2000046       1.00000000    
   79.3000031       1.00000000    
   79.4000015       1.00000000    
   79.5000000       1.00000000    
   79.5999985       1.00000000    
   79.7000046       1.00000000    
   79.8000031       1.00000000    
   79.9000015       1.00000000    
   80.0000000       1.00000000    
   80.0999985       1.00000000    
   80.2000046       1.00000000    
   80.3000031       1.00000000    
   80.4000015       1.00000000    
   80.5000000       1.00000000    
   80.5999985       1.00000000    
   80.7000046       1.00000000    
   80.8000031       1.00000000    
   80.9000015       1.00000000    
   81.0000000       1.00000000    
   81.0999985       1.00000000    
   81.2000046       1.00000000    
   81.3000031       1.00000000    
   81.4000015       1.00000000    
   81.5000000       1.00000000    
   81.5999985       1.00000000    
   81.7000046       1.00000000    
   81.8000031       1.00000000    
   81.9000015       1.00000000    
   82.0000000       1.00000000    
   82.0999985       1.00000000    
   82.2000046       1.00000000    
   82.3000031       1.00000000    
   82.4000015       1.00000000    
   82.5000000       1.00000000    
   82.5999985       1.00000000    
   82.7000046       1.00000000    
   82.8000031       1.00000000    
   82.9000015       1.00000000    
   83.0000000       1.00000000    
   83.0999985       1.00000000    
   83.2000046       1.00000000    
   83.3000031       1.00000000    
   83.4000015       1.00000000    
   83.5000000       1.00000000    
   83.5999985       1.00000000    
   83.7000046       1.00000000    
   83.8000031       1.00000000    
   83.9000015       1.00000000    
   84.0000000       1.00000000    
   84.0999985       1.00000000    
   84.2000046       1.00000000    
   84.3000031       1.00000000    
   84.4000015       1.00000000    
   84.5000000       1.00000000    
   84.5999985       1.00000000    
   84.7000046       1.00000000    
   84.8000031       1.00000000    
   84.9000015       1.00000000    
   85.0000000       1.00000000    
   85.0999985       1.00000000    
   85.2000046       1.00000000    
   85.3000031       1.00000000    
   85.4000015       1.00000000    
   85.5000000       1.00000000    
   85.5999985       1.00000000    
   85.7000046       1.00000000    
   85.8000031       1.00000000    
   85.9000015       1.00000000    
   86.0000000       1.00000000    
   86.0999985       1.00000000    
   86.2000046       1.00000000    
   86.3000031       1.00000000    
   86.4000015       1.00000000    
   86.5000000       1.00000000    
   86.5999985       1.00000000    
   86.7000046       1.00000000    
   86.8000031       1.00000000    
   86.9000015       1.00000000    
   87.0000000       1.00000000    
   87.0999985       1.00000000    
   87.2000046       1.00000000    
   87.3000031       1.00000000    
   87.4000015       1.00000000    
   87.5000000       1.00000000    
   87.5999985       1.00000000    
   87.7000046       1.00000000    
   87.8000031       1.00000000    
   87.9000015       1.00000000    
   88.0000000       1.00000000    
   88.0999985       1.00000000    
   88.2000046       1.00000000    
   88.3000031       1.00000000    
   88.4000015       1.00000000    
   88.5000000       1.00000000    
   88.5999985       1.00000000    
   88.7000046       1.00000000    
   88.8000031       1.00000000    
   88.9000015       1.00000000    
   89.0000000       1.00000000    
   89.0999985       1.00000000    
   89.2000046       1.00000000    
   89.3000031       1.00000000    
   89.4000015       1.00000000    
   89.5000000       1.00000000    
   89.5999985       1.00000000    
   89.7000046       1.00000000    
   89.8000031       1.00000000    
   89.9000015       1.00000000    
   90.0000000       1.00000000    
   90.0999985      0.900001526    
   90.2000046      0.799995422    
   90.3000031      0.699996948    
   90.4000015      0.599998474    
   90.5000000      0.500000000    
   90.5999985      0.400001526    
   90.7000046      0.299995422    
   90.8000031      0.199996948    
   90.9000015       9.99984741E-02
   91.0000000       0.00000000    
