#      Energy    Elastic     Ionisation  ElectronicExc  Dissociation  VibrationalExc  RotationalExc  Attachment  factor_gl
1      3.86382   0           0           0              0.0275987     26.3166         1.14321e-05
1.5    4.03859   0           0           0              0.0457944     20.2674         3.15823e-06
2      4.20507   0           0           0              0.238073      17.0965         2.74952e-05
3      5.01018   0           0           0              1.0894        13.087          5.295e-05
4      5.54707   0           0           0              2.0015        10.5826         0.000157983
5      6.40433   0           0           0              1.55492       8.99809         0.00345504
7      7.81684   0           0           0              1.47321       7.14566         0.00033977
10     9.01655   0.00590862  0.332852    0              0.777277      5.57043         0.000453624
15     8.99951   0.341382    0.299495    0              0.387919      4.10538         0
20     7.16561   0.846943    0.31464     0              0.214688      3.2588          0
30     6.31402   1.50072     0.340861    0.172429       0.132983      2.37029         0
40     5.70622   1.92464     0.351455    0.278038       0.0957605     1.96353         0
50     4.68093   2.18179     0.34472     1.04881        0.0538396     1.65125         0
70     4.30679   2.43868     0.324229    1.17903        0.0424857     1.34835         0
100    4.05562   2.76433     0.298154    1.14669        0.0322559     1.12907         0
150    3.85437   3.10362     0.266093    1.03986        0             0.907539        0
200    3.76765   3.20339     0.244376    1.03927        0             0.792547        0
300    3.66722   3.0668      0.218386    1.28381        0             0.661303        0
400    3.63638   3.05149     0.202171    1.3406         0             0.603108        0
500    3.58951   3.10057     0.191064    1.31186        0             0.567831        0
700    3.4677    3.06752     0.171621    1.2369         0             0.491872        0
1000   2.99555   2.69451     0.138143    1.04232        0             0.412231        0
2000   1.75002   1.62492     0.073009    0.58409        0             0.224002        0
3000   1.24332   1.16565     0.0494221   0.425889       0             0.140014        0
5000   0.798081  0.754784    0.0302256   0.262296       0             0.0896091       0
10000  0.431244  0.410538    0.0155545   0.136764       0             0.0476048       0
