181 26 KTC
	1	1.5	2	3	4		5	7	10	15		20	30	40	        50	        70	        100	150	200	        300	        400	        500	        700	        1000	2000	3000	        5000	10000
0	5.58	5.58	5.58	5.58	8.7958342	13.865	13.865	37.54	40.733		42.591	47.2	52.963157	59.43		49.8450766	55.44	64.96	72.8074153	83.7285276	90.7292406	96.8898681	104.7306667	111.72	123.2	128.8131194	134.4	140
1	5.58	5.58	5.58	5.58	8.7958342	13.865	13.865	37.54	40.617		42.382	47.088	52.645633	58.859214	48.1649055	53.48	61.88	68.326959	77.2878717	82.328385	86.5288128	91.2892977	94.08	94.92	91.8493547	84	66.36
2	5.58	5.58	5.58	5.58	8.7945654	13.861	13.861	37.357	40.336		42.197	46.757	51.9955934	57.821112	45.0845918	49.28	56	60.7661889	66.6467879	69.4470731	71.4072727	71.9673298	70	59.92	50.6851622	38.08	22.456
3	5.58	5.58	5.58	5.58	8.7640573	13.765	13.765	36.901	39.508		41.902	46.22	51.0377948	56.357778	41.7242496	45.08	50.68	54.0455045	57.4058467	57.9659037	57.6858752	55.4456471	50.68	37.24	28.8429376	17.724	10.164
4	5.58	5.58	5.58	5.58	8.7331232	13.668	13.668	36.45	38.377		41.36	45.486	49.7945862	54.511296	38.9239643	41.44	45.36	47.6048485	48.444934	47.6048485	46.2047059	42.2843066	36.4	24.36	15.51358	10.388	4.844
5	5.5781	5.5781	5.5781	5.5781	8.7073265	13.592	13.592	35.969	37.353		40.437	44.567	48.2898806	52.32375	36.1236791	37.8	40.32	41.444221	40.884164	38.9239643	36.6837362	32.2032799	26.628	14	10.221041	6.72	2.2736
6	5.5704	5.5704	5.5704	5.5704	8.6647476	13.478	13.478	35.448	36.135		39.164	43.472	46.5459322	49.837224	33.3233939	34.44	35.84	36.1236791	34.1634795	31.6432228	29.1229661	24.7825241	20.132	9.996	7.5887729	3.472	1.9012
7	5.5612	5.5612	5.5612	5.5612	8.5957026	13.286	13.286	34.699	34.576		37.885	42.213	44.5866646	47.093802	30.5231087	31.08	31.92	31.0831658	28.5629091	25.8746353	23.3543786	19.489985	12.936	7.812	4.8444934	2.0916	1.1116
8	5.5519	5.5519	5.5519	5.5519	8.52688		13.096	13.096	33.751	32.971		36.853	40.8	42.435023	44.135568	28.002852	28.28	28	26.9947494	24.0264471	21.3101704	18.9859337	13.6653918	9.716	5.684	2.8002852	2.016	0.6048
9	5.5409	5.5409	5.5409	5.5409	8.4570643	12.908	12.908	32.714	31.332		35.856	39.244	40.1146452	41.004606	25.734621	25.452	24.724	23.3263758	20.246062	17.6697996	14.7855059	10.0530239	8.008	3.724	1.9265962	1.4028	0.3724
10	5.5323	5.5323	5.5323	5.5323	8.3834563	12.704	12.704	31.544	29.903		34.591	37.556	37.6493839	37.743	23.5503986	22.932	21.756	20.2180592	17.1377455	14.2254488	10.6690866	8.2328385	6.608	2.3688	1.8705905	0.966	0.2912
11	5.53	5.53	5.53	5.53	8.3024966	12.465	12.465	30.387	28.544		33.001	35.746	35.0628898	34.392834	21.1649362	20.636	19.18	17.5297854	14.5894859	10.4450638	8.512867	7.000713	5.236	1.7696	1.5093537	0.6356	0.21728
12	5.53	5.53	5.53	5.53	8.2114122	12.193	12.193	29.266	27.246		31.258	33.824	32.3792402	30.996192	19.0616123	18.564	16.912	15.2335515	11.2851494	8.3448499	7.2247358	5.8805989	3.948	1.6884	1.1313152	0.4004	0.16268
13	5.53	5.53	5.53	5.53	8.1172625	11.915	11.915	28.18	26.001		29.52	31.802	29.6239973	27.595158	17.0427531	16.716	14.924	13.2733519	8.8208984	7.0847216	6.244636	4.8164906	2.828	1.526	0.8428858	0.3164	0.126
14	5.5283	5.5283	5.5283	5.5283	8.0235312	11.645	11.645	27.092	24.801		27.84	29.429	26.7042714	24.231816	15.1030062	15.036	13.188	11.4251636	7.3087444	6.1326246	5.3485447	3.8083879	2.0356	1.2012	0.6244636	0.26628	0.08176
15	5.5211	5.5211	5.5211	5.5211	7.9223648	11.368	11.368	25.719	23.639		26.16	27.5	24.0016015	20.94825	13.2585577	13.524	11.648	8.9609127	6.3006417	5.3485447	4.5084592	2.9122966	1.5652	0.9436	0.4144422	0.22288	0.07168
16	5.5098	5.5098	5.5098	5.5098	7.8119488	11.076	11.076	24.396	22.505		24.457	25.103	21.1304428	17.786544	11.5255938	12.18	10.332	7.3367472	5.5165619	4.6204706	3.7243793	2.1758216	1.3692	0.7336	0.3192325	0.18144	0.05936
17	5.4962	5.4962	5.4962	5.4962	7.6973395	10.78	10.78	23.238	21.392		22.79	22.047	18.0568069	14.788782	9.9095315	10.976	8.344	6.244636	4.8724963	3.9203993	2.9963052	1.6521683	1.3356	0.5768	0.2730278	0.15036	0.04816
18	5.4818	5.4818	5.4818	5.4818	7.5806141	10.483	10.483	22.199	20.293		21.21	18.729	14.9897536	11.997048	8.4157877	9.884	6.916	5.4325533	4.2564335	3.2763337	2.3578401	1.3273352	1.2768	0.4088	0.2427847	0.12404	0.03948
19	5.4659	5.4659	5.4659	5.4659	7.4692999	10.207	10.207	20.981	19.198		19.684	15.547	12.123218	9.453426	7.0713177	8.932	5.908	4.8164906	3.7243793	2.6798729	1.8341868	1.1733195	1.0668	0.3164	0.215622	0.09828	0.03164
20	5.4458	5.4458	5.4458	5.4458	7.3795664	10	10	19.13	18.1		18.159	12.9	9.32	6.73	5.6146154	7.868	5.152	4.2844364	3.1923251	2.1562196	1.4393466	1.1257147	0.8904	0.26964	0.1850989	0.07028	0.02352
21	5.423	5.423	5.423	5.423	7.2789596	9.7701	9.7701	17.905	16.987		16.57	10.9370053	8.1630006	5.7389823	4.7488393	6.608	4.564	3.8363907	2.7050755	1.7165748	1.1705192	1.1201141	0.742	0.24276	0.1590562	0.063	0.021532
22	5.399	5.399	5.399	5.399	7.1683319	9.5175	9.5175	16.775	15.861		14.868	9.2399666	7.0868798	4.8592672	4.0443336	5.656	4.06	3.416348	2.2626304	1.3693395	1.0137032	0.9885007	0.6188	0.22372	0.1366539	0.05992	0.018032
23	5.3714	5.3714	5.3714	5.3714	7.0484478	9.2491	9.2491	15.764	14.734		13.314	7.7861499	6.095808	4.0874511	3.4674812	4.928	3.668	3.024308	1.8621897	1.1117132	0.9380955	0.8428858	0.5208	0.20636	0.1167719	0.0518	0.014644
24	5.3406	5.3406	5.3406	5.3406	6.9220899	8.9719	8.9719	14.829	13.621		12.288	6.5528213	5.1939559	3.4201303	2.9954347	4.368	3.276	2.6518701	1.5177546	0.9436961	0.912893	0.7224736	0.4424	0.182	0.0991301	0.0448	0.012684
25	5.3122	5.3122	5.3122	5.3122	6.7954317	8.6928	8.6928	13.678	12.534		11.265	5.5172469	4.3854938	2.8539011	2.5945773	3.892	2.94	2.3186361	1.2349258	0.8456861	0.9016918	0.6216633	0.3528	0.15988	0.0775679	0.03836	0.01022
26	5.2912	5.2912	5.2912	5.2912	6.6741663	8.4186	8.4186	12.506	11.486		9.5423	4.6566927	3.6745922	2.3853597	2.2635999	3.5	2.6488	2.0022039	1.0137032	0.7980813	0.7980813	0.5348545	0.2856	0.14	0.0613262	0.03276	0.008792
27	5.2762	5.2762	5.2762	5.2762	6.5600511	8.1563	8.1563	11.365	10.491		8.2209	3.9484248	3.0654215	2.0111027	1.9904241	3.164	2.3632	1.7137745	0.8512867	0.7812796	0.697271	0.4648473	0.24724	0.12264	0.0565658	0.026824	0.007504
28	5.2613	5.2613	5.2613	5.2613	6.4522566	7.9128	7.9128	10.27	9.5607		7.5519	3.3697094	2.5621523	1.7277261	1.7737408	2.884	2.1	1.453348	0.7420756	0.7700784	0.6104622	0.4060414	0.22372	0.10724	0.0574058	0.020804	0.006468
29	5.2409	5.2409	5.2409	5.2409	6.3505314	7.6951	7.6951	9.3039	8.7095		6.8391	2.8978124	2.168955	1.5318265	1.5917794	2.6068	1.8536	1.2237246	0.6748687	0.6888702	0.540455	0.3584365	0.20832	0.09408	0.0518053	0.018984	0.00546
30	5.213	5.213	5.213	5.213	6.2569665	7.51	7.51	8.55	7.95		5.94	2.51	1.89	1.42	1.48	2.366	1.6268	1.0221041	0.6412653	0.6104622	0.4788488	0.2940299	0.19656	0.08204	0.0459247	0.017948	0.004648
31	5.1801	5.1801	5.1801	5.1801	6.1718188	7.3534	7.3534	7.9543	7.2428		5.1091	2.1863431	1.6897794	1.3548071	1.3991933	2.1476	1.414	0.8568873	0.6244636	0.5432553	0.4256434	0.2506255	0.18592	0.06636	0.0403241	0.016016	0.0042
32	5.1451	5.1451	5.1451	5.1451	6.0922674	7.2138	7.2138	7.4054	6.5459		4.3918	1.9181326	1.5270811	1.2999931	1.3477798	1.946	1.2236	0.7252739	0.6160627	0.4844493	0.3836391	0.2217826	0.17612	0.05628	0.0352836	0.013972	0.0035
33	5.1095	5.1095	5.1095	5.1095	6.0178146	7.0876	7.0876	6.901	5.869		3.778	1.6994641	1.3975193	1.253932	1.2957697	1.7612	1.05	0.6244636	0.579659	0.4368445	0.3472354	0.2027406	0.16268	0.05264	0.0308031	0.011788	0.00308
34	5.071	5.071	5.071	5.071	5.9455816	6.971	6.971	6.4384	5.2218		3.2574	1.5244333	1.2967082	1.2149978	1.2431731	1.5932	0.8988	0.5516562	0.5236533	0.3948402	0.3136319	0.1895793	0.14756	0.05292	0.0267707	0.010192	0.0027412
35	5.0307	5.0307	5.0307	5.0307	5.8746153	6.8601	6.8601	6.0151	4.6138		2.8197	1.387136	1.2202619	1.1815645	1.19	1.4336	0.7672	0.5040513	0.4760485	0.3584365	0.2733078	0.1792183	0.13412	0.0504	0.0229903	0.00868	0.0023716
36	4.9902	4.9902	4.9902	4.9902	5.8042948	6.7512	6.7512	5.6286	4.0547		2.4549	1.2816677	1.1637946	1.152006	1.1362357	1.288	0.658	0.4760485	0.4340442	0.3304337	0.235784	0.1705374	0.12236	0.04536	0.0189859	0.007364	0.002086
37	4.9512	4.9512	4.9512	4.9512	5.7339728	6.6405	6.6405	5.2763	3.5541		2.1528	1.2021243	1.1229206	1.1246964	1.0818566	1.1508	0.5684	0.4592468	0.3976405	0.3024308	0.2086212	0.1629766	0.112	0.0406	0.0168297	0.006748	0.001876
38	4.914	4.914	4.914	4.914	5.6621913	6.5243	6.5243	4.9558	3.1218		1.903	1.1426014	1.0932541	1.0980095	1.0268596	1.0276	0.5012	0.4536462	0.3668374	0.2794685	0.1892993	0.1554158	0.10332	0.03584	0.0165777	0.006328	0.0016352
39	4.876	4.876	4.876	4.876	5.5857015	6.3987	6.3987	4.6646	2.7672		1.6955	1.0971948	1.0704091	1.0703194	0.9712418	0.91	0.4508	0.4508459	0.3388345	0.2483853	0.1752979	0.1481351	0.09576	0.03192	0.0156536	0.00574	0.0014616
40	4.8341	4.8341	4.8341	4.8341	5.5010423	6.26	6.26	4.4	2.5		1.52	1.06	1.05	1.04	0.915	0.8064	0.4144	0.4396448	0.3136319	0.2178622	0.1649368	0.1369339	0.08876	0.02856	0.0140854	0.005096	0.0013748
41	4.7854	4.7854	4.7854	4.7854	5.4050336	6.1049	6.1049	4.1556	2.2852		1.3678	1.0260961	1.0286756	1.0090148	0.8565174	0.7112	0.392	0.4088416	0.2940299	0.1946198	0.157096	0.127413	0.0826	0.025984	0.0124333	0.004396	0.0011872
42	4.7307	4.7307	4.7307	4.7307	5.2987456	5.935	5.935	3.9264	2.0826		1.2358	0.994495	1.0060695	0.980072	0.795778	0.6272	0.378	0.3808388	0.2730278	0.1772581	0.1503753	0.1187321	0.07644	0.023744	0.0108371	0.003668	0.0010948
43	4.6729	4.6729	4.6729	4.6729	5.1854413	5.7542	5.7542	3.712	1.8939		1.1225	0.9651917	0.9822727	0.9526628	0.7351799	0.5544	0.3724	0.3556362	0.255106	0.1646568	0.1450548	0.1111713	0.06916	0.02156	0.0092969	0.003248	0.0009604
44	4.6145	4.6145	4.6145	4.6145	5.0679687	5.566	5.566	3.5118	1.721		1.0262	0.9381814	0.9573761	0.9262785	0.6771212	0.4928	0.3724	0.3332339	0.2391444	0.1551358	0.1402943	0.1044506	0.05964	0.01862	0.0083168	0.003052	0.0008708
45	4.5579	4.5579	4.5579	4.5579	4.949203	5.3741	5.3741	3.3257	1.5659		0.94556	0.9134593	0.9314709	0.9004101	0.624	0.4424	0.3724	0.3136319	0.215622	0.1478551	0.1360939	0.09829	0.05208	0.01624	0.0075888	0.002856	0.0008036
46	4.5014	4.5014	4.5014	4.5014	4.8299126	5.1824	5.1824	3.153	1.4302		0.87883	0.8910204	0.904648	0.8745489	0.5743487	0.4004	0.364	0.2968302	0.1929397	0.1419745	0.1318934	0.0926894	0.04648	0.014896	0.0068607	0.0026656	0.0007588
47	4.4443	4.4443	4.4443	4.4443	4.711328	4.9944	4.9944	2.9936	1.316		0.82449	0.8708599	0.8769984	0.8481861	0.5261498	0.3668	0.3444	0.2791884	0.1747378	0.137214	0.1257328	0.0873689	0.0434	0.014364	0.0062446	0.00245	0.0006944
48	4.386	4.386	4.386	4.386	4.5949718	4.8139	4.8139	2.8468	1.2249		0.78095	0.8529729	0.8486132	0.8208129	0.4809766	0.3416	0.3248	0.264627	0.1607364	0.1332936	0.1192921	0.0820484	0.04228	0.013524	0.0058246	0.0022008	0.0006188
49	4.326	4.326	4.326	4.326	4.482422	4.6445	4.6445	2.7124	1.159		0.74665	0.8373546	0.8195834	0.7919205	0.4404022	0.3248	0.308	0.2509056	0.1498153	0.1299332	0.1131315	0.0770078	0.042	0.012208	0.0055166	0.0019488	0.0005628
50	4.2636	4.2636	4.2636	4.2636	4.3753359	4.49	4.49	2.59	1.12		0.72	0.824	0.79	0.761	0.406	0.3136	0.294	0.2385843	0.1419745	0.1268529	0.107531	0.0722474	0.04116	0.011116	0.0049845	0.0016828	0.000518
51	4.1994	4.1994	4.1994	4.1994	4.2729558	4.3478	4.3478	2.4754	1.096		0.69962	0.8128334	0.7602662	0.7261328	0.3754913	0.3052	0.27972	0.2268231	0.1360939	0.1240526	0.1022104	0.0674869	0.03836	0.010136	0.0044525	0.0014896	0.0004984
52	4.1347	4.1347	4.1347	4.1347	4.1732701	4.2122	4.2122	2.3652	1.0738		0.6848	0.8034956	0.730852	0.6867145	0.3466639	0.3052	0.2674	0.216462	0.1313334	0.1209723	0.0971699	0.0607662	0.03612	0.009352	0.0040044	0.0014504	0.000462
53	4.0705	4.0705	4.0705	4.0705	4.0763957	4.0823	4.0823	2.2602	1.0538		0.67502	0.7955561	0.7019487	0.6442071	0.3211909	0.3052	0.25564	0.2069411	0.127693	0.1156518	0.0924094	0.0540455	0.03388	0.008512	0.0036124	0.0014308	0.0004312
54	4.0085	4.0085	4.0085	4.0085	3.9826668	3.957	3.957	2.161	1.0359		0.66977	0.788585	0.6737476	0.6000732	0.3007452	0.3052	0.24528	0.1982602	0.1248927	0.1106113	0.087929	0.0481649	0.03164	0.007896	0.0032763	0.0013552	0.0003864
55	3.9452	3.9452	3.9452	3.9452	3.8899633	3.8355	3.8355	2.0685	1.0203		0.66851	0.7821519	0.64644	0.555775	0.287	0.308	0.23576	0.1836987	0.1223725	0.1058508	0.0834485	0.0436844	0.02968	0.007392	0.0029963	0.0012432	0.0003528
56	3.8748	3.8748	3.8748	3.8748	3.7949778	3.7168	3.7168	1.9832	1.0073		0.67074	0.7758267	0.6202173	0.5127748	0.2778018	0.2996	0.22708	0.1696973	0.1201322	0.1013703	0.0792481	0.0406041	0.027776	0.006832	0.0028283	0.0011172	0.0003472
57	3.7932	3.7932	3.7932	3.7932	3.695235	3.5998	3.5998	1.9061	0.99689		0.67592	0.7691791	0.5952706	0.4725349	0.2699703	0.2884	0.21896	0.1579361	0.1184521	0.0971699	0.0753277	0.038924	0.025956	0.006216	0.0027191	0.0010108	0.0003304
58	3.7081	3.7081	3.7081	3.7081	3.5940975	3.4836	3.4836	1.8376	0.98927		0.68354	0.7617789	0.5717913	0.4365175	0.2636379	0.27776	0.2114	0.1481351	0.1167719	0.0929695	0.0716873	0.0383639	0.024248	0.005572	0.0025875	0.0009324	0.000308
59	3.6288	3.6288	3.6288	3.6288	3.4956575	3.3674	3.3674	1.7787	0.98459		0.69307	0.753196	0.5499707	0.4061852	0.2589369	0.26824	0.20468	0.1402943	0.1148117	0.0890491	0.0680469	0.0386439	0.02268	0.005096	0.0023998	0.0008596	0.0002786
60	3.5568	3.5568	3.5568	3.5568	3.3999412	3.25	3.25	1.73	0.983		0.704	0.743	0.53	0.383	0.256	0.25984	0.19824	0.1341337	0.1131315	0.0854087	0.0646866	0.038924	0.02114	0.00476	0.0021786	0.000826	0.0002584
61	3.4868	3.4868	3.4868	3.4868	3.3035865	3.13	3.13	1.6867	0.98441		0.71584	0.7308852	0.5112548	0.3639255	0.2543451	0.25228	0.19236	0.1293732	0.1100512	0.0820484	0.0616063	0.0378039	0.01974	0.004564	0.001991	0.0008288	0.0002433
62	3.4135	3.4135	3.4135	3.4135	3.2040757	3.0075	3.0075	1.6443	0.98835		0.72827	0.7170428	0.4930994	0.3452091	0.2532082	0.24528	0.18704	0.1254528	0.1061308	0.078688	0.0574058	0.0358437	0.018452	0.004312	0.0018454	0.0007924	0.0002414
63	3.3303	3.3303	3.3303	3.3303	3.0991803	2.8841	2.8841	1.6036	0.9944		0.741	0.7017887	0.4757079	0.3272396	0.2522988	0.23912	0.18004	0.1226525	0.1027705	0.0756077	0.0523653	0.0341635	0.016884	0.004116	0.0017502	0.0007308	0.0002341
64	3.2401	3.2401	3.2401	3.2401	2.9910808	2.7612	2.7612	1.5655	1.0021		0.75376	0.6854386	0.4592546	0.3104053	0.2513263	0.23324	0.1694	0.1201322	0.0991301	0.0725274	0.0481649	0.0324833	0.01526	0.00392	0.0016886	0.0006608	0.0002097
65	3.1597	3.1597	3.1597	3.1597	2.888403	2.6404	2.6404	1.5308	1.0111		0.76626	0.668308	0.443914	0.2950949	0.25	0.22792	0.16016	0.118172	0.0960498	0.0697271	0.0445245	0.0308031	0.013944	0.003724	0.0016326	0.000602	0.0001938
66	3.0891	3.0891	3.0891	3.0891	2.791793	2.5231	2.5231	1.5004	1.0209		0.77822	0.6507129	0.4298602	0.2816969	0.2482249	0.22316	0.15204	0.1164919	0.0929695	0.0669268	0.0414442	0.029123	0.013048	0.0035	0.0015318	0.000574	0.0001798
67	3.0206	3.0206	3.0206	3.0206	2.6985857	2.4109	2.4109	1.4753	1.0312		0.78936	0.6329688	0.4172677	0.2705998	0.2461148	0.2184	0.14532	0.1153718	0.0901692	0.0644066	0.039204	0.0275268	0.012488	0.003248	0.0014029	0.0005656	0.0001798
68	2.9499	2.9499	2.9499	2.9499	2.6077585	2.3053	2.3053	1.4563	1.0414		0.79939	0.6153914	0.4063106	0.2621923	0.2436922	0.2142	0.13972	0.1139716	0.0873689	0.0618863	0.0378039	0.0260987	0.012292	0.00294	0.0013049	0.0005544	0.0001761
69	2.8791	2.8791	2.8791	2.8791	2.5212055	2.2078	2.2078	1.4442	1.0511		0.80803	0.5982966	0.3971632	0.2568628	0.2409798	0.21	0.13496	0.1134116	0.0848486	0.0596461	0.0369638	0.0247265	0.012236	0.0026908	0.0012405	0.0005348	0.0001702
70	2.8071	2.8071	2.8071	2.8071	2.4394778	2.12	2.12	1.44	1.06		0.815	0.582	0.39	0.255	0.238	0.20636	0.13132	0.1125715	0.0823284	0.0565658	0.0366837	0.0235224	0.011956	0.002506	0.0011845	0.0005096	0.0001523
71	2.7317	2.7317	2.7317	2.7317	2.3592609	2.0376	2.0376	1.44	1.0692		0.82007	0.5685533	0.3844107	0.255364	0.234295	0.203	0.12824	0.1122914	0.0800882	0.0526454	0.0366837	0.0225423	0.011368	0.0023828	0.0011201	0.0004704	0.0001389
72	2.6555	2.6555	2.6555	2.6555	2.2791861	1.9562	1.9562	1.44	1.08		0.82324	0.5547208	0.3797746	0.256352	0.2297322	0.19964	0.126	0.1120114	0.0778479	0.049005	0.0369638	0.0215902	0.010752	0.0023212	0.0010781	0.000434	0.0001361
73	2.5842	2.5842	2.5842	2.5842	2.2022776	1.8768	1.8768	1.44	1.0916		0.82455	0.5408428	0.37595	0.257808	0.2248218	0.19656	0.12432	0.1117314	0.0758877	0.0459247	0.0372438	0.0207221	0.010192	0.002296	0.0010585	0.0004116	0.0001355
74	2.5181	2.5181	2.5181	2.5181	2.1293405	1.8006	1.8006	1.44	1.1036		0.82406	0.5272595	0.3727953	0.259576	0.2200743	0.19376	0.1232	0.1114514	0.0739275	0.0431244	0.0361237	0.019854	0.009632	0.0022428	0.0010361	0.000406	0.0001355
75	2.4551	2.4551	2.4551	2.4551	2.0600694	1.7286	1.7286	1.44	1.1154		0.82182	0.5143111	0.3701687	0.2615	0.216	0.19152	0.12236	0.1111713	0.0719673	0.0411642	0.0347235	0.0190699	0.009156	0.002184	0.0010137	0.0004004	0.0001243
76	2.394	2.394	2.394	2.394	1.99464		1.6619	1.6619	1.44	1.1263		0.81787	0.5023378	0.3679286	0.263424	0.2125629	0.18928	0.1218	0.1103312	0.0700071	0.039484	0.0336034	0.0182579	0.008708	0.0020972	0.0009745	0.0003892	0.0001137
77	2.3355	2.3355	2.3355	2.3355	1.9340467	1.6016	1.6016	1.44	1.1358		0.81226	0.4916798	0.3659334	0.265192	0.2093698	0.18732	0.12152	0.1086511	0.068327	0.0383639	0.0324833	0.0173618	0.008344	0.0020048	0.0009185	0.0003696	0.000105
78	2.2776	2.2776	2.2776	2.2776	1.8781765	1.5488	1.5488	1.44	1.1433		0.80505	0.4826774	0.3640413	0.266648	0.2063953	0.18452	0.12152	0.1069709	0.0663668	0.0375238	0.0313632	0.0161576	0.007896	0.00189	0.0008485	0.0003472	0.0001064
79	2.2189	2.2189	2.2189	2.2189	1.8271718	1.5046	1.5046	1.44	1.1482		0.79628	0.4756707	0.3621107	0.267636	0.2036138	0.17948	0.12152	0.1052907	0.0649666	0.0372438	0.0302431	0.0150935	0.007532	0.0017836	0.0007757	0.0003248	0.0001072
80	2.16	2.16	2.16	2.16	1.7819091	1.47	1.47	1.44	1.15		0.786	0.471	0.36	0.268	0.201	0.17472	0.1218	0.1036106	0.0632864	0.0372438	0.029403	0.0141694	0.007252	0.0016884	0.0007309	0.000308	0.0001039
81	2.1008	2.1008	2.1008	2.1008	1.7398399	1.4409	1.4409	1.441	1.1496		0.77432	0.4676947	0.357589	0.267552	0.1986127	0.1708	0.12236	0.1022104	0.0618863	0.0375238	0.0282829	0.0134414	0.007	0.00161	0.0007197	0.0003024	0.0000958
82	2.0393	2.0393	2.0393	2.0393	1.697267	1.4126	1.4126	1.444	1.1484		0.76156	0.4645817	0.3549354	0.266336	0.1964443	0.16744	0.12264	0.1008103	0.0607662	0.0378039	0.0274428	0.0129653	0.006776	0.0015624	0.0007365	0.0003052	0.0000865
83	1.9818	1.9818	1.9818	1.9818	1.6571603	1.3857	1.3857	1.4487	1.1464		0.7481	0.4616977	0.3521645	0.264544	0.1943695	0.16436	0.12348	0.0991301	0.058526	0.0383639	0.0265467	0.0126853	0.006524	0.001512	0.0007393	0.0003052	0.0000834
84	1.9342	1.9342	1.9342	1.9342	1.6223623	1.3608	1.3608	1.4548	1.1439		0.73432	0.4590794	0.3494015	0.262368	0.1922632	0.16212	0.12404	0.09801	0.0557257	0.0380839	0.0257066	0.0125733	0.006272	0.0014616	0.0007337	0.000294	0.0000843
85	1.8925	1.8925	1.8925	1.8925	1.5913967	1.3382	1.3382	1.4622	1.1408		0.72059	0.4567634	0.3500357	0.26	0.19	0.16016	0.1246	0.0966098	0.0534854	0.0372438	0.0248945	0.0125453	0.005992	0.0014084	0.0007057	0.000273	0.0000868
86	1.8526	1.8526	1.8526	1.8526	1.5630175	1.3187	1.3187	1.4706	1.1372		0.7073	0.4547863	0.3500357	0.257632	0.1871227	0.15876	0.12544	0.0954897	0.0512452	0.0364037	0.0243625	0.0125733	0.00574	0.001372	0.0006693	0.0002484	0.0000809
87	1.8109	1.8109	1.8109	1.8109	1.5358051	1.3025	1.3025	1.4798	1.1333		0.69481	0.4531847	0.3472354	0.255456	0.183708	0.15764	0.126	0.0946496	0.049285	0.0355636	0.0238304	0.0122652	0.005516	0.001344	0.0006273	0.0002332	0.0000742
88	1.7677	1.7677	1.7677	1.7677	1.5103113	1.2904	1.2904	1.4896	1.129		0.68352	0.4519954	0.3444351	0.253664	0.180432	0.15708	0.12684	0.0938096	0.0476048	0.0347235	0.0232704	0.0119292	0.00532	0.0013216	0.0005881	0.0002316	0.0000694
89	1.725	1.725	1.725	1.725	1.4875004	1.2827	1.2827	1.4998	1.1246		0.67379	0.451255	0.3416348	0.252448	0.1779707	0.1568	0.1274	0.0932495	0.0462047	0.0338835	0.0227383	0.0115932	0.005152	0.0012852	0.0005629	0.000236	0.0000692
90	1.6844	1.6844	1.6844	1.6844	1.4683433	1.28	1.28	1.51	1.12		0.666	0.451	0.3388345	0.252	0.177	0.15652	0.12796	0.0926894	0.0448046	0.0330434	0.0222343	0.0112851	0.00504	0.0012292	0.0005545	0.0002386	0.0000708
91	1.6475	1.6475	1.6475	1.6475	1.4526245	1.2808	1.2808	1.5224	1.1144		0.66043	0.4519259	0.3360342	0.2521951	0.177	0.1568	0.12768	0.0921294	0.0439645	0.0324833	0.0217582	0.0109771	0.004984	0.0011872	0.0005545	0.0002358	0.0000683
92	1.6132	1.6132	1.6132	1.6132	1.4388258	1.2833	1.2833	1.5384	1.1069		0.65692	0.4545633	0.3360342	0.252756	0.177	0.15736	0.1274	0.0918494	0.0434044	0.0316432	0.0212262	0.0106691	0.004928	0.0011536	0.0005545	0.0002234	0.0000647
93	1.5806	1.5806	1.5806	1.5806	1.4263205	1.2871	1.2871	1.5573	1.0979		0.65522	0.4587015	0.3360342	0.2536459	0.177	0.15792	0.12712	0.0915693	0.0428444	0.0310832	0.0207501	0.0104171	0.004844	0.0011424	0.0005489	0.0002078	0.0000585
94	1.5487	1.5487	1.5487	1.5487	1.4147032	1.2923	1.2923	1.5782	1.0878		0.65506	0.46413	0.3360342	0.254828	0.177	0.15904	0.12712	0.0912893	0.0425643	0.0305231	0.0202461	0.010137	0.004732	0.0011284	0.0005349	0.0001935	0.0000574
95	1.5174	1.5174	1.5174	1.5174	1.4036894	1.2985	1.2985	1.6004	1.0767		0.65619	0.470638	0.3388345	0.2562656	0.177	0.16044	0.1274	0.0910093	0.0428444	0.0299631	0.019574	0.009885	0.00462	0.0011256	0.0005153	0.0001873	0.0000582
96	1.4874	1.4874	1.4874	1.4874	1.3935385	1.3056	1.3056	1.6229	1.0652		0.65834	0.4780149	0.3416348	0.257922	0.1770997	0.16184	0.12768	0.0907292	0.0431244	0.029403	0.0187339	0.009633	0.004508	0.0011088	0.00049	0.0001859	0.0000596
97	1.46	1.46	1.46	1.46	1.3848141	1.3135	1.3135	1.6449	1.0534		0.66125	0.4860503	0.3444351	0.2597604	0.1773791	0.16352	0.12796	0.0904492	0.0434044	0.029123	0.0179218	0.009381	0.004396	0.0010864	0.0004648	0.0001873	0.0000568
98	1.4345	1.4345	1.4345	1.4345	1.3770496	1.3219	1.3219	1.6657	1.0417		0.66468	0.4945333	0.3472354	0.261744	0.1778086	0.16548	0.12852	0.0898892	0.0442445	0.0285629	0.0172218	0.0091009	0.004284	0.0010528	0.0004508	0.0001879	0.000051
99	1.4087	1.4087	1.4087	1.4087	1.3691961	1.3308	1.3308	1.6843	1.0305		0.66834	0.5032534	0.3528359	0.2638361	0.1783588	0.16772	0.1288	0.0896091	0.0450846	0.0282829	0.0166057	0.0088489	0.004144	0.001008	0.0004424	0.0001834	0.0000479
100	1.38	1.38	1.38	1.38	1.3598529	1.34	1.34	1.7	1.02		0.672	0.512	0.3584365	0.266	0.179	0.17024	0.12936	0.0890491	0.0459247	0.0280029	0.0161576	0.0086529	0.00406	0.0009716	0.000448	0.0001736	0.0000482
101	1.3485	1.3485	1.3485	1.3485	1.3497494	1.351	1.351	1.7144	1.0091		0.67544	0.520838	0.3640371	0.2685956	0.1800825	0.17304	0.12992	0.088489	0.0459247	0.0276388	0.0158216	0.0084849	0.003976	0.0009268	0.0004508	0.000161	0.000051
102	1.3196	1.3196	1.3196	1.3196	1.3421572	1.3651	1.3651	1.7293	0.9968		0.67865	0.5301918	0.3724379	0.2719511	0.1818753	0.17584	0.13048	0.087929	0.0459247	0.0272468	0.0156256	0.0083448	0.003892	0.000896	0.0004508	0.0001543	0.0000498
103	1.2976	1.2976	1.2976	1.2976	1.3391837	1.3821	1.3821	1.7442	0.9837		0.68171	0.5403898	0.3780385	0.2759818	0.1842268	0.17892	0.13076	0.0876489	0.0456446	0.0268267	0.0155416	0.0081768	0.00378	0.0008708	0.0004368	0.0001529	0.0000468
104	1.2799	1.2799	1.2799	1.2799	1.3392251	1.4013	1.4013	1.7588	0.9704		0.68465	0.5517604	0.3892396	0.2806032	0.1869855	0.18256	0.13132	0.0870889	0.0453646	0.0264347	0.0155416	0.0080368	0.003696	0.000868	0.0004144	0.0001568	0.0000423
105	1.2634	1.2634	1.2634	1.2634	1.3405447	1.4224	1.4224	1.7724	0.9575		0.68754	0.564632	0.3976405	0.2857308	0.19	0.18592	0.1316	0.0865288	0.0450846	0.0260146	0.0156256	0.0078968	0.003612	0.0008736	0.0003892	0.0001593	0.0000412
106	1.2462	1.2462	1.2462	1.2462	1.3418772	1.4449	1.4449	1.7847	0.9456		0.69042	0.579333	0.4088416	0.2912799	0.1936108	0.18956	0.13188	0.0862488	0.0448046	0.0255946	0.0157656	0.0077568	0.003556	0.000882	0.0003696	0.0001565	0.0000426
107	1.2288	1.2288	1.2288	1.2288	1.3432226	1.4683	1.4683	1.795	0.9353		0.69335	0.5961919	0.4200428	0.2971659	0.1981622	0.19348	0.13216	0.0859688	0.0442445	0.0252026	0.0159056	0.0076448	0.003472	0.0008876	0.0003584	0.0001478	0.0000437
108	1.2121	1.2121	1.2121	1.2121	1.3449226	1.4923	1.4923	1.803	0.9272		0.69639	0.6155371	0.4312439	0.3033043	0.2035081	0.1974	0.13272	0.0851287	0.0439645	0.0248385	0.0159896	0.0075048	0.003416	0.000868	0.0003584	0.0001361	0.0000423
109	1.1969	1.1969	1.1969	1.1969	1.3471672	1.5163	1.5163	1.8082	0.9219		0.69959	0.637697	0.4452453	0.3096105	0.2095027	0.20132	0.133	0.0837285	0.0434044	0.0245305	0.0157936	0.0073928	0.00336	0.0008428	0.0003668	0.0001285	0.0000381
110	1.1836	1.1836	1.1836	1.1836	1.3500904	1.54	1.54	1.81	0.92		0.703	0.663	0.4592468	0.316	0.216	0.20552	0.13328	0.0823284	0.0431244	0.0242505	0.0155976	0.0072807	0.003304	0.0008092	0.0003724	0.000126	0.0000361
111	1.172	1.172	1.172	1.172	1.3541459	1.5646	1.5646	1.807	0.92039		0.7067	0.7096898	0.4732482	0.3228484	0.2228541	0.20944	0.13356	0.0812083	0.0425643	0.0238024	0.0153736	0.0071687	0.003276	0.0007896	0.0003752	0.0001302	0.0000361
112	1.1612	1.1612	1.1612	1.1612	1.35943		1.5915	1.5915	1.7986	0.92152		0.71086	0.7914648	0.4900499	0.3305007	0.2299189	0.21364	0.13412	0.0800882	0.0422843	0.0232704	0.0151495	0.0070847	0.003248	0.00077	0.000364	0.0001344	0.0000384
113	1.151	1.151	1.151	1.151	1.365553	1.6201	1.6201	1.7861	0.92335		0.71568	0.9018356	0.5040513	0.3388264	0.2370486	0.21784	0.13468	0.0792481	0.0417242	0.0227943	0.0149255	0.0070007	0.003248	0.0007616	0.00035	0.000135	0.0000384
114	1.1398	1.1398	1.1398	1.1398	1.3712921	1.6498	1.6498	1.7705	0.92583		0.72134	1.0343128	0.5236533	0.3476951	0.2440973	0.22204	0.13524	0.078408	0.0414442	0.0223463	0.0147295	0.0069167	0.00322	0.0007616	0.0003332	0.0001294	0.0000356
115	1.1275	1.1275	1.1275	1.1275	1.3763403	1.6801	1.6801	1.7532	0.92892		0.72805	1.1824068	0.540455	0.3569762	0.2499255	0.22596	0.13608	0.0775679	0.0411642	0.0219262	0.0145615	0.0068607	0.00322	0.0007644	0.0003164	0.0001204	0.0000325
116	1.1168	1.1168	1.1168	1.1168	1.3820503	1.7103	1.7103	1.7352	0.93258		0.73599	1.3396283	0.560057	0.3665393	0.2546859	0.23044	0.13692	0.0767278	0.0408842	0.0215622	0.0144215	0.0068047	0.003192	0.0007644	0.0003108	0.0001131	0.0000311
117	1.1106	1.1106	1.1106	1.1106	1.3901237	1.74	1.74	1.7177	0.93677		0.74536	1.4582098	0.579659	0.3762536	0.2594464	0.23436	0.13776	0.0761678	0.0406041	0.0212542	0.0142815	0.0067767	0.003136	0.0007504	0.0003052	0.0001092	0.000033
118	1.11	1.11	1.11	1.11	1.4011231	1.7686	1.7686	1.7019	0.94143		0.75636	1.5562926	0.599261	0.3859889	0.2642069	0.23884	0.1386	0.0756077	0.0406041	0.0209741	0.0141974	0.0067487	0.003136	0.0007392	0.0003136	0.0001117	0.0000342
119	1.11	1.11	1.11	1.11	1.411699	1.7954	1.7954	1.689	0.94652		0.76917	1.655531	0.618863	0.3956145	0.2689674	0.24304	0.13972	0.0750476	0.0406041	0.0207221	0.0141134	0.0066927	0.003108	0.000714	0.0003164	0.0001148	0.0000336
120	1.11	1.11	1.11	1.11	1.4213374	1.82	1.82	1.68	0.952		0.784	1.75584	0.6412653	0.405	0.2761081	0.24724	0.14056	0.0747676	0.0403241	0.0205541	0.0140294	0.0066367	0.00308	0.0006944	0.0003192	0.000117	0.0000302
121	1.11	1.11	1.11	1.11	1.430135	1.8426	1.8426	1.6735	0.96021		0.80103	1.8571346	0.6636676	0.4142612	0.2808686	0.25172	0.1414	0.0742076	0.0403241	0.0203861	0.0139734	0.0065527	0.003052	0.000672	0.0003108	0.0001134	0.0000283
122	1.1101	1.1101	1.1101	1.1101	1.4384806	1.864	1.864	1.6671	0.97315		0.82047	1.9593298	0.6860699	0.4236001	0.2856291	0.25592	0.14252	0.0742076	0.0403241	0.0203021	0.0138894	0.0065247	0.003024	0.000658	0.0002968	0.0001064	0.0000286
123	1.1111	1.1111	1.1111	1.1111	1.446982	1.8844	1.8844	1.6611	0.99028		0.84249	2.0623406	0.7084722	0.4330148	0.2927698	0.25928	0.14336	0.0739275	0.0403241	0.0202461	0.0137774	0.0064967	0.002996	0.0006496	0.00028	0.0000991	0.0000302
124	1.1129	1.1129	1.1129	1.1129	1.4557036	1.9041	1.9041	1.6556	1.011		0.86731	2.1660819	0.7308744	0.4425036	0.2975303	0.26292	0.1442	0.0739275	0.0400441	0.0202461	0.0136654	0.0064407	0.002968	0.0006468	0.0002655	0.0000949	0.0000311
125	1.1153	1.1153	1.1153	1.1153	1.4646011	1.9233	1.9233	1.6507	1.0349		0.89511	2.2704688	0.756077	0.4520649	0.304671	0.26656	0.14476	0.0742076	0.0400441	0.0203021	0.0134974	0.0064127	0.00294	0.0006524	0.0002607	0.0000966	0.0000286
126	1.1182	1.1182	1.1182	1.1182	1.473692	1.9422	1.9422	1.6465	1.0612		0.92608	2.3754161	0.7812796	0.4616968	0.3118118	0.26992	0.14532	0.0744876	0.039764	0.0203861	0.0132734	0.0063847	0.002912	0.0006524	0.0002601	0.0001002	0.0000261
127	1.1214	1.1214	1.1214	1.1214	1.4830002	1.9612	1.9612	1.64	1.0896		0.96043	2.4808389	0.8064821	0.4713978	0.3165722	0.27384	0.14588	0.0750476	0.039484	0.0205541	0.0130773	0.0063566	0.002884	0.0006552	0.0002694	0.0001042	0.0000249
128	1.1266	1.1266	1.1266	1.1266	1.493693	1.9804	1.9804	1.635	1.1194		0.99833	2.5866522	0.8316847	0.4811661	0.323713	0.27748	0.14644	0.0756077	0.039204	0.0207501	0.0129093	0.0063006	0.002856	0.0006468	0.0002764	0.000103	0.0000268
129	1.1337	1.1337	1.1337	1.1337	1.5057888	2	2	1.628	1.15		1.04	2.6927709	0.8568873	0.491	0.3308537	0.28	0.14672	0.0764478	0.038924	0.0210021	0.0127413	0.0062726	0.002828	0.0006356	0.00028	0.0000983	0.0000283
130	1.1424	1.1424	1.1424	1.1424	1.5189441	2.0196	2.0196	1.62	1.181		1.0856	2.79911	0.8848901	0.5008977	0.3379944	0.2856	0.14728	0.0772879	0.0386439	0.0210861	0.0126293	0.0062166	0.002828	0.0006188	0.0002758	0.0000907	0.0000279
131	1.1524	1.1524	1.1524	1.1524	1.5327746	2.0387	2.0387	1.603	1.2117		1.1354	2.9055845	0.9100927	0.5108576	0.3451352	0.2884	0.14784	0.078408	0.0386439	0.0211142	0.0125453	0.0061326	0.0028	0.0006048	0.0002655	0.000086	0.0000253
132	1.1637	1.1637	1.1637	1.1637	1.5473191	2.0574	2.0574	1.5887	1.2417		1.1895	3.0118468	0.9380955	0.5208779	0.3522759	0.2912	0.14812	0.0795281	0.0383639	0.0211422	0.0124893	0.0060766	0.0027888	0.0005936	0.0002529	0.0000857	0.0000232
133	1.1795	1.1795	1.1795	1.1795	1.564776	2.0759	2.0759	1.577	1.2704		1.2481	3.1078965	0.9632981	0.5309569	0.3594166	0.294	0.14868	0.0809282	0.0383639	0.0211422	0.0124613	0.0060206	0.0027664	0.0005852	0.0002405	0.0000885	0.0000236
134	1.1984	1.1984	1.1984	1.1984	1.5842377	2.0943	2.0943	1.5676	1.2971		1.3115	3.2039463	0.991301	0.541093	0.3665573	0.2968	0.14924	0.0820484	0.0380839	0.0211142	0.0124613	0.0059926	0.0027552	0.0005908	0.0002369	0.0000932	0.0000252
135	1.2177	1.2177	1.2177	1.2177	1.6039435	2.1127	2.1127	1.5602	1.3215		1.3798	3.3068568	1.0193038	0.55076	0.3760783	0.3024	0.1498	0.0834485	0.0380839	0.0210581	0.0124893	0.0059366	0.0027272	0.0005908	0.0002355	0.0000938	0.0000265
136	1.2378	1.2378	1.2378	1.2378	1.6242681	2.1314	2.1314	1.5547	1.3429		1.4264299	3.4097673	1.0473067	0.5586	0.383219	0.3052	0.15036	0.0845686	0.0380839	0.0210021	0.0125173	0.0059086	0.0027188	0.0005992	0.0002431	0.0000913	0.0000246
137	1.259	1.259	1.259	1.259	1.6454038	2.1504	2.1504	1.5506	1.358761	1.4728598	3.5126778	1.0753095	0.5684	0.3903598	0.308	0.1512	0.0856887	0.0380839	0.0208621	0.0125173	0.0058806	0.0026936	0.0005992	0.0002478	0.0000834	0.0000223
138	1.281	1.281	1.281	1.281	1.6672642	2.17	2.17	1.5479	1.3851081	1.5192897	3.6155882	1.1033124	0.57624	0.3998807	0.3108	0.15176	0.0868088	0.0383639	0.0206941	0.0125173	0.0058526	0.0026684	0.0005964	0.0002526	0.0000781	0.0000211
139	1.3037	1.3037	1.3037	1.3037	1.6898207	2.1903	2.1903	1.5462	1.4133372	1.5682991	3.7184987	1.1313152	0.58604	0.4070215	0.3136	0.15204	0.087929	0.0383639	0.0205261	0.0124613	0.0058246	0.0026348	0.0005852	0.0002487	0.0000759	0.0000223
140	1.3272	1.3272	1.3272	1.3272	1.7131754	2.2114	2.2114	1.5452	1.4396844	1.6198879	3.8214092	1.1565178	0.59388	0.4141622	0.3164	0.15176	0.088769	0.0383639	0.0203301	0.0124053	0.0058246	0.0026068	0.0005684	0.0002391	0.0000781	0.0000241
141	1.3515	1.3515	1.3515	1.3515	1.7374047	2.2335	2.2335	1.5449	1.4679135	1.6714766	3.9243197	1.1845206	0.60172	0.4236832	0.3192	0.1512	0.088769	0.0383639	0.0201901	0.0123213	0.0057966	0.0025816	0.0005544	0.0002282	0.0000829	0.0000238
142	1.3769	1.3769	1.3769	1.3769	1.7627785	2.2568	2.2568	1.5448	1.4961426	1.7230654	4.0272302	1.2125235	0.61152	0.4308239	0.322	0.15092	0.088489	0.0383639	0.020022	0.0122372	0.0057686	0.002548	0.0005376	0.0002167	0.0000857	0.0000218
143	1.4035	1.4035	1.4035	1.4035	1.7895548	2.2818	2.2818	1.5479	1.5224898	1.7772336	4.1301406	1.2405263	0.61936	0.4379646	0.3248	0.15064	0.088489	0.0380839	0.019938	0.0121252	0.0057406	0.0025312	0.0005348	0.0002139	0.0000854	0.0000197
144	1.4318	1.4318	1.4318	1.4318	1.8187993	2.3104	2.3104	1.5589	1.5507189	1.8314019	4.2330511	1.2685292	0.6272	0.4451053	0.3276	0.15036	0.088489	0.0375238	0.019854	0.0120132	0.0056846	0.0025004	0.000532	0.0002134	0.0000792	0.0000202
145	1.4611	1.4611	1.4611	1.4611	1.8495998	2.3414	2.3414	1.5755	1.578948	1.8855701	4.3359616	1.296532	0.637	0.4546263	0.3304	0.1498	0.088489	0.0372438	0.019826	0.0119012	0.0056286	0.0024892	0.0005404	0.0002215	0.0000742	0.000022
146	1.4906	1.4906	1.4906	1.4906	1.8807825	2.3731	2.3731	1.5951	1.6071771	1.9423178	4.4388721	1.3217346	0.64484	0.461767	0.3332	0.14952	0.088489	0.0366837	0.019826	0.0118172	0.0055726	0.0024668	0.000546	0.0002268	0.0000703	0.0000234
147	1.5204	1.5204	1.5204	1.5204	1.9117765	2.4039	2.4039	1.6152	1.6335243	1.996486	4.5417826	1.3497375	0.65268	0.4689078	0.336	0.14896	0.088489	0.0364037	0.019882	0.0117612	0.0055166	0.0024556	0.0005516	0.000231	0.0000722	0.000022
148	1.5511	1.5511	1.5511	1.5511	1.9422346	2.432	2.432	1.6376	1.6617534	2.0532336	4.6378324	1.37494	0.66052	0.4760485	0.3388	0.1484	0.088489	0.0358437	0.019938	0.0117332	0.0054886	0.0024444	0.0005488	0.0002271	0.0000767	0.0000195
149	1.5833	1.5833	1.5833	1.5833	1.9727924	2.4581	2.4581	1.6648	1.6899825	2.1099813	4.7407428	1.4029429	0.66836	0.4831892	0.3444	0.14784	0.088769	0.0355636	0.019994	0.0117332	0.0054606	0.0024332	0.0005376	0.0002167	0.0000809	0.0000185
150	1.6183	1.6183	1.6183	1.6183	2.0045949	2.4831	2.4831	1.6953	1.7163296	2.166729	4.8367926	1.4281455	0.6762	0.4903299	0.3472	0.14728	0.0890491	0.0350036	0.02005	0.0117612	0.0054326	0.0024332	0.0005264	0.0002061	0.0000818	0.0000197
151	1.6548	1.6548	1.6548	1.6548	2.0369697	2.5074	2.5074	1.7277	1.7426768	2.2234766	4.9328424	1.453348	0.68404	0.4974707	0.35	0.14644	0.0893291	0.0347235	0.020078	0.0117892	0.0054326	0.0024248	0.0005068	0.0001943	0.0000767	0.000022
152	1.6906	1.6906	1.6906	1.6906	2.068634	2.5312	2.5312	1.7608	1.769024	2.2776449	5.0288922	1.4757503	0.69188	0.5046114	0.3528	0.14588	0.0896091	0.0347235	0.020078	0.0118172	0.0054326	0.0024332	0.0004956	0.0001924	0.0000711	0.000022
153	1.7261	1.7261	1.7261	1.7261	2.1000853	2.5551	2.5551	1.796	1.7953711	2.3343925	5.1180813	1.5009529	0.69776	0.5117521	0.3556	0.1456	0.0898892	0.0344435	0.020022	0.0118172	0.0054326	0.0024276	0.0004844	0.0001924	0.0000658	0.00002
154	1.7613	1.7613	1.7613	1.7613	2.1313716	2.5792	2.5792	1.8337	1.8198364	2.3885607	5.2141311	1.5233552	0.7056	0.5188928	0.3556	0.14504	0.0904492	0.0344435	0.01991	0.0118452	0.0054606	0.002436	0.0004872	0.0002022	0.0000666	0.0000176
155	1.7961	1.7961	1.7961	1.7961	2.1626891	2.6041	2.6041	1.8743	1.8461835	2.442729	5.2964594	1.5457574	0.71344	0.5260336	0.3584	0.14476	0.0907292	0.0344435	0.01977	0.0117892	0.0054886	0.0024332	0.00049	0.0002097	0.0000703	0.0000179
156	1.8301	1.8301	1.8301	1.8301	2.1938088	2.6298	2.6298	1.9184	1.8706487	2.4968972	5.3856485	1.5681597	0.71932	0.5307941	0.3612	0.14448	0.0910093	0.0344435	0.01963	0.0117612	0.0054886	0.0024388	0.0005012	0.0002167	0.0000762	0.00002
157	1.8637	1.8637	1.8637	1.8637	2.2248148	2.6559	2.6559	1.9678	1.9007598	2.5510654	5.4679769	1.590562	0.72716	0.5379348	0.364	0.1442	0.0910093	0.0344435	0.019434	0.0116772	0.0054886	0.0024444	0.0005096	0.0002156	0.0000787	0.0000216
158	1.8969	1.8969	1.8969	1.8969	2.2555876	2.6821	2.6821	2.0229	1.9195792	2.6052336	5.5503053	1.6129643	0.73304	0.5450755	0.364	0.1442	0.0912893	0.0344435	0.019294	0.0115652	0.0054606	0.0024472	0.0005124	0.0002064	0.0000756	0.0000206
159	1.9293	1.9293	1.9293	1.9293	2.285684	2.7079	2.7079	2.0817	1.9383986	2.6568224	5.625773	1.6325663	0.73892	0.549836	0.3668	0.1442	0.0912893	0.0344435	0.019154	0.0114812	0.0054606	0.0024584	0.0005096	0.0001971	0.0000697	0.0000177
160	1.9608	1.9608	1.9608	1.9608	2.3148378	2.7328	2.7328	2.1422	1.957218	2.7084112	5.7012407	1.6521683	0.7448	0.5569767	0.3696	0.14448	0.0910093	0.0344435	0.0190419	0.0113692	0.0054046	0.0024556	0.0004956	0.0001857	0.000063	0.0000166
161	1.9912	1.9912	1.9912	1.9912	2.3428491	2.7566	2.7566	2.2028	1.9948568	2.76	5.7767083	1.6717703	0.75068	0.5617372	0.3696	0.14476	0.0910093	0.0341635	0.0190139	0.0113132	0.0054046	0.0024724	0.0004844	0.0001845	0.0000624	0.0000177
162	2.0211	2.0211	2.0211	2.0211	2.3699871	2.7791	2.7791	2.2668	2.0136762	2.7857944	5.8453153	1.688572	0.75656	0.5664977	0.3724	0.14476	0.0907292	0.0341635	0.0190139	0.0112571	0.0053485	0.0024668	0.0004676	0.0001854	0.0000647	0.0000206
163	2.0502	2.0502	2.0502	2.0502	2.3963316	2.8009	2.8009	2.3319	2.0324956	2.8373832	5.9139223	1.708174	0.76244	0.5712582	0.3724	0.14504	0.0904492	0.0338835	0.0190419	0.0112571	0.0053485	0.0024724	0.0004648	0.0001971	0.0000722	0.0000209
164	2.0782	2.0782	2.0782	2.0782	2.4217531	2.8221	2.8221	2.3948	2.051315	2.888972	5.9756686	1.7221754	0.76636	0.5760187	0.3752	0.14532	0.0901692	0.0336034	0.0191259	0.0112851	0.0053205	0.0024668	0.000462	0.0002067	0.0000764	0.0000185
165	2.1049	2.1049	2.1049	2.1049	2.4461827	2.8428	2.8428	2.4538	2.0701344	2.9147664	6.0374149	1.7389771	0.77224	0.5807792	0.3752	0.1456	0.0901692	0.0333234	0.01921	0.0113412	0.0053485	0.0024696	0.0004704	0.0002148	0.0000759	0.0000158
166	2.1301	2.1301	2.1301	2.1301	2.4696387	2.8633	2.8633	2.511	2.0889538	2.9663551	6.0923005	1.7529785	0.77616	0.5855396	0.378	0.14588	0.0898892	0.0330434	0.01935	0.0114252	0.0053765	0.0024668	0.0004872	0.0002139	0.0000694	0.0000158
167	2.1543	2.1543	2.1543	2.1543	2.4924164	2.8836	2.8836	2.5669	2.0889538	2.9921495	6.1471861	1.76698	0.78008	0.5903001	0.378	0.14588	0.0898892	0.0330434	0.019462	0.0115092	0.0054046	0.0024556	0.0004984	0.0002019	0.0000613	0.0000186
168	2.1773	2.1773	2.1773	2.1773	2.5151396	2.9054	2.9054	2.6219	2.1077732	3.0437383	6.195211	1.7781811	0.784	0.5926804	0.3808	0.14588	0.0898892	0.0327633	0.019546	0.0116212	0.0054606	0.0024584	0.0005124	0.0001904	0.0000585	0.0000209
169	2.1994	2.1994	2.1994	2.1994	2.5383346	2.9295	2.9295	2.6766	2.1265926	3.0695327	6.2432359	1.7921825	0.78792	0.5974408	0.3808	0.14588	0.0898892	0.0327633	0.019574	0.0116772	0.0054886	0.0024416	0.0005068	0.0001753	0.0000594	0.0000202
170	2.2205	2.2205	2.2205	2.2205	2.5605606	2.9527	2.9527	2.7342	2.145412	3.0953271	6.2844001	1.8033837	0.79184	0.5998211	0.3836	0.1456	0.0901692	0.0327633	0.019574	0.0117332	0.0055446	0.0024472	0.0005012	0.0001745	0.0000683	0.0000164
171	2.2408	2.2408	2.2408	2.2408	2.5806312	2.972	2.972	2.7922	2.145412	3.1211215	6.3255642	1.8117845	0.79576	0.6022013	0.3836	0.14532	0.0904492	0.0327633	0.019462	0.0117332	0.0055446	0.0024332	0.000476	0.0001756	0.000075	0.0000147
172	2.2597	2.2597	2.2597	2.2597	2.5967616	2.9841	2.9841	2.8457	2.1642314	3.1469159	6.3598677	1.8201854	0.79772	0.6045816	0.3864	0.14504	0.0910093	0.0330434	0.019322	0.0116772	0.0055726	0.0024416	0.0004648	0.0001918	0.0000784	0.0000162
173	2.2768	2.2768	2.2768	2.2768	2.6088385	2.9893	2.9893	2.8899	2.1642314	3.1727103	6.3941712	1.8285862	0.79968	0.6069618	0.3864	0.14448	0.0912893	0.0333234	0.0190979	0.0115652	0.0055166	0.0024332	0.000448	0.0002078	0.0000714	0.0000206
174	2.2954	2.2954	2.2954	2.2954	2.6210061	2.9928	2.9928	2.9246	2.1830508	3.1985047	6.421614	1.8369871	0.80164	0.6093421	0.3864	0.1442	0.0918494	0.0336034	0.0188459	0.0114252	0.0054606	0.0024304	0.0004452	0.0002212	0.0000602	0.0000223
175	2.3129	2.3129	2.3129	2.3129	2.6326042	2.9965	2.9965	2.9543	2.1830508	3.1985047	6.4421961	1.8397874	0.8036	0.6093421	0.3892	0.14364	0.0924094	0.0338835	0.0185659	0.0112571	0.0054046	0.0024388	0.0004592	0.0002229	0.0000529	0.0000184
176	2.3257	2.3257	2.3257	2.3257	2.6420803	3.0015	3.0015	2.9778	2.2018703	3.2242991	6.4627782	1.845388	0.80556	0.6117223	0.3892	0.14336	0.0929695	0.0341635	0.0182859	0.0110891	0.0053205	0.0024332	0.0004732	0.0002033	0.0000512	0.0000141
177	2.33	2.33	2.33	2.33	2.6469435	3.007	3.007	2.9967	2.2018703	3.2242991	6.4764996	1.8481882	0.80752	0.6117223	0.3892	0.14308	0.0932495	0.0344435	0.0180618	0.0109491	0.0052925	0.0024668	0.0005152	0.0001837	0.0000633	0.000013
178	2.33	2.33	2.33	2.33	2.6496709	3.0132	3.0132	3.0139	2.2018703	3.2242991	6.490221	1.8509885	0.80752	0.6117223	0.3892	0.1428	0.0938096	0.0347235	0.0178658	0.0108091	0.0052085	0.0024556	0.0005404	0.0001518	0.0000798	0.0000197
179	2.33	2.33	2.33	2.33	2.6525712	3.0198	3.0198	3.0248	2.2018703	3.2500935	6.4970817	1.8537888	0.80752	0.6141025	0.392	0.14252	0.0938096	0.0350036	0.0177818	0.0107531	0.0052085	0.0025032	0.000588	0.0001467	0.0001042	0.0000294
180	2.33	2.33	2.33	2.33	2.6557315	3.027	3.027	3.0264	2.2018703	3.2500935	6.4970817	1.8565891	0.80948	0.6141025	0.392	0.14252	0.0940896	0.0350036	0.0176698	0.0106971	0.0051245	0.0024388	0.0005684	0.0001221	0.0001086	0.0000414
