# 2
# 50.
# 1
# 360.
# 1210
3.4	7.9933
3.43	8.7884
3.46	9.601
3.49	10.431
3.52	11.277
3.55	12.141
3.58	13.021
3.61	13.917
3.64	14.829
3.67	15.757
3.7	16.7
3.73	17.659
3.76	18.633
3.79	19.576
3.82	20.409
3.85	21.161
3.88	21.864
3.91	22.552
3.94	23.255
3.97	24.006
4	24.839
4.03	25.783
4.06	26.873
4.09	28.14
4.12	29.616
4.15	31.334
4.18	33.326
4.21	36.014
4.24	44.505
4.27	53.152
4.3	57.266
4.33	60.718
4.36	63.67
4.39	66.198
4.42	68.378
4.45	70.287
4.48	72.001
4.51	73.55
4.54	74.821
4.57	75.895
4.6	76.871
4.63	77.851
4.66	78.936
4.69	80.226
4.72	81.836
4.75	83.8
4.78	86.011
4.81	88.353
4.84	90.711
4.87	92.978
4.9	95.229
4.93	97.686
4.96	100.52
4.99	103.42
5.02	106.77
5.05	111.19
5.08	118.01
5.11	128.74
5.14	133.64
5.17	140.12
5.2	146.55
5.23	147.94
5.26	147.33
5.29	146.21
5.32	144.79
5.35	143.24
5.38	141.77
5.41	140.56
5.44	139.81
5.47	139.25
5.5	138.73
5.53	138.25
5.56	137.83
5.59	137.51
5.62	137.29
5.65	137.2
5.68	137.2
5.71	137.2
5.74	137.2
5.77	137.2
5.8	137.2
5.83	137.2
5.86	137.2
5.89	137.26
5.92	137.57
5.95	138.16
5.98	139.03
6.01	140.18
6.04	141.61
6.07	143.32
6.1	145.3
6.13	150.73
6.16	158.48
6.19	165
6.22	171.63
6.25	178.75
6.28	186.31
6.31	194.98
6.34	206.71
6.37	218.11
6.4	225.06
6.43	229.93
6.46	233.99
6.49	238.3
6.52	243.9
6.55	252.15
6.58	262.78
6.61	273.66
6.64	284.26
6.67	299.35
6.7	330.9
6.73	360.4
6.76	376.54
6.79	386.13
6.82	394.13
6.85	400.98
6.88	406.72
6.91	412.46
6.94	419.34
6.97	428.8
7	443.88
7.03	459.24
7.06	471.6
7.09	482.52
7.12	490.76
7.15	496.88
7.18	502.03
7.21	507.34
7.24	513.93
7.27	523.45
7.3	536.38
7.33	549.02
7.36	561.63
7.39	572.87
7.42	580.92
7.45	587.88
7.48	593.89
7.51	598.87
7.54	602.7
7.57	605.93
7.6	608.94
7.63	611.41
7.66	613.03
7.69	613.5
7.72	613.29
7.75	612.78
7.78	611.97
7.81	610.88
7.84	609.51
7.87	607.86
7.9	605.95
7.93	603.79
7.96	601.38
7.99	597.82
8.02	589.72
8.05	583.71
8.08	581.58
8.11	580.3
8.14	579.22
8.17	577.73
8.2	575.07
8.23	568.12
8.26	558.79
8.29	549.93
8.32	534.4
8.35	516.19
8.38	501.82
8.41	487.63
8.44	473.35
8.47	456.2
8.5	438.6
8.53	426.56
8.56	415.42
8.59	403.6
8.62	391.29
8.65	377.01
8.68	361.28
8.71	350.17
8.74	342.44
8.77	336.03
8.8	330.55
8.83	325.61
8.86	320.89
8.89	316.6
8.92	312.69
8.95	309.02
8.98	305.44
9.01	301.92
9.04	298.77
9.07	295.86
9.1	293
9.13	289.99
9.16	286.64
9.19	282.77
9.22	277.92
9.25	270.23
9.28	263.93
9.31	261.02
9.34	258.76
9.37	256.95
9.4	255.43
9.43	254.02
9.46	252.55
9.49	250.85
9.52	248.71
9.55	246.05
9.58	243.13
9.61	240.22
9.64	237.6
9.67	235.54
9.7	234.32
9.73	234.1
9.76	234.15
9.79	234.23
9.82	234.36
9.85	234.52
9.88	234.73
9.91	234.96
9.94	235.23
9.97	235.52
10	235.84
10.03	236.18
10.06	236.55
10.09	236.94
10.12	237.49
10.15	238.24
10.18	239.16
10.21	240.25
10.24	241.5
10.27	242.89
10.3	244.41
10.33	246.05
10.36	247.8
10.39	249.64
10.42	251.57
10.45	253.65
10.48	256.73
10.51	260.52
10.54	264.36
10.57	267.6
10.6	269.66
10.63	271.18
10.66	272.46
10.69	273.57
10.72	274.56
10.75	275.46
10.78	276.35
10.81	277.27
10.84	278.26
10.87	279.39
10.9	280.71
10.93	282.28
10.96	283.98
10.99	285.71
11.02	287.36
11.05	288.84
11.08	290.02
11.11	290.84
11.14	291.54
11.17	292.22
11.2	292.87
11.23	293.48
11.26	294.04
11.29	294.54
11.32	294.98
11.35	295.36
11.38	295.65
11.41	295.86
11.44	295.98
11.47	295.99
11.5	295.85
11.53	295.57
11.56	295.18
11.59	294.69
11.62	294.14
11.65	293.54
11.68	292.93
11.71	292.33
11.74	291.76
11.77	291.25
11.8	290.82
11.83	290.5
11.86	290.25
11.89	290.02
11.92	289.83
11.95	289.65
11.98	289.49
12.01	289.32
12.04	289.15
12.07	288.97
12.1	288.76
12.13	288.51
12.16	288.23
12.19	287.9
12.22	287.41
12.25	286.7
12.28	285.84
12.31	284.92
12.34	284.01
12.37	283.18
12.4	282.5
12.43	281.99
12.46	281.57
12.49	281.23
12.52	280.94
12.55	280.68
12.58	280.41
12.61	280.12
12.64	279.78
12.67	279.37
12.7	278.85
12.73	278.2
12.76	277.4
12.79	275.19
12.82	270.56
12.85	269.1
12.88	269.1
12.91	269.1
12.94	269.1
12.97	269.1
13	269.1
13.03	269.1
13.06	269.1
13.09	268.91
13.12	268.41
13.15	267.7
13.18	266.92
13.21	266.14
13.24	265.21
13.27	264.12
13.3	262.95
13.33	261.76
13.36	260.61
13.39	259.26
13.42	257.74
13.45	256.22
13.48	254.83
13.51	253.72
13.54	253.04
13.57	252.91
13.6	253.08
13.63	253.41
13.66	253.87
13.69	254.43
13.72	255.06
13.75	255.71
13.78	256.36
13.81	256.96
13.84	257.5
13.87	257.92
13.9	258.2
13.93	258.3
13.96	257.79
13.99	256.56
14.02	255.02
14.05	253.58
14.08	252.64
14.11	251.95
14.14	251.34
14.17	250.8
14.2	250.3
14.23	249.82
14.26	249.35
14.29	248.85
14.32	248.32
14.35	247.72
14.38	247.02
14.41	246.21
14.44	245.3
14.47	244.34
14.5	243.36
14.53	242.4
14.56	241.5
14.59	240.69
14.62	240.01
14.65	239.5
14.68	239.12
14.71	238.82
14.74	238.56
14.77	238.34
14.8	238.14
14.83	237.92
14.86	237.69
14.89	237.41
14.92	237.07
14.95	236.64
14.98	235.95
15.01	235
15.04	233.85
15.07	232.55
15.1	231.15
15.13	229.71
15.16	228.29
15.19	226.94
15.22	225.71
15.25	224.65
15.28	223.83
15.31	223.3
15.34	222.96
15.37	222.68
15.4	222.45
15.43	222.26
15.46	222.09
15.49	221.93
15.52	221.78
15.55	221.61
15.58	221.42
15.61	221.2
15.64	220.93
15.67	220.6
15.7	220.13
15.73	219.48
15.76	218.68
15.79	217.77
15.82	216.81
15.85	215.81
15.88	214.83
15.91	213.91
15.94	213.08
15.97	212.38
16	211.78
16.03	211.23
16.06	210.73
16.09	210.24
16.12	209.76
16.15	209.26
16.18	208.72
16.21	208.12
16.24	207.45
16.27	206.65
16.3	205.68
16.33	204.57
16.36	203.38
16.39	202.15
16.42	200.94
16.45	199.8
16.48	198.77
16.51	197.77
16.54	196.79
16.57	195.82
16.6	194.87
16.63	193.93
16.66	193.02
16.69	192.12
16.72	191.25
16.75	190.41
16.78	189.59
16.81	188.81
16.84	188.05
16.87	187.34
16.9	186.65
16.93	185.99
16.96	185.36
16.99	184.75
17.02	184.16
17.05	183.58
17.08	183.01
17.11	182.46
17.14	181.9
17.17	181.35
17.2	180.8
17.23	180.24
17.26	179.67
17.29	179.09
17.32	178.49
17.35	177.87
17.38	177.24
17.41	176.57
17.44	175.88
17.47	175.15
17.5	174.39
17.53	173.58
17.56	172.73
17.59	171.85
17.62	170.93
17.65	169.99
17.68	169.03
17.71	168.04
17.74	167.04
17.77	166.03
17.8	165.02
17.83	164
17.86	162.98
17.89	161.97
17.92	160.97
17.95	159.99
17.98	159.02
18.01	158.05
18.04	157.02
18.07	155.94
18.1	154.82
18.13	153.67
18.16	152.52
18.19	151.36
18.22	150.21
18.25	149.09
18.28	148.01
18.31	146.99
18.34	146.03
18.37	145.15
18.4	144.37
18.43	143.69
18.46	143.13
18.49	142.71
18.52	142.4
18.55	142.11
18.58	141.82
18.61	141.55
18.64	141.3
18.67	141.06
18.7	140.83
18.73	140.63
18.76	140.45
18.79	140.29
18.82	140.15
18.85	140.04
18.88	139.97
18.91	139.92
18.94	139.9
18.97	139.9
19	139.9
19.03	139.9
19.06	139.9
19.09	139.9
19.12	139.9
19.15	139.9
19.18	139.9
19.21	139.9
19.24	139.9
19.27	139.9
19.3	139.9
19.33	139.72
19.36	139.22
19.39	138.44
19.42	137.43
19.45	136.22
19.48	134.86
19.51	133.41
19.54	131.89
19.57	130.36
19.6	128.87
19.63	127.44
19.66	126.14
19.69	124.99
19.72	124.06
19.75	123.33
19.78	122.66
19.81	122.04
19.84	121.45
19.87	120.9
19.9	120.38
19.93	119.87
19.96	119.38
19.99	118.89
20.02	118.4
20.05	117.92
20.08	117.45
20.11	116.99
20.14	116.55
20.17	116.12
20.2	115.69
20.23	115.27
20.26	114.85
20.29	114.43
20.32	114.01
20.35	113.58
20.38	113.15
20.41	112.71
20.44	112.27
20.47	111.84
20.5	111.42
20.53	110.99
20.56	110.56
20.59	110.12
20.62	109.68
20.65	109.23
20.68	108.76
20.71	108.28
20.74	107.77
20.77	107.23
20.8	106.6
20.83	105.9
20.86	105.14
20.89	104.34
20.92	103.5
20.95	102.66
20.98	101.81
21.01	100.99
21.04	100.19
21.07	99.451
21.1	98.77
21.13	98.169
21.16	97.663
21.19	97.268
21.22	96.998
21.25	96.869
21.28	96.86
21.31	96.86
21.34	96.86
21.37	96.86
21.4	96.86
21.43	96.86
21.46	96.86
21.49	96.86
21.52	96.86
21.55	96.86
21.58	96.86
21.61	96.86
21.64	96.86
21.67	96.86
21.7	96.86
21.73	96.86
21.76	96.86
21.79	96.811
21.82	96.566
21.85	96.143
21.88	95.568
21.91	94.872
21.94	94.083
21.97	93.231
22	92.342
22.03	91.448
22.06	90.576
22.09	89.755
22.12	89.014
22.15	88.35
22.18	87.676
22.21	86.989
22.24	86.293
22.27	85.59
22.3	84.886
22.33	84.185
22.36	83.49
22.39	82.805
22.42	82.135
22.45	81.482
22.48	80.852
22.51	80.248
22.54	79.675
22.57	79.135
22.6	78.633
22.63	78.173
22.66	77.756
22.69	77.369
22.72	77.01
22.75	76.673
22.78	76.356
22.81	76.055
22.84	75.766
22.87	75.487
22.9	75.212
22.93	74.939
22.96	74.665
22.99	74.384
23.02	74.095
23.05	73.793
23.08	73.475
23.11	73.137
23.14	72.776
23.17	72.377
23.2	71.906
23.23	71.375
23.26	70.794
23.29	70.177
23.32	69.537
23.35	68.886
23.38	68.237
23.41	67.603
23.44	66.995
23.47	66.428
23.5	65.913
23.53	65.463
23.56	65.091
23.59	64.81
23.62	64.632
23.65	64.57
23.68	64.57
23.71	64.57
23.74	64.57
23.77	64.57
23.8	64.57
23.83	64.57
23.86	64.57
23.89	64.57
23.92	64.57
23.95	64.57
23.98	64.57
24.01	64.57
24.04	64.57
24.07	64.57
24.1	64.57
24.13	64.57
24.16	64.57
24.19	64.452
24.22	64.119
24.25	63.607
24.28	62.949
24.31	62.178
24.34	61.33
24.37	60.437
24.4	59.534
24.43	58.655
24.46	57.833
24.49	57.104
24.52	56.5
24.55	55.974
24.58	55.458
24.61	54.953
24.64	54.461
24.67	53.984
24.7	53.524
24.73	53.083
24.76	52.662
24.79	52.263
24.82	51.889
24.85	51.541
24.88	51.22
24.91	50.92
24.94	50.613
24.97	50.303
25	49.997
25.03	49.701
25.06	49.42
25.09	49.162
25.12	48.933
25.15	48.74
25.18	48.587
25.21	48.483
25.24	48.433
25.27	48.43
25.3	48.43
25.33	48.43
25.36	48.43
25.39	48.43
25.42	48.43
25.45	48.43
25.48	48.43
25.51	48.43
25.54	48.43
25.57	48.43
25.6	48.43
25.63	48.43
25.66	48.43
25.69	48.43
25.72	48.375
25.75	48.224
25.78	47.992
25.81	47.699
25.84	47.363
25.87	47.001
25.9	46.63
25.93	46.27
25.96	45.937
25.99	45.647
26.02	45.363
26.05	45.072
26.08	44.777
26.11	44.477
26.14	44.176
26.17	43.873
26.2	43.569
26.23	43.267
26.26	42.967
26.29	42.671
26.32	42.379
26.35	42.093
26.38	41.815
26.41	41.544
26.44	41.284
26.47	41.034
26.5	40.795
26.53	40.571
26.56	40.36
26.59	40.162
26.62	39.975
26.65	39.797
26.68	39.626
26.71	39.462
26.74	39.304
26.77	39.15
26.8	39
26.83	38.852
26.86	38.705
26.89	38.558
26.92	38.41
26.95	38.259
26.98	38.105
27.01	37.947
27.04	37.783
27.07	37.612
27.1	37.437
27.13	37.257
27.16	37.074
27.19	36.888
27.22	36.7
27.25	36.511
27.28	36.322
27.31	36.132
27.34	35.944
27.37	35.757
27.4	35.572
27.43	35.39
27.46	35.211
27.49	35.037
27.52	34.863
27.55	34.677
27.58	34.48
27.61	34.275
27.64	34.065
27.67	33.854
27.7	33.644
27.73	33.439
27.76	33.241
27.79	33.054
27.82	32.88
27.85	32.723
27.88	32.585
27.91	32.47
27.94	32.381
27.97	32.321
28	32.292
28.03	32.29
28.06	32.29
28.09	32.29
28.12	32.29
28.15	32.29
28.18	32.29
28.21	32.29
28.24	32.29
28.27	32.29
28.3	32.29
28.33	32.29
28.36	32.29
28.39	32.29
28.42	32.29
28.45	32.288
28.48	32.262
28.51	32.206
28.54	32.12
28.57	32.008
28.6	31.87
28.63	31.707
28.66	31.522
28.69	31.315
28.72	31.088
28.75	30.842
28.78	30.58
28.81	30.302
28.84	30.009
28.87	29.704
28.9	29.308
28.93	28.603
28.96	27.655
28.99	26.55
29.02	25.376
29.05	24.22
29.08	23.17
29.11	22.311
29.14	21.732
29.17	21.52
29.2	21.626
29.23	21.919
29.26	22.362
29.29	22.917
29.32	23.547
29.35	24.215
29.38	24.883
29.41	25.513
29.44	26.068
29.47	26.511
29.5	26.804
29.53	26.91
29.56	26.807
29.59	26.532
29.62	26.134
29.65	25.664
29.68	25.172
29.71	24.708
29.74	24.323
29.77	24.034
29.8	23.767
29.83	23.514
29.86	23.273
29.89	23.042
29.92	22.82
29.95	22.605
29.98	22.396
30.01	22.192
30.04	21.99
30.07	21.789
30.1	21.587
30.13	21.386
30.16	21.189
30.19	20.997
30.22	20.809
30.25	20.624
30.28	20.442
30.31	20.262
30.34	20.084
30.37	19.907
30.4	19.73
30.43	19.553
30.46	19.375
30.49	19.195
30.52	19.014
30.55	18.83
30.58	18.632
30.61	18.413
30.64	18.178
30.67	17.933
30.7	17.683
30.73	17.434
30.76	17.192
30.79	16.962
30.82	16.749
30.85	16.559
30.88	16.398
30.91	16.272
30.94	16.185
30.97	16.143
31	16.14
31.03	16.14
31.06	16.14
31.09	16.14
31.12	16.14
31.15	16.14
31.18	16.14
31.21	16.14
31.24	16.14
31.27	16.14
31.3	16.14
31.33	16.14
31.36	16.14
31.39	16.14
31.42	16.14
31.45	16.14
31.48	16.14
31.51	16.14
31.54	16.14
31.57	16.14
31.6	16.14
31.63	16.14
31.66	16.14
31.69	16.14
31.72	16.14
31.75	16.14
31.78	16.14
31.81	16.06
31.84	15.842
31.87	15.524
31.9	15.139
31.93	14.725
31.96	14.317
31.99	13.951
32.02	13.662
32.05	13.487
32.08	13.45
32.11	13.45
32.14	13.45
32.17	13.45
32.2	13.45
32.23	13.45
32.26	13.45
32.29	13.45
32.32	13.45
32.35	13.45
32.38	13.45
32.41	13.45
32.44	13.45
32.47	13.45
32.5	13.45
32.53	13.45
32.56	13.45
32.59	13.434
32.62	13.216
32.65	12.806
32.68	12.288
32.71	11.742
32.74	11.251
32.77	10.896
32.8	10.76
32.83	10.76
32.86	10.76
32.89	10.76
32.92	10.76
32.95	10.76
32.98	10.76
33.01	10.76
33.04	10.76
33.07	10.76
33.1	10.76
33.13	10.76
33.16	10.76
33.19	10.76
33.22	10.76
33.25	10.76
33.28	10.76
33.31	10.76
33.34	10.76
33.37	10.76
33.4	10.76
33.43	10.76
33.46	10.76
33.49	10.76
33.52	10.76
33.55	10.76
33.58	10.76
33.61	10.76
33.64	10.76
33.67	10.76
33.7	10.76
33.73	10.76
33.76	10.753
33.79	10.716
33.82	10.651
33.85	10.561
33.88	10.448
33.91	10.317
33.94	10.169
33.97	10.008
34	9.8372
34.03	9.6592
34.06	9.4771
34.09	9.294
34.12	9.1129
34.15	8.9368
34.18	8.7689
34.21	8.612
34.24	8.4693
34.27	8.3438
34.3	8.2384
34.33	8.1563
34.36	8.1004
34.39	8.0738
34.42	8.072
34.45	8.072
34.48	8.072
34.51	8.072
34.54	8.072
34.57	8.072
34.6	8.072
34.63	8.072
34.66	8.072
34.69	8.072
34.72	8.072
34.75	8.072
34.78	8.072
34.81	8.072
34.84	8.072
34.87	8.072
34.9	8.072
34.93	8.072
34.96	8.072
34.99	8.072
35.02	8.072
35.05	8.072
35.08	8.072
35.11	8.072
35.14	8.072
35.17	8.072
35.2	8.072
35.23	8.072
35.26	8.072
35.29	8.072
35.32	8.072
35.35	8.072
35.38	8.072
35.41	8.072
35.44	8.072
35.47	8.072
35.5	8.0558
35.53	7.9756
35.56	7.8375
35.59	7.6515
35.62	7.4281
35.65	7.1773
35.68	6.9095
35.71	6.6348
35.74	6.3636
35.77	6.106
35.8	5.8723
35.83	5.6727
35.86	5.5175
35.89	5.4168
35.92	5.381
35.95	5.381
35.98	5.381
36.01	5.381
36.04	5.381
36.07	5.381
36.1	5.381
36.13	5.381
36.16	5.381
36.19	5.381
36.22	5.381
36.25	5.381
36.28	5.381
36.31	5.381
36.34	5.381
36.37	5.381
36.4	5.381
36.43	5.381
36.46	5.381
36.49	5.381
36.52	5.3689
36.55	5.3085
36.58	5.2032
36.61	5.0596
36.64	4.8842
36.67	4.6836
36.7	4.4644
36.73	4.2332
36.76	3.9964
36.79	3.7608
36.82	3.5329
36.85	3.3192
36.88	3.1262
36.91	2.9607
36.94	2.8291
36.97	2.738
37	2.6941
37.03	2.691
37.06	2.691
37.09	2.691
37.12	2.691
37.15	2.691
37.18	2.691
37.21	2.691
37.24	2.691
37.27	2.691
37.3	2.691
37.33	2.691
37.36	2.691
37.39	2.691
37.42	2.691
37.45	2.691
37.48	2.691
37.51	2.691
37.54	2.691
37.57	2.691
37.6	2.691
37.63	2.691
37.66	2.691
37.69	2.691
37.72	2.691
37.75	2.691
37.78	2.691
37.81	2.691
37.84	2.691
37.87	2.691
37.9	2.691
37.93	2.691
37.96	2.691
37.99	2.691
38.02	2.691
38.05	2.691
38.08	2.691
38.11	2.691
38.14	2.691
38.17	2.691
38.2	2.691
38.23	2.691
38.26	2.691
38.29	2.691
38.32	2.691
38.35	2.691
38.38	2.691
38.41	2.691
38.44	2.691
38.47	2.691
38.5	2.691
38.53	2.691
38.56	2.691
38.59	2.691
38.62	2.691
38.65	2.691
38.68	2.691
38.71	2.691
38.74	2.691
38.77	2.691
38.8	2.691
38.83	2.691
38.86	2.691
38.89	2.691
38.92	2.6741
38.95	2.5903
38.98	2.4462
39.01	2.2528
39.04	2.021
39.07	1.7618
39.1	1.4861
39.13	1.2049
39.16	0.92926
39.19	0.67004
39.22	0.43823
39.25	0.2448
39.28	0.10072
39.31	0.016953
39.34	3.01E-05
39.37	3.01E-05
39.4	3.01E-05
39.43	3.01E-05
39.46	3.01E-05
39.49	3.01E-05
39.52	3.01E-05
39.55	3.01E-05
39.58	3.01E-05
39.61	3.01E-05
39.64	3.01E-05
39.67	3.01E-05
# 1e9
# 1
# 360.
# 4265
3	0
4.4326	0.026933
4.4584	0.027794
4.4842	0.026483
4.5099	0.02761
4.5357	0.025388
4.5615	0.024333
4.5872	0.028384
4.613	0.027213
4.6388	0.029149
4.6646	0.030879
4.6903	0.029161
4.7161	0.029596
4.7419	0.031118
4.7676	0.027503
4.7934	0.031869
4.8192	0.02911
4.8449	0.028948
4.8707	0.033655
4.8965	0.032558
4.9223	0.032017
4.948	0.029393
4.9738	0.032205
4.9996	0.033095
5.0253	0.03126
5.0511	0.032495
5.0769	0.034723
5.1027	0.030209
5.1284	0.033669
5.1542	0.033088
5.18	0.03374
5.2057	0.034079
5.2315	0.033119
5.2573	0.035042
5.2831	0.035045
5.3088	0.036927
5.3346	0.031368
5.3604	0.032594
5.3861	0.032368
5.4119	0.032796
5.4377	0.031986
5.4635	0.033922
5.4892	0.031185
5.515	0.03406
5.5408	0.031903
5.5665	0.034696
5.5923	0.034979
5.6181	0.033949
5.6438	0.033514
5.6696	0.033449
5.6954	0.03389
5.7212	0.033133
5.7469	0.035526
5.7727	0.033137
5.7985	0.034291
5.8242	0.037594
5.85	0.033482
5.8758	0.035691
5.9016	0.037252
5.9273	0.036763
5.9531	0.039391
5.9789	0.038996
6.0046	0.035409
6.0304	0.044893
6.0562	0.041696
6.082	0.044488
6.1077	0.043432
6.1335	0.040668
6.1593	0.041375
6.185	0.050437
6.2108	0.05519
6.2366	0.057833
6.2624	0.056931
6.2881	0.058285
6.3139	0.067924
6.3397	0.085722
6.3654	0.081934
6.3912	0.087707
6.417	0.086932
6.4427	0.090624
6.4685	0.10124
6.4943	0.10703
6.5201	0.11374
6.5458	0.11183
6.5716	0.11237
6.5974	0.12141
6.6231	0.12226
6.6489	0.12832
6.6747	0.1327
6.7005	0.13403
6.7262	0.13923
6.752	0.14033
6.7778	0.1444
6.8035	0.14961
6.8293	0.14612
6.8551	0.15774
6.8809	0.1599
6.9066	0.16291
6.9324	0.17036
6.9582	0.17176
6.9839	0.17535
7.0097	0.17109
7.0355	0.18575
7.0613	0.18382
7.087	0.18885
7.1128	0.18848
7.1386	0.19458
7.1643	0.19448
7.1901	0.19918
7.2159	0.19742
7.2417	0.20217
7.2674	0.21403
7.2932	0.22896
7.319	0.22919
7.3447	0.23154
7.3705	0.23953
7.3963	0.23602
7.422	0.23013
7.4478	0.22997
7.4736	0.23911
7.4994	0.23634
7.5251	0.24132
7.5509	0.24326
7.5767	0.23835
7.6024	0.2374
7.6282	0.24232
7.654	0.23677
7.6798	0.24257
7.7055	0.24228
7.7313	0.23103
7.7571	0.23578
7.7828	0.23191
7.8086	0.22631
7.8344	0.23226
7.8602	0.22814
7.8859	0.22577
7.9117	0.21012
7.9375	0.21237
7.9632	0.22119
7.989	0.21107
8.0148	0.20794
8.0406	0.21168
8.0663	0.19907
8.0921	0.20097
8.1179	0.19568
8.1436	0.19518
8.1694	0.1938
8.1952	0.18338
8.2209	0.18149
8.2467	0.17316
8.2725	0.17055
8.2983	0.16966
8.324	0.16216
8.3498	0.15799
8.3756	0.15827
8.4013	0.15638
8.4271	0.1536
8.4529	0.14766
8.4787	0.14086
8.5044	0.13801
8.5302	0.14178
8.556	0.13942
8.5817	0.12838
8.6075	0.13028
8.6333	0.13602
8.6591	0.12429
8.6848	0.12536
8.7106	0.12315
8.7364	0.12247
8.7621	0.11727
8.7879	0.11838
8.8137	0.11517
8.8395	0.1145
8.8652	0.11551
8.891	0.10943
8.9168	0.109
8.9425	0.10678
8.9683	0.10681
8.9941	0.11276
9.0198	0.10387
9.0456	0.10317
9.0714	0.10217
9.0972	0.10266
9.1229	0.10123
9.1487	0.10441
9.1745	0.09678
9.2002	0.099503
9.226	0.10243
9.2518	0.10069
9.2776	0.095265
9.3033	0.092826
9.3291	0.10584
9.3549	0.096299
9.3806	0.09845
9.4064	0.099502
9.4322	0.09106
9.458	0.09969
9.4837	0.09181
9.5095	0.096657
9.5353	0.094468
9.561	0.098307
9.5868	0.09786
9.6126	0.099397
9.6384	0.094171
9.6641	0.093371
9.6899	0.093188
9.7157	0.096617
9.7414	0.093226
9.7672	0.10283
9.793	0.094967
9.8188	0.10355
9.8445	0.099098
9.8703	0.10272
9.8961	0.097277
9.9218	0.098787
9.9476	0.098321
9.9734	0.098182
9.9991	0.10248
10.025	0.10004
10.051	0.098696
10.076	0.10069
10.102	0.10263
10.128	0.10396
10.154	0.10399
10.18	0.10401
10.205	0.10357
10.231	0.10824
10.257	0.10328
10.283	0.1072
10.308	0.11174
10.334	0.1081
10.36	0.10952
10.386	0.11006
10.411	0.11163
10.437	0.11027
10.463	0.11662
10.489	0.11414
10.515	0.11548
10.54	0.1134
10.566	0.11309
10.592	0.11771
10.618	0.12077
10.643	0.11354
10.669	0.12197
10.695	0.12307
10.721	0.12455
10.747	0.12548
10.772	0.12616
10.798	0.1242
10.824	0.12642
10.85	0.13021
10.875	0.12234
10.901	0.12575
10.927	0.12721
10.953	0.1255
10.978	0.12381
11.004	0.12538
11.03	0.1245
11.056	0.13227
11.082	0.12982
11.107	0.12678
11.133	0.13007
11.159	0.13437
11.185	0.13298
11.21	0.13457
11.236	0.13869
11.262	0.13802
11.288	0.13193
11.313	0.13543
11.339	0.13741
11.365	0.13306
11.391	0.1341
11.417	0.13613
11.442	0.13278
11.468	0.13764
11.494	0.14165
11.52	0.14021
11.545	0.13616
11.571	0.14187
11.597	0.14092
11.623	0.14271
11.648	0.13664
11.674	0.13871
11.7	0.13731
11.726	0.14177
11.752	0.14096
11.777	0.14065
11.803	0.14031
11.829	0.14084
11.855	0.14328
11.88	0.14453
11.906	0.13787
11.932	0.14304
11.958	0.14365
11.984	0.15127
12.009	0.14198
12.035	0.14318
12.061	0.14308
12.087	0.15117
12.112	0.1485
12.138	0.1498
12.164	0.14876
12.19	0.1533
12.215	0.14908
12.241	0.15248
12.267	0.14802
12.293	0.15127
12.319	0.14923
12.344	0.14627
12.37	0.15066
12.396	0.15507
12.422	0.15572
12.447	0.15782
12.473	0.16035
12.499	0.15602
12.525	0.15478
12.55	0.15681
12.576	0.15612
12.602	0.15847
12.628	0.15332
12.654	0.15394
12.679	0.15565
12.705	0.15273
12.731	0.15777
12.757	0.157
12.782	0.15993
12.808	0.1558
12.834	0.16093
12.86	0.15864
12.885	0.16346
12.911	0.15337
12.937	0.15611
12.963	0.1537
12.989	0.1561
13.014	0.15678
13.04	0.15828
13.066	0.15744
13.092	0.15892
13.117	0.16022
13.143	0.16192
13.169	0.15531
13.195	0.15768
13.221	0.15846
13.246	0.16111
13.272	0.16375
13.298	0.16155
13.324	0.16063
13.349	0.17006
13.375	0.16241
13.401	0.16735
13.427	0.15951
13.452	0.16137
13.478	0.16357
13.504	0.16342
13.53	0.16633
13.556	0.16444
13.581	0.16201
13.607	0.1639
13.633	0.15944
13.659	0.16607
13.684	0.17109
13.71	0.16627
13.736	0.16253
13.762	0.16217
13.787	0.16189
13.813	0.16873
13.839	0.16823
13.865	0.16471
13.891	0.16361
13.916	0.1671
13.942	0.17305
13.968	0.1685
13.994	0.15986
14.019	0.16808
14.045	0.16892
14.071	0.17125
14.097	0.17467
14.123	0.17377
14.148	0.17161
14.174	0.17207
14.2	0.17313
14.226	0.17384
14.251	0.17345
14.277	0.17367
14.303	0.17035
14.329	0.17205
14.354	0.17323
14.38	0.17067
14.406	0.17885
14.432	0.17665
14.458	0.17111
14.483	0.17111
14.509	0.17059
14.535	0.1765
14.561	0.17354
14.586	0.17676
14.612	0.17838
14.638	0.17739
14.664	0.1802
14.689	0.17509
14.715	0.17707
14.741	0.17163
14.767	0.17495
14.793	0.18393
14.818	0.17676
14.844	0.17327
14.87	0.16837
14.896	0.18183
14.921	0.18255
14.947	0.1706
14.973	0.17859
14.999	0.17377
15.024	0.18089
15.05	0.17914
15.076	0.17182
15.102	0.18189
15.128	0.18005
15.153	0.17808
15.179	0.17155
15.205	0.18406
15.231	0.17794
15.256	0.17414
15.282	0.18569
15.308	0.17863
15.334	0.17969
15.36	0.18414
15.385	0.18722
15.411	0.18199
15.437	0.18205
15.463	0.18488
15.488	0.18292
15.514	0.18135
15.54	0.18262
15.566	0.18328
15.591	0.18462
15.617	0.18025
15.643	0.18735
15.669	0.18592
15.695	0.18455
15.72	0.18222
15.746	0.18497
15.772	0.19152
15.798	0.18476
15.823	0.18402
15.849	0.18455
15.875	0.18706
15.901	0.18444
15.926	0.1873
15.952	0.18088
15.978	0.1851
16.004	0.19085
16.03	0.19045
16.055	0.18924
16.081	0.18904
16.107	0.19845
16.133	0.19263
16.158	0.18717
16.184	0.1904
16.21	0.18705
16.236	0.18693
16.262	0.18917
16.287	0.19509
16.313	0.19454
16.339	0.20064
16.365	0.18832
16.39	0.18813
16.416	0.19044
16.442	0.19187
16.468	0.19093
16.493	0.19601
16.519	0.196
16.545	0.19127
16.571	0.19331
16.597	0.19551
16.622	0.1983
16.648	0.18906
16.674	0.19301
16.7	0.1932
16.725	0.19955
16.751	0.18965
16.777	0.19401
16.803	0.1947
16.828	0.19117
16.854	0.19284
16.88	0.1988
16.906	0.1954
16.932	0.20618
16.957	0.19513
16.983	0.19336
17.009	0.19839
17.035	0.19309
17.06	0.19869
17.086	0.20269
17.112	0.19985
17.138	0.19534
17.163	0.20092
17.189	0.1931
17.215	0.19711
17.241	0.19257
17.267	0.19716
17.292	0.20119
17.318	0.20013
17.344	0.20061
17.37	0.19631
17.395	0.18675
17.421	0.19479
17.447	0.19912
17.473	0.20149
17.499	0.20159
17.524	0.19551
17.55	0.19394
17.576	0.19899
17.602	0.19248
17.627	0.19452
17.653	0.19631
17.679	0.19425
17.705	0.19276
17.73	0.19573
17.756	0.193
17.782	0.19629
17.808	0.19111
17.834	0.19384
17.859	0.19764
17.885	0.19515
17.911	0.19542
17.937	0.19392
17.962	0.20552
17.988	0.19809
18.014	0.19911
18.04	0.19925
18.065	0.19564
18.091	0.19096
18.117	0.19854
18.143	0.19194
18.169	0.18843
18.194	0.18828
18.22	0.1976
18.246	0.19717
18.272	0.19626
18.297	0.19201
18.323	0.1904
18.349	0.18864
18.375	0.19581
18.4	0.19263
18.426	0.19958
18.452	0.1943
18.478	0.19676
18.504	0.19219
18.529	0.19234
18.555	0.19442
18.581	0.1946
18.607	0.19406
18.632	0.1942
18.658	0.19215
18.684	0.19591
18.71	0.19858
18.736	0.20517
18.761	0.19515
18.787	0.19409
18.813	0.18799
18.839	0.20056
18.864	0.19533
18.89	0.19902
18.916	0.20077
18.942	0.19631
18.967	0.19737
18.993	0.19875
19.019	0.19127
19.045	0.19181
19.071	0.19087
19.096	0.19098
19.122	0.19902
19.148	0.19569
19.174	0.19638
19.199	0.19771
19.225	0.19649
19.251	0.19396
19.277	0.19798
19.302	0.19403
19.328	0.20087
19.354	0.19842
19.38	0.19873
19.406	0.20247
19.431	0.19546
19.457	0.19337
19.483	0.19545
19.509	0.19438
19.534	0.19539
19.56	0.19363
19.586	0.19841
19.612	0.19676
19.638	0.19887
19.663	0.19266
19.689	0.20533
19.715	0.19118
19.741	0.19578
19.766	0.19869
19.792	0.19658
19.818	0.19445
19.844	0.1899
19.869	0.19191
19.895	0.19351
19.921	0.20302
19.947	0.1949
19.973	0.19527
19.998	0.19381
20.024	0.19634
20.05	0.19703
20.076	0.19031
20.101	0.19689
20.127	0.19637
20.153	0.19115
20.179	0.19448
20.204	0.19736
20.23	0.18969
20.256	0.19291
20.282	0.19431
20.308	0.19813
20.333	0.19546
20.359	0.19621
20.385	0.19265
20.411	0.19601
20.436	0.18935
20.462	0.19653
20.488	0.19843
20.514	0.18854
20.539	0.20088
20.565	0.19232
20.591	0.18785
20.617	0.1942
20.643	0.19006
20.668	0.18787
20.694	0.1933
20.72	0.18458
20.746	0.19386
20.771	0.18863
20.797	0.19166
20.823	0.19499
20.849	0.18916
20.875	0.1864
20.9	0.19154
20.926	0.18888
20.952	0.18835
20.978	0.19765
21.003	0.18976
21.029	0.19125
21.055	0.1879
21.081	0.18632
21.106	0.19179
21.132	0.19122
21.158	0.18197
21.184	0.19189
21.21	0.18698
21.235	0.18568
21.261	0.18929
21.287	0.18228
21.313	0.18736
21.338	0.18466
21.364	0.1834
21.39	0.18876
21.416	0.18215
21.441	0.18737
21.467	0.18637
21.493	0.18884
21.519	0.18355
21.545	0.18432
21.57	0.18599
21.596	0.18458
21.622	0.18351
21.648	0.18087
21.673	0.18757
21.699	0.18219
21.725	0.18816
21.751	0.1855
21.776	0.18757
21.802	0.19363
21.828	0.18799
21.854	0.18168
21.88	0.19035
21.905	0.17978
21.931	0.19122
21.957	0.18154
21.983	0.18257
22.008	0.17449
22.034	0.19142
22.06	0.17794
22.086	0.17937
22.112	0.18329
22.137	0.18621
22.163	0.17879
22.189	0.18217
22.215	0.17988
22.24	0.18205
22.266	0.18244
22.292	0.18139
22.318	0.17833
22.343	0.18483
22.369	0.18056
22.395	0.1788
22.421	0.17314
22.447	0.1782
22.472	0.18021
22.498	0.18049
22.524	0.17607
22.55	0.18027
22.575	0.17409
22.601	0.17233
22.627	0.17765
22.653	0.17241
22.678	0.16859
22.704	0.16989
22.73	0.17428
22.756	0.17336
22.782	0.17426
22.807	0.16643
22.833	0.17457
22.859	0.17546
22.885	0.17218
22.91	0.16612
22.936	0.16829
22.962	0.17266
22.988	0.17135
23.014	0.17112
23.039	0.173
23.065	0.17264
23.091	0.16579
23.117	0.17397
23.142	0.16771
23.168	0.16822
23.194	0.17166
23.22	0.16869
23.245	0.16742
23.271	0.16888
23.297	0.17557
23.323	0.16904
23.349	0.16668
23.374	0.16851
23.4	0.16248
23.426	0.16714
23.452	0.1645
23.477	0.16258
23.503	0.17081
23.529	0.17307
23.555	0.16798
23.58	0.16248
23.606	0.16292
23.632	0.16517
23.658	0.15414
23.684	0.16419
23.709	0.16501
23.735	0.15563
23.761	0.1622
23.787	0.16097
23.812	0.15766
23.838	0.15657
23.864	0.16538
23.89	0.15045
23.915	0.15872
23.941	0.16083
23.967	0.1596
23.993	0.16489
24.019	0.15427
24.044	0.16193
24.07	0.16127
24.096	0.1645
24.122	0.15854
24.147	0.15769
24.173	0.15559
24.199	0.15412
24.225	0.15362
24.251	0.15491
24.276	0.15001
24.302	0.15657
24.328	0.15373
24.354	0.15562
24.379	0.15644
24.405	0.15597
24.431	0.15531
24.457	0.15622
24.482	0.15278
24.508	0.15268
24.534	0.1546
24.56	0.15004
24.586	0.14905
24.611	0.16008
24.637	0.14964
24.663	0.15059
24.689	0.14955
24.714	0.14519
24.74	0.14546
24.766	0.14769
24.792	0.14796
24.817	0.15355
24.843	0.1488
24.869	0.14814
24.895	0.14695
24.921	0.15014
24.946	0.14491
24.972	0.14633
24.998	0.14521
25.024	0.1475
25.049	0.14117
25.075	0.14555
25.101	0.14701
25.127	0.14677
25.152	0.1411
25.178	0.14332
25.204	0.14689
25.23	0.14677
25.256	0.14426
25.281	0.14522
25.307	0.14237
25.333	0.14328
25.359	0.14552
25.384	0.14274
25.41	0.13769
25.436	0.14475
25.462	0.1464
25.488	0.14709
25.513	0.14352
25.539	0.14241
25.565	0.13891
25.591	0.14356
25.616	0.13891
25.642	0.14557
25.668	0.14138
25.694	0.14513
25.719	0.13927
25.745	0.14156
25.771	0.14477
25.797	0.14089
25.823	0.13886
25.848	0.1382
25.874	0.13869
25.9	0.13684
25.926	0.14009
25.951	0.13559
25.977	0.13881
26.003	0.14003
26.029	0.14399
26.054	0.13485
26.08	0.13607
26.106	0.13872
26.132	0.13924
26.158	0.13761
26.183	0.13395
26.209	0.13545
26.235	0.13444
26.261	0.12429
26.286	0.13905
26.312	0.13634
26.338	0.13337
26.364	0.13583
26.39	0.13495
26.415	0.13269
26.441	0.13419
26.467	0.12663
26.493	0.13427
26.518	0.13118
26.544	0.13889
26.57	0.13319
26.596	0.13717
26.621	0.12962
26.647	0.12891
26.673	0.13313
26.699	0.13121
26.725	0.12954
26.75	0.12803
26.776	0.12531
26.802	0.1278
26.828	0.12587
26.853	0.13152
26.879	0.13291
26.905	0.12669
26.931	0.13465
26.956	0.12597
26.982	0.12405
27.008	0.12232
27.034	0.12244
27.06	0.12719
27.085	0.12958
27.111	0.13051
27.137	0.12513
27.163	0.12333
27.188	0.12574
27.214	0.12765
27.24	0.12486
27.266	0.12263
27.291	0.12078
27.317	0.12609
27.343	0.12532
27.369	0.1276
27.395	0.12211
27.42	0.1224
27.446	0.12027
27.472	0.12003
27.498	0.12106
27.523	0.12047
27.549	0.12651
27.575	0.12063
27.601	0.12138
27.627	0.12048
27.652	0.11854
27.678	0.12087
27.704	0.11689
27.73	0.12196
27.755	0.1171
27.781	0.11978
27.807	0.11724
27.833	0.12359
27.858	0.1179
27.884	0.1199
27.91	0.11882
27.936	0.12474
27.962	0.11821
27.987	0.12298
28.013	0.12058
28.039	0.1176
28.065	0.11529
28.09	0.11538
28.116	0.11557
28.142	0.11582
28.168	0.12046
28.193	0.11424
28.219	0.11489
28.245	0.11348
28.271	0.11405
28.297	0.11845
28.322	0.11112
28.348	0.11474
28.374	0.11141
28.4	0.11304
28.425	0.11039
28.451	0.11065
28.477	0.11109
28.503	0.10704
28.528	0.11172
28.554	0.10961
28.58	0.11343
28.606	0.10897
28.632	0.11347
28.657	0.11123
28.683	0.1116
28.709	0.11174
28.735	0.11271
28.76	0.11324
28.786	0.11046
28.812	0.10827
28.838	0.11457
28.864	0.1094
28.889	0.10882
28.915	0.10779
28.941	0.10855
28.967	0.11024
28.992	0.10218
29.018	0.10778
29.044	0.10662
29.07	0.10291
29.095	0.1054
29.121	0.099879
29.147	0.10267
29.173	0.10305
29.199	0.10892
29.224	0.11276
29.25	0.10892
29.276	0.10192
29.302	0.1036
29.327	0.10303
29.353	0.10113
29.379	0.10741
29.405	0.10035
29.43	0.10426
29.456	0.10208
29.482	0.097164
29.508	0.10229
29.534	0.098553
29.559	0.10379
29.585	0.096401
29.611	0.10034
29.637	0.10106
29.662	0.10146
29.688	0.10439
29.714	0.097557
29.74	0.097562
29.766	0.10125
29.791	0.09879
29.817	0.098972
29.843	0.097511
29.869	0.096218
29.894	0.098297
29.92	0.10182
29.946	0.096275
29.972	0.096589
29.997	0.097789
30.023	0.097489
30.049	0.10207
30.075	0.097686
30.101	0.096955
30.126	0.094707
30.152	0.097513
30.178	0.093733
30.204	0.092653
30.229	0.09224
30.255	0.09914
30.281	0.092644
30.307	0.091463
30.332	0.092429
30.358	0.093116
30.384	0.089488
30.41	0.09945
30.436	0.093498
30.461	0.092788
30.487	0.092896
30.513	0.090788
30.539	0.090971
30.564	0.092488
30.59	0.095794
30.616	0.090025
30.642	0.096097
30.667	0.090098
30.693	0.092139
30.719	0.092718
30.745	0.095562
30.771	0.084128
30.796	0.090623
30.822	0.086112
30.848	0.094204
30.874	0.091005
30.899	0.093184
30.925	0.087599
30.951	0.091826
30.977	0.087841
31.003	0.086867
31.028	0.090415
31.054	0.090754
31.08	0.088207
31.106	0.085638
31.131	0.085345
31.157	0.083481
31.183	0.088147
31.209	0.089645
31.234	0.086819
31.26	0.087342
31.286	0.085782
31.312	0.087154
31.338	0.088105
31.363	0.083732
31.389	0.08751
31.415	0.086492
31.441	0.083294
31.466	0.082785
31.492	0.08791
31.518	0.082298
31.544	0.083967
31.569	0.083958
31.595	0.086452
31.621	0.085779
31.647	0.083107
31.673	0.083201
31.698	0.087746
31.724	0.082649
31.75	0.079975
31.776	0.085169
31.801	0.083088
31.827	0.084156
31.853	0.083281
31.879	0.080524
31.904	0.083293
31.93	0.083024
31.956	0.084954
31.982	0.083104
32.008	0.080076
32.033	0.080785
32.059	0.083586
32.085	0.077975
32.111	0.077751
32.136	0.082159
32.162	0.081109
32.188	0.077165
32.214	0.079562
32.24	0.084332
32.265	0.07702
32.291	0.080776
32.317	0.076527
32.343	0.080927
32.368	0.081881
32.394	0.075942
32.42	0.076707
32.446	0.074869
32.471	0.077926
32.497	0.076314
32.523	0.079012
32.549	0.079386
32.575	0.081936
32.6	0.07417
32.626	0.078277
32.652	0.078376
32.678	0.079608
32.703	0.076062
32.729	0.076235
32.755	0.078511
32.781	0.076191
32.806	0.080244
32.832	0.075814
32.858	0.076945
32.884	0.077412
32.91	0.073937
32.935	0.073116
32.961	0.078319
32.987	0.077788
33.013	0.079104
33.038	0.07416
33.064	0.075521
33.09	0.074059
33.116	0.072882
33.142	0.075245
33.167	0.072951
33.193	0.077569
33.219	0.07606
33.245	0.072986
33.27	0.076572
33.296	0.077883
33.322	0.07171
33.348	0.072388
33.373	0.07218
33.399	0.071473
33.425	0.071887
33.451	0.07173
33.477	0.067853
33.502	0.071689
33.528	0.070365
33.554	0.072215
33.58	0.072957
33.605	0.07529
33.631	0.074189
33.657	0.072198
33.683	0.072442
33.708	0.064535
33.734	0.067261
33.76	0.070225
33.786	0.0704
33.812	0.070639
33.837	0.07399
33.863	0.064822
33.889	0.071865
33.915	0.070868
33.94	0.073606
33.966	0.068105
33.992	0.072912
34.018	0.069975
34.043	0.070133
34.069	0.06849
34.095	0.069161
34.121	0.066041
34.147	0.064954
34.172	0.068009
34.198	0.071197
34.224	0.068101
34.25	0.070389
34.275	0.071647
34.301	0.066706
34.327	0.067768
34.353	0.072084
34.379	0.065285
34.404	0.06723
34.43	0.067089
34.456	0.066
34.482	0.0672
34.507	0.066899
34.533	0.068053
34.559	0.06866
34.585	0.068927
34.61	0.069313
34.636	0.064082
34.662	0.062219
34.688	0.068408
34.714	0.067495
34.739	0.063841
34.765	0.065695
34.791	0.065518
34.817	0.068872
34.842	0.068582
34.868	0.069135
34.894	0.060367
34.92	0.064932
34.945	0.065953
34.971	0.062786
34.997	0.066044
35.023	0.063131
35.049	0.061954
35.074	0.06294
35.1	0.064584
35.126	0.064505
35.152	0.061286
35.177	0.065986
35.203	0.065913
35.229	0.065816
35.255	0.065144
35.28	0.061594
35.306	0.059177
35.332	0.067157
35.358	0.060672
35.384	0.058592
35.409	0.062536
35.435	0.062124
35.461	0.061626
35.487	0.061652
35.512	0.062532
35.538	0.059298
35.564	0.059009
35.59	0.059984
35.616	0.062278
35.641	0.061235
35.667	0.063349
35.693	0.065074
35.719	0.062257
35.744	0.061526
35.77	0.062728
35.796	0.058137
35.822	0.064257
35.847	0.060929
35.873	0.058232
35.899	0.058766
35.925	0.058121
35.951	0.061642
35.976	0.063001
36.002	0.0596
36.028	0.060849
36.054	0.059838
36.079	0.057553
36.105	0.058864
36.131	0.056838
36.157	0.058243
36.182	0.061952
36.208	0.055245
36.234	0.058605
36.26	0.058257
36.286	0.055128
36.311	0.05814
36.337	0.063293
36.363	0.062007
36.389	0.059951
36.414	0.059565
36.44	0.057016
36.466	0.05651
36.492	0.059178
36.518	0.055785
36.543	0.056525
36.569	0.05414
36.595	0.057039
36.621	0.055246
36.646	0.055776
36.672	0.057482
36.698	0.05154
36.724	0.058594
36.749	0.05607
36.775	0.052529
36.801	0.055871
36.827	0.054574
36.853	0.048982
36.878	0.056583
36.904	0.055783
36.93	0.056898
36.956	0.053382
36.981	0.060066
37.007	0.057013
37.033	0.05109
37.059	0.052789
37.084	0.058028
37.11	0.050784
37.136	0.050242
37.162	0.052007
37.188	0.051306
37.213	0.05116
37.239	0.052076
37.265	0.055552
37.291	0.057641
37.316	0.050723
37.342	0.055814
37.368	0.05335
37.394	0.052233
37.419	0.053507
37.445	0.051625
37.471	0.053949
37.497	0.056865
37.523	0.052074
37.548	0.058133
37.574	0.052012
37.6	0.053164
37.626	0.052031
37.651	0.05253
37.677	0.053779
37.703	0.056965
37.729	0.051667
37.755	0.052042
37.78	0.051224
37.806	0.053471
37.832	0.053033
37.858	0.052352
37.883	0.054826
37.909	0.050667
37.935	0.053699
37.961	0.053103
37.986	0.047241
38.012	0.054752
38.038	0.047884
38.064	0.049508
38.09	0.052314
38.115	0.051315
38.141	0.050174
38.167	0.05228
38.193	0.046688
38.218	0.051479
38.244	0.049417
38.27	0.045266
38.296	0.052734
38.321	0.045664
38.347	0.048372
38.373	0.050867
38.399	0.046961
38.425	0.052419
38.45	0.054197
38.476	0.052531
38.502	0.045888
38.528	0.049287
38.553	0.050711
38.579	0.049155
38.605	0.048435
38.631	0.04708
38.656	0.047844
38.682	0.048233
38.708	0.048633
38.734	0.047791
38.76	0.046638
38.785	0.047453
38.811	0.04474
38.837	0.048457
38.863	0.046218
38.888	0.046196
38.914	0.052646
38.94	0.048309
38.966	0.051728
38.992	0.04535
39.017	0.046839
39.043	0.044532
39.069	0.047614
39.095	0.045435
39.12	0.047192
39.146	0.047805
39.172	0.046439
39.198	0.04733
39.223	0.048559
39.249	0.041971
39.275	0.048549
39.301	0.049465
39.327	0.048365
39.352	0.044573
39.378	0.046525
39.404	0.046757
39.43	0.048148
39.455	0.047975
39.481	0.048482
39.507	0.046304
39.533	0.042742
39.558	0.045709
39.584	0.044373
39.61	0.047373
39.636	0.044639
39.662	0.043764
39.687	0.049816
39.713	0.045977
39.739	0.047782
39.765	0.044029
39.79	0.045097
39.816	0.04626
39.842	0.045124
39.868	0.04524
39.894	0.043351
39.919	0.049134
39.945	0.044142
39.971	0.044703
39.997	0.043161
40.022	0.044148
40.048	0.043306
40.074	0.042322
40.1	0.042702
40.125	0.041006
40.151	0.045199
40.177	0.044261
40.203	0.044176
40.229	0.045978
40.254	0.044009
40.28	0.045686
40.306	0.043535
40.332	0.042134
40.357	0.041192
40.383	0.043498
40.409	0.042994
40.435	0.043869
40.46	0.043481
40.486	0.043187
40.512	0.042957
40.538	0.040739
40.564	0.040534
40.589	0.044889
40.615	0.042658
40.641	0.040137
40.667	0.04526
40.692	0.041685
40.718	0.041784
40.744	0.044619
40.77	0.043028
40.795	0.041666
40.821	0.040801
40.847	0.042383
40.873	0.04445
40.899	0.042367
40.924	0.042967
40.95	0.03921
40.976	0.039764
41.002	0.044284
41.027	0.040935
41.053	0.041359
41.079	0.041299
41.105	0.039243
41.131	0.041877
41.156	0.043497
41.182	0.039212
41.208	0.041034
41.234	0.038841
41.259	0.041894
41.285	0.037664
41.311	0.038812
41.337	0.039209
41.362	0.036504
41.388	0.041391
41.414	0.037998
41.44	0.038524
41.466	0.040022
41.491	0.040322
41.517	0.039566
41.543	0.037847
41.569	0.035898
41.594	0.039409
41.62	0.037108
41.646	0.03868
41.672	0.038485
41.697	0.034563
41.723	0.037265
41.749	0.039633
41.775	0.039704
41.801	0.039885
41.826	0.038644
41.852	0.035751
41.878	0.036159
41.904	0.037187
41.929	0.039481
41.955	0.037043
41.981	0.036314
42.007	0.036921
42.033	0.034909
42.058	0.037719
42.084	0.035422
42.11	0.035019
42.136	0.038691
42.161	0.036703
42.187	0.040032
42.213	0.037303
42.239	0.034645
42.264	0.034487
42.29	0.033132
42.316	0.037534
42.342	0.034708
42.368	0.036051
42.393	0.035855
42.419	0.035527
42.445	0.038266
42.471	0.042583
42.496	0.040479
42.522	0.034335
42.548	0.040903
42.574	0.034958
42.599	0.03572
42.625	0.034106
42.651	0.035918
42.677	0.036552
42.703	0.035324
42.728	0.035075
42.754	0.033304
42.78	0.033935
42.806	0.037233
42.831	0.033398
42.857	0.038288
42.883	0.038001
42.909	0.032187
42.934	0.035269
42.96	0.033807
42.986	0.035444
43.012	0.030896
43.038	0.035008
43.063	0.035515
43.089	0.034343
43.115	0.035699
43.141	0.035214
43.166	0.036053
43.192	0.032037
43.218	0.034342
43.244	0.035244
43.27	0.034704
43.295	0.032233
43.321	0.034415
43.347	0.033421
43.373	0.033996
43.398	0.033072
43.424	0.031851
43.45	0.033742
43.476	0.035874
43.501	0.03617
43.527	0.034531
43.553	0.035157
43.579	0.034153
43.605	0.03181
43.63	0.033338
43.656	0.034736
43.682	0.034798
43.708	0.034194
43.733	0.031487
43.759	0.034094
43.785	0.034129
43.811	0.031056
43.836	0.031428
43.862	0.033558
43.888	0.034296
43.914	0.03145
43.94	0.032269
43.965	0.033881
43.991	0.033089
44.017	0.032087
44.043	0.032686
44.068	0.030977
44.094	0.031922
44.12	0.030628
44.146	0.031734
44.171	0.032533
44.197	0.034193
44.223	0.033828
44.249	0.032811
44.275	0.034269
44.3	0.032671
44.326	0.034015
44.352	0.033751
44.378	0.030289
44.403	0.032445
44.429	0.032614
44.455	0.03102
44.481	0.029693
44.507	0.029778
44.532	0.033754
44.558	0.030113
44.584	0.031333
44.61	0.02835
44.635	0.030166
44.661	0.030572
44.687	0.029697
44.713	0.031178
44.738	0.03083
44.764	0.029542
44.79	0.029925
44.816	0.033505
44.842	0.030575
44.867	0.028036
44.893	0.028995
44.919	0.030748
44.945	0.031533
44.97	0.032522
44.996	0.033195
45.022	0.03196
45.048	0.029876
45.073	0.030346
45.099	0.033329
45.125	0.029228
45.151	0.031787
45.177	0.028354
45.202	0.029866
45.228	0.02762
45.254	0.03042
45.28	0.031367
45.305	0.029284
45.331	0.028274
45.357	0.030776
45.383	0.028465
45.409	0.027695
45.434	0.030033
45.46	0.028341
45.486	0.02695
45.512	0.030498
45.537	0.032201
45.563	0.031625
45.589	0.030297
45.615	0.032048
45.64	0.028611
45.666	0.029691
45.692	0.027811
45.718	0.026875
45.744	0.026349
45.769	0.029074
45.795	0.027911
45.821	0.025677
45.847	0.025739
45.872	0.032209
45.898	0.030233
45.924	0.029642
45.95	0.031858
45.975	0.030371
46.001	0.028425
46.027	0.025925
46.053	0.027652
46.079	0.028107
46.104	0.030537
46.13	0.02823
46.156	0.026349
46.182	0.03048
46.207	0.029028
46.233	0.030241
46.259	0.028199
46.285	0.026569
46.31	0.028357
46.336	0.025596
46.362	0.03101
46.388	0.027645
46.414	0.027938
46.439	0.027185
46.465	0.029153
46.491	0.02562
46.517	0.027311
46.542	0.027661
46.568	0.02515
46.594	0.027645
46.62	0.028092
46.646	0.027048
46.671	0.02847
46.697	0.024412
46.723	0.026724
46.749	0.025844
46.774	0.026157
46.8	0.027352
46.826	0.024108
46.852	0.025827
46.877	0.025806
46.903	0.02551
46.929	0.021873
46.955	0.026593
46.981	0.028493
47.006	0.026794
47.032	0.027179
47.058	0.026139
47.084	0.024123
47.109	0.026664
47.135	0.027042
47.161	0.027255
47.187	0.024751
47.212	0.024888
47.238	0.024151
47.264	0.028218
47.29	0.025106
47.316	0.027594
47.341	0.027049
47.367	0.025449
47.393	0.023395
47.419	0.025272
47.444	0.027006
47.47	0.0255
47.496	0.026037
47.522	0.026063
47.547	0.023848
47.573	0.026677
47.599	0.029438
47.625	0.02571
47.651	0.024561
47.676	0.025466
47.702	0.023408
47.728	0.02523
47.754	0.026906
47.779	0.025644
47.805	0.025321
47.831	0.022978
47.857	0.026315
47.883	0.025918
47.908	0.025168
47.934	0.023984
47.96	0.022208
47.986	0.024592
48.011	0.024798
48.037	0.023737
48.063	0.024897
48.089	0.022777
48.114	0.024186
48.14	0.021314
48.166	0.020883
48.192	0.025511
48.218	0.023818
48.243	0.022766
48.269	0.022697
48.295	0.023983
48.321	0.021501
48.346	0.022491
48.372	0.022484
48.398	0.021137
48.424	0.023906
48.449	0.023741
48.475	0.025084
48.501	0.022878
48.527	0.023738
48.553	0.0237
48.578	0.021693
48.604	0.022848
48.63	0.023235
48.656	0.020671
48.681	0.022006
48.707	0.022786
48.733	0.022713
48.759	0.023777
48.785	0.024407
48.81	0.024035
48.836	0.022206
48.862	0.024105
48.888	0.022644
48.913	0.022265
48.939	0.021496
48.965	0.02252
48.991	0.022921
49.016	0.02422
49.042	0.022619
49.068	0.022937
49.094	0.022075
49.12	0.023644
49.145	0.022433
49.171	0.020889
49.197	0.02019
49.223	0.022108
49.248	0.022629
49.274	0.024736
49.3	0.022614
49.326	0.021674
49.351	0.020973
49.377	0.02077
49.403	0.022718
49.429	0.02694
49.455	0.024006
49.48	0.02261
49.506	0.020647
49.532	0.021646
49.558	0.021584
49.583	0.022537
49.609	0.018789
49.635	0.022984
49.661	0.021729
49.686	0.019649
49.712	0.024086
49.738	0.02591
49.764	0.020285
49.79	0.021023
49.815	0.021822
49.841	0.019264
49.867	0.021284
49.893	0.022146
49.918	0.022478
49.944	0.022854
49.97	0.020569
49.996	0.020377
50.022	0.023352
50.047	0.026054
50.073	0.022041
50.099	0.022416
50.125	0.023281
50.15	0.021399
50.176	0.020379
50.202	0.021564
50.228	0.022539
50.253	0.019517
50.279	0.020219
50.305	0.019077
50.331	0.023486
50.357	0.019933
50.382	0.020883
50.408	0.020912
50.434	0.024181
50.46	0.019806
50.485	0.019604
50.511	0.019586
50.537	0.020897
50.563	0.020516
50.588	0.02198
50.614	0.018757
50.64	0.01973
50.666	0.019365
50.692	0.023581
50.717	0.020999
50.743	0.02087
50.769	0.019868
50.795	0.022628
50.82	0.017375
50.846	0.020993
50.872	0.020548
50.898	0.019417
50.923	0.019709
50.949	0.020999
50.975	0.01862
51.001	0.018438
51.027	0.019913
51.052	0.020732
51.078	0.020629
51.104	0.01969
51.13	0.019817
51.155	0.01965
51.181	0.019408
51.207	0.019785
51.233	0.020177
51.259	0.018697
51.284	0.021218
51.31	0.023298
51.336	0.019631
51.362	0.020204
51.387	0.020235
51.413	0.018526
51.439	0.020284
51.465	0.01766
51.49	0.01782
51.516	0.017988
51.542	0.019255
51.568	0.018199
51.594	0.020654
51.619	0.018459
51.645	0.017667
51.671	0.020073
51.697	0.018864
51.722	0.018432
51.748	0.022099
51.774	0.018041
51.8	0.020888
51.825	0.018846
51.851	0.018238
51.877	0.018114
51.903	0.02093
51.929	0.019547
51.954	0.020307
51.98	0.018827
52.006	0.018312
52.032	0.020458
52.057	0.017787
52.083	0.019263
52.109	0.01975
52.135	0.018236
52.161	0.020055
52.186	0.01887
52.212	0.020728
52.238	0.017288
52.264	0.020031
52.289	0.018947
52.315	0.020683
52.341	0.017449
52.367	0.018705
52.392	0.017805
52.418	0.018208
52.444	0.018219
52.47	0.016727
52.496	0.016177
52.521	0.020977
52.547	0.023239
52.573	0.01828
52.599	0.020688
52.624	0.019164
52.65	0.016043
52.676	0.017449
52.702	0.021147
52.727	0.017228
52.753	0.017934
52.779	0.017671
52.805	0.016431
52.831	0.017847
52.856	0.016822
52.882	0.019335
52.908	0.020331
52.934	0.016392
52.959	0.018114
52.985	0.018644
53.011	0.017437
53.037	0.019201
53.062	0.0164
53.088	0.01706
53.114	0.01836
53.14	0.016319
53.166	0.017105
53.191	0.01822
53.217	0.017454
53.243	0.018458
53.269	0.017416
53.294	0.01649
53.32	0.018622
53.346	0.018932
53.372	0.01506
53.398	0.017975
53.423	0.017666
53.449	0.017696
53.475	0.016879
53.501	0.016812
53.526	0.018333
53.552	0.015298
53.578	0.01608
53.604	0.016157
53.629	0.015686
53.655	0.019088
53.681	0.014289
53.707	0.018466
53.733	0.017074
53.758	0.01798
53.784	0.017784
53.81	0.016832
53.836	0.016786
53.861	0.017205
53.887	0.015669
53.913	0.016329
53.939	0.015822
53.964	0.018212
53.99	0.015793
54.016	0.016387
54.042	0.016888
54.068	0.017953
54.093	0.016407
54.119	0.017713
54.145	0.014846
54.171	0.014696
54.196	0.015869
54.222	0.016875
54.248	0.015971
54.274	0.017303
54.299	0.015863
54.325	0.015899
54.351	0.016184
54.377	0.015628
54.403	0.015237
54.428	0.018622
54.454	0.01642
54.48	0.019001
54.506	0.015143
54.531	0.019137
54.557	0.015505
54.583	0.015813
54.609	0.016611
54.635	0.014279
54.66	0.014201
54.686	0.016198
54.712	0.01466
54.738	0.014713
54.763	0.016226
54.789	0.018399
54.815	0.01415
54.841	0.014916
54.866	0.017601
54.892	0.014672
54.918	0.016156
54.944	0.016496
54.97	0.017607
54.995	0.015038
55.021	0.014824
55.047	0.014416
55.073	0.01521
55.098	0.015641
55.124	0.012783
55.15	0.017055
55.176	0.015013
55.201	0.016667
55.227	0.014685
55.253	0.015694
55.279	0.014809
55.305	0.014541
55.33	0.013662
55.356	0.01542
55.382	0.015411
55.408	0.013699
55.433	0.017263
55.459	0.016742
55.485	0.016078
55.511	0.015582
55.537	0.015899
55.562	0.016197
55.588	0.013336
55.614	0.013453
55.64	0.013007
55.665	0.014444
55.691	0.013582
55.717	0.01585
55.743	0.015146
55.768	0.015644
55.794	0.016425
55.82	0.015941
55.846	0.014044
55.872	0.01685
55.897	0.014778
55.923	0.015805
55.949	0.011737
55.975	0.013963
56	0.014532
56.026	0.015442
56.052	0.014682
56.078	0.013872
56.103	0.014596
56.129	0.015045
56.155	0.014097
56.181	0.015412
56.207	0.012622
56.232	0.014351
56.258	0.013661
56.284	0.013222
56.31	0.012981
56.335	0.012082
56.361	0.015025
56.387	0.014402
56.413	0.015001
56.438	0.013378
56.464	0.013046
56.49	0.013429
56.516	0.015269
56.542	0.014354
56.567	0.015023
56.593	0.013566
56.619	0.015605
56.645	0.01429
56.67	0.013299
56.696	0.014061
56.722	0.01492
56.748	0.014359
56.774	0.013535
56.799	0.011462
56.825	0.012646
56.851	0.012489
56.877	0.013148
56.902	0.013899
56.928	0.013241
56.954	0.013883
56.98	0.013578
57.005	0.014118
57.031	0.016772
57.057	0.01353
57.083	0.013168
57.109	0.013448
57.134	0.013834
57.16	0.013538
57.186	0.011532
57.212	0.012881
57.237	0.013973
57.263	0.013742
57.289	0.014763
57.315	0.014297
57.34	0.014419
57.366	0.010636
57.392	0.013597
57.418	0.014037
57.444	0.013115
57.469	0.010642
57.495	0.013286
57.521	0.013696
57.547	0.013655
57.572	0.013141
57.598	0.01105
57.624	0.013303
57.65	0.014057
57.675	0.0133
57.701	0.012174
57.727	0.012553
57.753	0.013537
57.779	0.01328
57.804	0.012917
57.83	0.012883
57.856	0.012787
57.882	0.013724
57.907	0.013061
57.933	0.012115
57.959	0.01218
57.985	0.012419
58.011	0.011726
58.036	0.013645
58.062	0.011457
58.088	0.011891
58.114	0.012816
58.139	0.012187
58.165	0.012509
58.191	0.012914
58.217	0.012216
58.242	0.013462
58.268	0.012009
58.294	0.011349
58.32	0.012505
58.346	0.012617
58.371	0.012944
58.397	0.016453
58.423	0.010518
58.449	0.012746
58.474	0.012953
58.5	0.012534
58.526	0.012315
58.552	0.013585
58.577	0.012767
58.603	0.013701
58.629	0.013112
58.655	0.010731
58.681	0.014102
58.706	0.012652
58.732	0.012029
58.758	0.011381
58.784	0.011192
58.809	0.012399
58.835	0.011418
58.861	0.01193
58.887	0.013527
58.913	0.012093
58.938	0.013392
58.964	0.012024
58.99	0.012548
59.016	0.013665
59.041	0.011897
59.067	0.012069
59.093	0.011681
59.119	0.013013
59.144	0.011754
59.17	0.011804
59.196	0.012136
59.222	0.011611
59.248	0.010529
59.273	0.012874
59.299	0.0099967
59.325	0.013234
59.351	0.011416
59.376	0.010873
59.402	0.0133
59.428	0.013067
59.454	0.011797
59.479	0.012025
59.505	0.011542
59.531	0.011228
59.557	0.013843
59.583	0.0133
59.608	0.011441
59.634	0.01058
59.66	0.012929
59.686	0.011702
59.711	0.012201
59.737	0.01092
59.763	0.0099347
59.789	0.011413
59.814	0.010868
59.84	0.012221
59.866	0.012427
59.892	0.01173
59.918	0.010794
59.943	0.011793
59.969	0.011246
59.995	0.010795
60.021	0.012619
60.046	0.011035
60.072	0.010843
60.098	0.011822
60.124	0.011537
60.15	0.010326
60.175	0.011178
60.201	0.012786
60.227	0.009918
60.253	0.01088
60.278	0.0099677
60.304	0.010898
60.33	0.011459
60.356	0.012192
60.381	0.0093801
60.407	0.011097
60.433	0.011999
60.459	0.0118
60.485	0.0098113
60.51	0.011948
60.536	0.012465
60.562	0.012139
60.588	0.010599
60.613	0.011957
60.639	0.012491
60.665	0.011738
60.691	0.011995
60.716	0.01195
60.742	0.010566
60.768	0.011214
60.794	0.011818
60.82	0.010981
60.845	0.010238
60.871	0.010176
60.897	0.011165
60.923	0.0086443
60.948	0.0085255
60.974	0.011016
61	0.010022
61.026	0.011168
61.051	0.011313
61.077	0.012208
61.103	0.011585
61.129	0.010624
61.155	0.010126
61.18	0.012262
61.206	0.010592
61.232	0.010101
61.258	0.012767
61.283	0.012294
61.309	0.012585
61.335	0.01092
61.361	0.009798
61.387	0.011872
61.412	0.010958
61.438	0.011454
61.464	0.011212
61.49	0.011074
61.515	0.010023
61.541	0.012767
61.567	0.0096596
61.593	0.0097841
61.618	0.0095574
61.644	0.011123
61.67	0.010458
61.696	0.012226
61.722	0.010984
61.747	0.01155
61.773	0.010379
61.799	0.0097348
61.825	0.010237
61.85	0.0093127
61.876	0.009997
61.902	0.010738
61.928	0.0096023
61.953	0.0091321
61.979	0.0089284
62.005	0.0099221
62.031	0.0096364
62.057	0.0082841
62.082	0.010156
62.108	0.0089944
62.134	0.011078
62.16	0.0099908
62.185	0.0084402
62.211	0.0094275
62.237	0.01015
62.263	0.0095963
62.289	0.011037
62.314	0.0095202
62.34	0.0099738
62.366	0.010356
62.392	0.010486
62.417	0.007645
62.443	0.012479
62.469	0.010907
62.495	0.011681
62.52	0.0098607
62.546	0.011351
62.572	0.0087334
62.598	0.010394
62.624	0.009602
62.649	0.0095834
62.675	0.0084689
62.701	0.01043
62.727	0.009751
62.752	0.0091897
62.778	0.0091404
62.804	0.010343
62.83	0.0094131
62.855	0.010505
62.881	0.0094604
62.907	0.0095333
62.933	0.0089414
62.959	0.010406
62.984	0.0094817
63.01	0.010497
63.036	0.010452
63.062	0.010293
63.087	0.0088133
63.113	0.010827
63.139	0.011654
63.165	0.0095513
63.19	0.0097884
63.216	0.0097366
63.242	0.0084075
63.268	0.0090122
63.294	0.0089935
63.319	0.007105
63.345	0.0099192
63.371	0.0085784
63.397	0.011234
63.422	0.0094407
63.448	0.0098156
63.474	0.010681
63.5	0.011165
63.526	0.0094229
63.551	0.008843
63.577	0.0080385
63.603	0.0095303
63.629	0.011191
63.654	0.0096864
63.68	0.0108
63.706	0.0096995
63.732	0.0085639
63.757	0.0097268
63.783	0.0088996
63.809	0.0096591
63.835	0.0085149
63.861	0.0081827
63.886	0.00852
63.912	0.010464
63.938	0.009515
63.964	0.0082297
63.989	0.0084433
64.015	0.0093876
64.041	0.010448
64.067	0.0076323
64.092	0.0094302
64.118	0.0085088
64.144	0.0099049
64.17	0.0088698
64.196	0.0104
64.221	0.0093796
64.247	0.010238
64.273	0.009776
64.299	0.0077167
64.324	0.0067571
64.35	0.008395
64.376	0.0090124
64.402	0.0093358
64.427	0.0087244
64.453	0.011207
64.479	0.0087139
64.505	0.0086308
64.531	0.0088705
64.556	0.010155
64.582	0.0085132
64.608	0.0090701
64.634	0.0093939
64.659	0.0089328
64.685	0.0085357
64.711	0.0091216
64.737	0.0090962
64.763	0.0088587
64.788	0.0079599
64.814	0.0085289
64.84	0.011178
64.866	0.0081195
64.891	0.0067331
64.917	0.0084005
64.943	0.010127
64.969	0.0091189
64.994	0.0090089
65.02	0.0080494
65.046	0.0084537
65.072	0.0096465
65.098	0.0088136
65.123	0.0089718
65.149	0.009616
65.175	0.0076171
65.201	0.0082806
65.226	0.0084745
65.252	0.0087443
65.278	0.010339
65.304	0.0086644
65.329	0.0071147
65.355	0.0077743
65.381	0.0070074
65.407	0.0085047
65.433	0.0076485
65.458	0.0083676
65.484	0.009351
65.51	0.008061
65.536	0.0079298
65.561	0.0090922
65.587	0.008468
65.613	0.0089489
65.639	0.0076947
65.665	0.008059
65.69	0.0088944
65.716	0.009155
65.742	0.0069526
65.768	0.0094868
65.793	0.0088188
65.819	0.0080271
65.845	0.0094672
65.871	0.0060515
65.896	0.0078143
65.922	0.0084829
65.948	0.008757
65.974	0.0063516
66	0.0083624
66.025	0.0073735
66.051	0.0075289
66.077	0.0078249
66.103	0.007356
66.128	0.0080368
66.154	0.0076026
66.18	0.0084765
66.206	0.0066968
66.231	0.0070507
66.257	0.0096659
66.283	0.009337
66.309	0.0079347
66.335	0.007363
66.36	0.0075526
66.386	0.006957
66.412	0.007176
66.438	0.0074079
66.463	0.005963
66.489	0.009414
66.515	0.008524
66.541	0.0080577
66.566	0.008284
66.592	0.0078902
66.618	0.0091663
66.644	0.0073887
66.67	0.0078379
66.695	0.0080125
66.721	0.0066933
66.747	0.0091353
66.773	0.0086719
66.798	0.0077402
66.824	0.0072569
66.85	0.0064929
66.876	0.0080666
66.902	0.0062736
66.927	0.0093248
66.953	0.0094979
66.979	0.0082643
67.005	0.010666
67.03	0.0091254
67.056	0.0090488
67.082	0.0079151
67.108	0.0084344
67.133	0.0070003
67.159	0.0077938
67.185	0.0074766
67.211	0.0077643
67.237	0.0075441
67.262	0.0078347
67.288	0.0087439
67.314	0.0087147
67.34	0.0089109
67.365	0.0088296
67.391	0.0077329
67.417	0.0072507
67.443	0.0083639
67.468	0.0079138
67.494	0.0074042
67.52	0.0080547
67.546	0.0062437
67.572	0.0083467
67.597	0.009345
67.623	0.0082975
67.649	0.0064718
67.675	0.0063365
67.7	0.0074265
67.726	0.0068127
67.752	0.0066956
67.778	0.0065695
67.804	0.0067331
67.829	0.008615
67.855	0.0083914
67.881	0.0077283
67.907	0.0077929
67.932	0.007273
67.958	0.0065899
67.984	0.0069266
68.01	0.0073844
68.035	0.0063004
68.061	0.0074084
68.087	0.009159
68.113	0.0072342
68.139	0.0066366
68.164	0.007315
68.19	0.0064428
68.216	0.0069064
68.242	0.0065163
68.267	0.0085545
68.293	0.0059024
68.319	0.0065255
68.345	0.0080335
68.37	0.0068168
68.396	0.0070518
68.422	0.0069492
68.448	0.0066272
68.474	0.0061908
68.499	0.0067687
68.525	0.0068807
68.551	0.0072702
68.577	0.0065348
68.602	0.0063633
68.628	0.00716
68.654	0.0067804
68.68	0.0068875
68.705	0.0066193
68.731	0.006947
68.757	0.0073659
68.783	0.0076261
68.809	0.006785
68.834	0.0069137
68.86	0.0081222
68.886	0.0064131
68.912	0.0071438
68.937	0.0075139
68.963	0.0061246
68.989	0.0070402
69.015	0.0072686
69.041	0.0060138
69.066	0.0066671
69.092	0.0072678
69.118	0.0068213
69.144	0.0068582
69.169	0.0077457
69.195	0.0066832
69.221	0.0071962
69.247	0.0066343
69.272	0.0060802
69.298	0.0069631
69.324	0.0066844
69.35	0.0066732
69.376	0.0076037
69.401	0.0074927
69.427	0.0090578
69.453	0.0080737
69.479	0.0081751
69.504	0.0057715
69.53	0.0068008
69.556	0.0059336
69.582	0.0081123
69.607	0.0068979
69.633	0.0083768
69.659	0.0073755
69.685	0.0066203
69.711	0.0065398
69.736	0.0056597
69.762	0.0062221
69.788	0.0063273
69.814	0.0047876
69.839	0.0065954
69.865	0.0069705
69.891	0.0064105
69.917	0.0057184
69.942	0.006777
69.968	0.0060665
69.994	0.0051893
70.02	0.0058735
70.046	0.006858
70.071	0.0074808
70.097	0.0072521
70.123	0.0068886
70.149	0.0074064
70.174	0.0080698
70.2	0.008397
70.226	0.0081023
70.252	0.0060308
70.278	0.0056069
70.303	0.0080271
70.329	0.0053933
70.355	0.0058367
70.381	0.0072673
70.406	0.0048619
70.432	0.005612
70.458	0.0074934
70.484	0.0054933
70.509	0.0069799
70.535	0.0062579
70.561	0.0070561
70.587	0.0065548
70.613	0.0071177
70.638	0.0072291
70.664	0.0070579
70.69	0.0057391
70.716	0.00476
70.741	0.0050742
70.767	0.0056949
70.793	0.005072
70.819	0.0056233
70.844	0.0055235
70.87	0.00741
70.896	0.0058544
70.922	0.0060013
70.948	0.0056313
70.973	0.0059001
70.999	0.0071946
71.025	0.0060123
71.051	0.0055042
71.076	0.0065188
71.102	0.0056238
71.128	0.0064836
71.154	0.0044437
71.18	0.0066987
71.205	0.0067802
71.231	0.0061214
71.257	0.0067588
71.283	0.0069956
71.308	0.0066576
71.334	0.0059909
71.36	0.0057082
71.386	0.0089096
71.411	0.0072988
71.437	0.0051875
71.463	0.0061964
71.489	0.0069982
71.515	0.004986
71.54	0.0062213
71.566	0.0060068
71.592	0.0048928
71.618	0.0050039
71.643	0.0051515
71.669	0.0052602
71.695	0.0046204
71.721	0.0055523
71.746	0.0068285
71.772	0.0066117
71.798	0.0047755
71.824	0.0057193
71.85	0.0062018
71.875	0.0053834
71.901	0.0054627
71.927	0.0043697
71.953	0.0060565
71.978	0.0049961
72.004	0.0061735
72.03	0.0059432
72.056	0.0071833
72.081	0.0068561
72.107	0.0064599
72.133	0.0061801
72.159	0.0057459
72.185	0.0069891
72.21	0.0061444
72.236	0.005879
72.262	0.0059158
72.288	0.0050162
72.313	0.0056867
72.339	0.0063516
72.365	0.0062171
72.391	0.0062102
72.417	0.0050668
72.442	0.0054594
72.468	0.0059618
72.494	0.004534
72.52	0.00531
72.545	0.0059595
72.571	0.0059029
72.597	0.0071152
72.623	0.0046841
72.648	0.0045457
72.674	0.0057857
72.7	0.0056021
72.726	0.006381
72.752	0.0057141
72.777	0.0049665
72.803	0.0044705
72.829	0.0050486
72.855	0.0045452
72.88	0.0052807
72.906	0.0055352
72.932	0.0054052
72.958	0.006938
72.983	0.0065843
73.009	0.0050072
73.035	0.0052362
73.061	0.0046304
73.087	0.003296
73.112	0.0059229
73.138	0.0061646
73.164	0.0060276
73.19	0.0054011
73.215	0.0057982
73.241	0.0049702
73.267	0.005723
73.293	0.0052464
73.318	0.0050763
73.344	0.0061668
73.37	0.005402
73.396	0.0054348
73.422	0.0056197
73.447	0.0060639
73.473	0.0047192
73.499	0.0057151
73.525	0.0041687
73.55	0.0050207
73.576	0.0059939
73.602	0.0059106
73.628	0.0054514
73.654	0.0044721
73.679	0.0063624
73.705	0.0057357
73.731	0.0050903
73.757	0.0056137
73.782	0.0067666
73.808	0.0057935
73.834	0.0047245
73.86	0.0046998
73.885	0.0045421
73.911	0.0058197
73.937	0.0054769
73.963	0.0061054
73.989	0.0046407
74.014	0.0052319
74.04	0.0044626
74.066	0.0055216
74.092	0.0049418
74.117	0.0054934
74.143	0.0056837
74.169	0.0046823
74.195	0.0052295
74.22	0.0042555
74.246	0.0059443
74.272	0.0053277
74.298	0.0045972
74.324	0.005129
74.349	0.004946
74.375	0.0048625
74.401	0.0041485
74.427	0.005549
74.452	0.0038777
74.478	0.0052981
74.504	0.0047906
74.53	0.0027732
74.556	0.0045042
74.581	0.0050203
74.607	0.0052377
74.633	0.0044602
74.659	0.0047612
74.684	0.0044815
74.71	0.0062573
74.736	0.0055672
74.762	0.0051807
74.787	0.004028
74.813	0.0051402
74.839	0.0041828
74.865	0.0045919
74.891	0.0042907
74.916	0.0049604
74.942	0.0039613
74.968	0.0056969
74.994	0.0038502
75.019	0.0057944
75.045	0.0041551
75.071	0.0049375
75.097	0.0043327
75.122	0.0039713
75.148	0.004322
75.174	0.0050533
75.2	0.00491
75.226	0.0053602
75.251	0.0056857
75.277	0.0039425
75.303	0.0058751
75.329	0.0034247
75.354	0.0047023
75.38	0.0053338
75.406	0.0050905
75.432	0.0050216
75.457	0.0030668
75.483	0.0045558
75.509	0.0045124
75.535	0.0045123
75.561	0.0066324
75.586	0.0045142
75.612	0.0044516
75.638	0.0039846
75.664	0.0044183
75.689	0.0047434
75.715	0.0050326
75.741	0.0039262
75.767	0.0043561
75.793	0.005095
75.818	0.0033029
75.844	0.0044696
75.87	0.0048587
75.896	0.0043116
75.921	0.004017
75.947	0.0048677
75.973	0.0035201
75.999	0.004436
76.024	0.0059751
76.05	0.00449
76.076	0.004466
76.102	0.0040406
76.128	0.0043089
76.153	0.0044493
76.179	0.0033945
76.205	0.004652
76.231	0.0053994
76.256	0.0043272
76.282	0.0043948
76.308	0.0044248
76.334	0.0041778
76.359	0.0055505
76.385	0.0062454
76.411	0.0041601
76.437	0.0041449
76.463	0.0039977
76.488	0.004287
76.514	0.0046729
76.54	0.0045226
76.566	0.0041118
76.591	0.0051978
76.617	0.0043675
76.643	0.0045343
76.669	0.0046419
76.694	0.0044311
76.72	0.0056857
76.746	0.0059881
76.772	0.0052942
76.798	0.0046699
76.823	0.0045216
76.849	0.0044543
76.875	0.0046823
76.901	0.0041026
76.926	0.0043977
76.952	0.0040001
76.978	0.0050496
77.004	0.0054751
77.03	0.0047917
77.055	0.0048554
77.081	0.0051176
77.107	0.0042178
77.133	0.0049785
77.158	0.0039005
77.184	0.0040294
77.21	0.0058806
77.236	0.0041675
77.261	0.0044427
77.287	0.004857
77.313	0.0045884
77.339	0.0041139
77.365	0.0035135
77.39	0.0048632
77.416	0.004935
77.442	0.0044985
77.468	0.0046323
77.493	0.004895
77.519	0.0034186
77.545	0.0051358
77.571	0.0043267
77.596	0.0056918
77.622	0.0045888
77.648	0.0050164
77.674	0.0039565
77.7	0.0037056
77.725	0.0051088
77.751	0.004245
77.777	0.0039729
77.803	0.003941
77.828	0.00376
77.854	0.0036042
77.88	0.0050134
77.906	0.0045057
77.932	0.0044517
77.957	0.0051271
77.983	0.0045682
78.009	0.0043597
78.035	0.0042174
78.06	0.0051461
78.086	0.004863
78.112	0.0025053
78.138	0.0045193
78.163	0.004391
78.189	0.0031087
78.215	0.003512
78.241	0.0046049
78.267	0.0040677
78.292	0.0048392
78.318	0.0050439
78.344	0.0048508
78.37	0.0046813
78.395	0.00416
78.421	0.003527
78.447	0.0038876
78.473	0.0047814
78.498	0.0033809
78.524	0.0046979
78.55	0.0033131
78.576	0.0034862
78.602	0.0035844
78.627	0.0033933
78.653	0.0038274
78.679	0.0053788
78.705	0.0045582
78.73	0.0036407
78.756	0.0048127
78.782	0.0034103
78.808	0.0035932
78.833	0.0041193
78.859	0.0044078
78.885	0.0033771
78.911	0.0042101
78.937	0.0033525
78.962	0.0047961
78.988	0.0039198
79.014	0.0057837
79.04	0.0046656
79.065	0.0045156
79.091	0.0047491
79.117	0.0042062
79.143	0.0035982
79.169	0.004339
79.194	0.0047446
79.22	0.0057593
79.246	0.0036527
79.272	0.0044649
79.297	0.0051665
79.323	0.0038156
79.349	0.0036023
79.375	0.0032185
79.4	0.0049387
79.426	0.0047473
79.452	0.0044781
79.478	0.0041699
79.504	0.0036335
79.529	0.004896
79.555	0.0041254
79.581	0.0031096
79.607	0.0038863
79.632	0.0041397
79.658	0.0053564
79.684	0.0032041
79.71	0.0045136
79.735	0.0026315
79.761	0.003465
79.787	0.0030795
79.813	0.0035628
79.839	0.0025075
79.864	0.0037997
79.89	0.0032449
79.916	0.0034948
79.942	0.0037173
79.967	0.003905
79.993	0.0034373
80.019	0.0040516
80.045	0.003043
80.07	0.003091
80.096	0.0032673
80.122	0.0037115
80.148	0.0042759
80.174	0.0029895
80.199	0.0041973
80.225	0.00475
80.251	0.0043132
80.277	0.0050676
80.302	0.0038273
80.328	0.0039806
80.354	0.0052004
80.38	0.0035842
80.406	0.0031157
80.431	0.002558
80.457	0.0040509
80.483	0.0042372
80.509	0.0042662
80.534	0.0041993
80.56	0.0026513
80.586	0.003587
80.612	0.003636
80.637	0.0040589
80.663	0.0034221
80.689	0.0042414
80.715	0.0035676
80.741	0.0034259
80.766	0.0040087
80.792	0.0032986
80.818	0.0032109
80.844	0.0033492
80.869	0.0031345
80.895	0.0041842
80.921	0.0038964
80.947	0.0026843
80.972	0.0051018
80.998	0.0030571
81.024	0.0030741
81.05	0.0031529
81.076	0.0022702
81.101	0.0035302
81.127	0.0040101
81.153	0.0023218
81.179	0.0037243
81.204	0.0034298
81.23	0.0043167
81.256	0.0030401
81.282	0.0040063
81.308	0.0029469
81.333	0.0033069
81.359	0.0032711
81.385	0.0038338
81.411	0.0032307
81.436	0.0039374
81.462	0.0037135
81.488	0.0032681
81.514	0.0035763
81.539	0.0034083
81.565	0.0034545
81.591	0.0027487
81.617	0.0037375
81.643	0.0033511
81.668	0.0040622
81.694	0.0032864
81.72	0.0032132
81.746	0.0030764
81.771	0.004566
81.797	0.0036044
81.823	0.0025521
81.849	0.0031244
81.874	0.0029738
81.9	0.0031362
81.926	0.0042667
81.952	0.0034833
81.978	0.0039065
82.003	0.0030447
82.029	0.0038898
82.055	0.004188
82.081	0.0038372
82.106	0.0029933
82.132	0.0031239
82.158	0.0028731
82.184	0.0042617
82.209	0.0039323
82.235	0.00334
82.261	0.0032567
82.287	0.0032631
82.313	0.0030788
82.338	0.0027253
82.364	0.0034934
82.39	0.0044775
82.416	0.0036037
82.441	0.0038216
82.467	0.0045712
82.493	0.0048229
82.519	0.0030408
82.545	0.0032922
82.57	0.0026877
82.596	0.0025119
82.622	0.0027522
82.648	0.0048497
82.673	0.0034838
82.699	0.0041045
82.725	0.0023042
82.751	0.0023259
82.776	0.0026895
82.802	0.0027598
82.828	0.0033824
82.854	0.0028458
82.88	0.0046619
82.905	0.0020665
82.931	0.0029227
82.957	0.0043901
82.983	0.0045247
83.008	0.0029014
83.034	0.0034141
83.06	0.0035574
83.086	0.0052909
83.111	0.0037694
83.137	0.0029096
83.163	0.0040905
83.189	0.0027396
83.215	0.0036637
83.24	0.0036052
83.266	0.0035277
83.292	0.0046791
83.318	0.0027482
83.343	0.0027934
83.369	0.0026311
83.395	0.0038143
83.421	0.0032959
83.446	0.0021694
83.472	0.0041714
83.498	0.0030708
83.524	0.003032
83.55	0.0025866
83.575	0.0024666
83.601	0.0033796
83.627	0.0021827
83.653	0.0037523
83.678	0.0035398
83.704	0.0033919
83.73	0.0021039
83.756	0.0030917
83.782	0.0027691
83.807	0.0022272
83.833	0.003636
83.859	0.0039509
83.885	0.0021727
83.91	0.0043958
83.936	0.0025558
83.962	0.0022512
83.988	0.003315
84.013	0.0038556
84.039	0.0019989
84.065	0.0032666
84.091	0.0024041
84.117	0.0037517
84.142	0.0037087
84.168	0.0055739
84.194	0.0034491
84.22	0.0026623
84.245	0.0049219
84.271	0.0025167
84.297	0.0035077
84.323	0.0036828
84.348	0.0029703
84.374	0.004302
84.4	0.0032878
84.426	0.0019816
84.452	0.0039931
84.477	0.003421
84.503	0.0028099
84.529	0.0052884
84.555	0.002484
84.58	0.0031925
84.606	0.0037913
84.632	0.0031867
84.658	0.0021913
84.684	0.0032631
84.709	0.0026242
84.735	0.0034307
84.761	0.0022664
84.787	0.0033303
84.812	0.0042455
84.838	0.0043036
84.864	0.0038496
84.89	0.0044831
84.915	0.0039505
84.941	0.0029611
84.967	0.0032878
84.993	0.0039057
85.019	0.003143
85.044	0.0033661
85.07	0.0026734
85.096	0.0043275
85.122	0.0062068
85.147	0.0032336
85.173	0.0033375
85.199	0.0028712
85.225	0.0029099
85.25	0.002467
85.276	0.0027153
85.302	0.0028009
85.328	0.0026931
85.354	0.0032661
85.379	0.0038225
85.405	0.0033213
85.431	0.0023023
85.457	0.0034956
85.482	0.0034865
85.508	0.0035417
85.534	0.0021966
85.56	0.0027369
85.585	0.0037099
85.611	0.0018538
85.637	0.0028382
85.663	0.0027674
85.689	0.0033392
85.714	0.0024764
85.74	0.0036699
85.766	0.0029214
85.792	0.002729
85.817	0.0033146
85.843	0.0034975
85.869	0.0034422
85.895	0.0030273
85.921	0.0025535
85.946	0.0038016
85.972	0.0019164
85.998	0.00241
86.024	0.0039925
86.049	0.0048775
86.075	0.0035829
86.101	0.0025053
86.127	0.0032522
86.152	0.0030269
86.178	0.0036348
86.204	0.0037453
86.23	0.0058701
86.256	0.0028358
86.281	0.0035424
86.307	0.0037401
86.333	0.0033838
86.359	0.0020334
86.384	0.0036232
86.41	0.0029169
86.436	0.0025734
86.462	0.0028794
86.487	0.0024196
86.513	0.0021782
86.539	0.0025156
86.565	0.0032677
86.591	0.0022983
86.616	0.002984
86.642	0.0024258
86.668	0.0026752
86.694	0.0020427
86.719	0.0027268
86.745	0.0030223
86.771	0.0023407
86.797	0.0028585
86.822	0.0023365
86.848	0.0033665
86.874	0.0024681
86.9	0.0025126
86.926	0.0037093
86.951	0.0020612
86.977	0.0023909
87.003	0.0028736
87.029	0.0023208
87.054	0.0027364
87.08	0.0019553
87.106	0.0030777
87.132	0.003066
87.158	0.0025185
87.183	0.0024366
87.209	0.0029063
87.235	0.0036895
87.261	0.0028566
87.286	0.0036911
87.312	0.0026271
87.338	0.0027904
87.364	0.0033194
87.389	0.0025834
87.415	0.0032494
87.441	0.0029811
87.467	0.0034032
87.493	0.0025295
87.518	0.0020566
87.544	0.0022469
87.57	0.0042379
87.596	0.0033218
87.621	0.0019398
87.647	0.0034259
87.673	0.002847
87.699	0.003025
87.724	0.0028935
87.75	0.0026051
87.776	0.0033324
87.802	0.0026169
87.828	0.0046348
87.853	0.0045029
87.879	0.0031931
87.905	0.0042316
87.931	0.0024775
87.956	0.0020398
87.982	0.0030614
88.008	0.0030648
88.034	0.0037023
88.06	0.0023676
88.085	0.0021655
88.111	0.0015346
88.137	0.0029716
88.163	0.0028494
88.188	0.0028444
88.214	0.0021734
88.24	0.0028625
88.266	0.0037097
88.291	0.0035582
88.317	0.0023773
88.343	0.0030028
88.369	0.0024893
88.395	0.0017311
88.42	0.0026478
88.446	0.0020762
88.472	0.0035618
88.498	0.0021861
88.523	0.0040315
88.549	0.0023292
88.575	0.0018088
88.601	0.0024852
88.626	0.0020764
88.652	0.0017576
88.678	0.0024179
88.704	0.0031697
88.73	0.0028295
88.755	0.0031324
88.781	0.0033207
88.807	0.0013687
88.833	0.0024449
88.858	0.0021301
88.884	0.0022189
88.91	0.0024568
88.936	0.0031287
88.961	0.0019822
88.987	0.0024342
89.013	0.0019399
89.039	0.0033578
89.065	0.0027844
89.09	0.0016444
89.116	0.0032991
89.142	0.002595
89.168	0.0031593
89.193	0.0024047
89.219	0.0025508
89.245	0.0016918
89.271	0.0024543
89.297	0.002454
89.322	0.0023415
89.348	0.002573
89.374	0.0021162
89.4	0.0022371
89.425	0.0025922
89.451	0.0022742
89.477	0.0022452
89.503	0.0013223
89.528	0.0026362
89.554	0.0021555
89.58	0.0022536
89.606	0.0021341
89.632	0.0025137
89.657	0.0024478
89.683	0.0021195
89.709	0.0031318
89.735	0.0027111
89.76	0.0026716
89.786	0.00303
89.812	0.0028144
89.838	0.0025084
89.863	0.0018588
89.889	0.0025875
89.915	0.0020956
89.941	0.0026741
89.967	0.0018149
89.992	0.0017952
90.018	0.0032686
90.044	0.0024259
90.07	0.001915
90.095	0.0026368
90.121	0.0030102
90.147	0.0018121
90.173	0.0013623
90.198	0.0019766
90.224	0.0027147
90.25	0.0027165
90.276	0.0028961
90.302	0.0029318
90.327	0.0025892
90.353	0.0016329
90.379	0.0021291
90.405	0.0025346
90.43	0.0020096
90.456	0.0022096
90.482	0.0031888
90.508	0.0023296
90.534	0.0034204
90.559	0.0026165
90.585	0.0023685
90.611	0.0013712
90.637	0.0029008
90.662	0.002855
90.688	0.0020814
90.714	0.0020999
90.74	0.0026315
90.765	0.0027723
90.791	0.0026162
90.817	0.0017111
90.843	0.0020244
90.869	0.0019455
90.894	0.0030584
90.92	0.0020884
90.946	0.0028311
90.972	0.0027175
90.997	0.0025479
91.023	0.0018595
91.049	0.0020263
91.075	0.0030967
91.1	0.0024997
91.126	0.0020337
91.152	0.0019142
91.178	0.0016689
91.204	0.0023005
91.229	0.0024366
91.255	0.0018493
91.281	0.0017511
91.307	0.0020676
91.332	0.0023321
91.358	0.0027295
91.384	0.0024901
91.41	0.0014638
91.436	0.0018942
91.461	0.0029274
91.487	0.0031775
91.513	0.0022668
91.539	0.0016946
91.564	0.0026278
91.59	0.0031196
91.616	0.0018223
91.642	0.0021194
91.667	0.0029826
91.693	0.0033239
91.719	0.0022438
91.745	0.0022858
91.771	0.0027845
91.796	0.001992
91.822	0.0016214
91.848	0.0020399
91.874	0.0012864
91.899	0.0020332
91.925	0.0023534
91.951	0.0015193
91.977	0.0022428
92.002	0.001869
92.028	0.0032665
92.054	0.0031931
92.08	0.0015405
92.106	0.001653
92.131	0.0025658
92.157	0.0027186
92.183	0.0028775
92.209	0.0020334
92.234	0.0016514
92.26	0.0015538
92.286	0.0022523
92.312	0.0027513
92.337	0.0018876
92.363	0.0018003
92.389	0.0013676
92.415	0.0022371
92.441	0.0025051
92.466	0.0016853
92.492	0.0021732
92.518	0.0025668
92.544	0.0013098
92.569	0.0017449
92.595	0.0021627
92.621	0.0020513
92.647	0.0024836
92.673	0.0015969
92.698	0.001108
92.724	0.0021386
92.75	0.002108
92.776	0.0017881
92.801	0.0019818
92.827	0.0015233
92.853	0.0021668
92.879	0.0018779
92.904	0.0014992
92.93	0.0023709
92.956	0.0020844
92.982	0.0014901
93.008	0.0018518
93.033	0.0010175
93.059	0.0022103
93.085	0.0014051
93.111	0.0014065
93.136	0.0019838
93.162	0.0016551
93.188	0.0016865
93.214	0.0025246
93.239	0.0010739
93.265	0.0021439
93.291	0.0025164
93.317	0.0021275
93.343	0.0022058
93.368	0.0029422
93.394	0.000795
93.42	0.0019738
93.446	0.0032665
93.471	0.0021653
93.497	0.003365
93.523	0.0019815
93.549	0.0023236
93.575	0.0020075
93.6	0.0025744
93.626	0.0019805
93.652	0.0020976
93.678	0.0024264
93.703	0.0017659
93.729	0.0018951
93.755	0.0016095
93.781	0.0016372
93.806	0.0013941
93.832	0.0019442
93.858	0.0019256
93.884	0.0008321
93.91	0.0022476
93.935	0.0017845
93.961	0.0016657
93.987	0.0013532
94.013	0.001813
94.038	0.0027847
94.064	0.0020893
94.09	0.0025477
94.116	0.0021686
94.141	0.0019464
94.167	0.0018773
94.193	0.0027565
94.219	0.0024822
94.245	0.0013211
94.27	0.0020794
94.296	0.0019249
94.322	0.0021065
94.348	0.0014047
94.373	0.0021078
94.399	0.0020776
94.425	0.0022016
94.451	0.0026207
94.476	0.0029254
94.502	0.0012187
94.528	0.0012253
94.554	0.001179
94.58	0.0019989
94.605	0.0019178
94.631	0.0008238
94.657	0.0015756
94.683	0.0027454
94.708	0.0026099
94.734	0.0016614
94.76	0.0022478
94.786	0.0024675
94.812	0.0019441
95	0.00171280082734906
100	0.00130367388883948
150	8.50726572434842E-005
200	5.55150875723219E-006
250	3.62269740716089E-007
275	7.35228065259751E-006
275.1	7.57619093336784E-006
275.2	7.80692029738631E-006
275.3	8.04467641665559E-006
275.4	8.28967328773157E-006
275.5	8.54213142433636E-006
275.6	8.80227805583435E-006
275.7	9.07034733175394E-006
275.8	9.34658053253904E-006
275.9	9.63122628671654E-006
276	9.92454079467937E-006
276.1	1.0226788059284E-005
276.2	1.05382401234709E-005
276.3	1.08591773151215E-005
276.4	1.1189888499372E-005
276.5	1.15306713386123E-005
276.6	1.18818325604009E-005
276.7	1.22436882335415E-005
276.8	1.26165640525664E-005
276.9	1.30007956308818E-005
277	1.33967288028453E-005
277.1	1.38047199350378E-005
277.2	1.4225136247018E-005
277.3	1.46583561418462E-005
277.4	1.51047695466706E-005
277.5	1.556477826369E-005
277.6	1.60387963318005E-005
277.7	1.65272503992606E-005
277.8	1.70305801077035E-005
277.9	1.75492384878414E-005
278	1.80836923672277E-005
278.1	1.86344227904307E-005
278.2	1.92019254520058E-005
278.3	1.97867111426569E-005
278.4	2.03893062089794E-005
278.5	2.10102530272094E-005
278.6	2.16501104913985E-005
278.7	2.23094545164563E-005
278.8	2.29888785565121E-005
278.9	2.36889941390644E-005
279	2.44104314153976E-005
279.1	2.51538397277578E-005
279.2	2.59198881938078E-005
279.3	2.67092663088779E-005
279.4	2.75226845665548E-005
279.5	2.83608750981789E-005
279.6	2.92245923318083E-005
279.7	3.01146136712546E-005
279.8	3.10317401958029E-005
279.9	3.19767973812323E-005
280	3.29506358428043E-005
280.1	3.3954132100869E-005
280.2	3.49881893697966E-005
280.3	3.60537383709317E-005
280.4	3.71517381703E-005
280.5	3.82831770418396E-005
280.6	3.94490733569094E-005
280.7	4.06504765008917E-005
280.8	4.18884678177148E-005
280.9	4.31641615831302E-005
281	4.44787060076388E-005
281.1	4.5833284269957E-005
281.2	4.72291155819576E-005
281.3	4.8667456286043E-005
281.4	5.01496009859369E-005
281.5	5.16768837119192E-005
281.6	5.32506791215359E-005
281.7	5.48724037368898E-005
281.8	5.65435172196069E-005
281.9	5.82655236846219E-005
282	6.00399730539947E-005
282.1	6.18684624519368E-005
282.2	6.37526376423303E-005
282.3	6.5694194510035E-005
282.4	6.76948805872889E-005
282.5	6.97564966266149E-005
282.6	7.18808982216086E-005
282.7	7.40699974771069E-005
282.8	7.63257647302115E-005
282.9	7.86502303237148E-005
283	8.10454864335604E-005
283.1	8.35136889519319E-005
283.2	8.60570594277008E-005
283.3	8.86778870659816E-005
283.4	9.13785307885588E-005
283.5	9.41614213570815E-005
283.6	9.70290635609123E-005
283.7	9.99840384716062E-005
283.8	0.00010302900576605
283.9	0.000106166706120347
284	0.000109399963676624
284.1	0.000108854329081466
284.2	0.000108311415850206
284.3	0.000107771210409983
284.4	0.000107233699255634
284.5	0.00010669886894935
284.6	0.000106166706120348
284.7	0.000105637197464529
284.8	0.000105110329744147
284.9	0.000104586089787485
285	0.000104064464488513
285.1	0.000103545440806574
285.2	0.000103029005766049
285.3	0.000102515146456034
285.4	0.000102003850030019
285.5	0.000101495103705568
285.6	0.000100988894763995
285.7	0.000100485210550052
285.8	9.99840384716058E-005
285.9	9.94853659993291E-005
286	9.89891806663836E-005
286.1	9.84954700681108E-005
286.2	9.80042218617196E-005
286.3	9.75154237659791E-005
286.4	9.7029063560912E-005
286.5	9.65451290874875E-005
286.6	9.60636082473182E-005
286.7	9.55844890023588E-005
286.8	9.51077593746028E-005
286.9	9.46334074457847E-005
287	9.41614213570812E-005
287.1	9.36917893088163E-005
287.2	9.32244995601638E-005
287.3	9.27595404288555E-005
287.4	9.22969002908897E-005
287.5	9.18365675802378E-005
287.6	9.13785307885585E-005
287.7	9.09227784649088E-005
287.8	9.04692992154557E-005
287.9	9.00180817031953E-005
288	8.95691146476659E-005
288.1	8.91223868246674E-005
288.2	8.86778870659816E-005
288.3	8.82356042590912E-005
288.4	8.77955273469028E-005
288.5	8.73576453274705E-005
288.6	8.69219472537215E-005
288.7	8.64884222331811E-005
288.8	8.60570594277008E-005
288.9	8.56278480531886E-005
289	8.52007773793376E-005
289.1	8.47758367293583E-005
289.2	8.43530154797129E-005
289.3	8.3932303059848E-005
289.4	8.3513688951931E-005
289.5	8.30971626905871E-005
289.6	8.26827138626389E-005
289.7	8.22703321068435E-005
289.8	8.18600071136355E-005
289.9	8.14517286248694E-005
290	8.10454864335607E-005
290.1	8.06412703836339E-005
290.2	8.02390703696674E-005
290.3	7.98388763366386E-005
290.4	7.94406782796769E-005
290.5	7.90444662438096E-005
290.6	7.86502303237151E-005
290.7	7.82579606634753E-005
290.8	7.78676474563281E-005
290.9	7.74792809444228E-005
291	7.70928514185763E-005
291.1	7.67083492180308E-005
291.2	7.6325764730211E-005
291.3	7.59450883904844E-005
291.4	7.55663106819234E-005
291.5	7.51894221350651E-005
291.6	7.48144133276761E-005
291.7	7.44412748845171E-005
291.8	7.40699974771074E-005
291.9	7.37005718234924E-005
292	7.33329886880114E-005
292.1	7.29672388810672E-005
292.2	7.26033132588954E-005
292.3	7.22412027233363E-005
292.4	7.18808982216083E-005
292.5	7.15223907460792E-005
292.6	7.11656713340438E-005
292.7	7.08107310674989E-005
292.8	7.04575610729182E-005
292.9	7.01061525210342E-005
293	6.97564966266146E-005
293.1	6.94085846482436E-005
293.2	6.90624078881041E-005
293.3	6.87179576917588E-005
293.4	6.83752254479348E-005
293.5	6.8034202588308E-005
293.6	6.76948805872897E-005
293.7	6.73572509618117E-005
293.8	6.70213052711158E-005
293.9	6.66870351165426E-005
294	6.63544321413206E-005
294.1	6.60234880303578E-005
294.2	6.56941945100348E-005
294.3	6.53665433479961E-005
294.4	6.50405263529456E-005
294.5	6.47161353744412E-005
294.6	6.4393362302692E-005
294.7	6.40721990683543E-005
294.8	6.37526376423301E-005
294.9	6.34346700355679E-005
295	6.311828829886E-005
295.1	6.2803484522647E-005
295.2	6.24902508368185E-005
295.3	6.21785794105152E-005
295.4	6.18684624519359E-005
295.5	6.15598922081402E-005
295.6	6.12528609648557E-005
295.7	6.09473610462858E-005
295.8	6.06433848149164E-005
295.9	6.03409246713259E-005
296	6.00399730539947E-005
296.1	5.97405224391172E-005
296.2	5.94425653404121E-005
296.3	5.91460943089363E-005
296.4	5.8851101932899E-005
296.5	5.85575808374751E-005
296.6	5.82655236846219E-005
296.7	5.79749231728956E-005
296.8	5.76857720372682E-005
296.9	5.73980630489462E-005
297	5.71117890151897E-005
297.1	5.68269427791334E-005
297.2	5.65435172196063E-005
297.3	5.62615052509544E-005
297.4	5.59808998228645E-005
297.5	5.57016939201855E-005
297.6	5.54238805627556E-005
297.7	5.51474528052268E-005
297.8	5.487240373689E-005
297.9	5.45987264815048E-005
298	5.43264141971253E-005
298.1	5.405546007593E-005
298.2	5.37858573440522E-005
298.3	5.35175992614094E-005
298.4	5.32506791215355E-005
298.5	5.29850902514129E-005
298.6	5.27208260113064E-005
298.7	5.24578797945961E-005
298.8	5.21962450276127E-005
298.9	5.19359151694736E-005
299	5.16768837119189E-005
299.1	5.14191441791482E-005
299.2	5.11626901276603E-005
299.3	5.09075151460903E-005
299.4	5.06536128550504E-005
299.5	5.04009769069698E-005
299.6	5.01496009859372E-005
299.7	4.98994788075413E-005
299.8	4.96506041187142E-005
299.9	4.94029706975765E-005
300	4.91565723532789E-005
300.1	4.89114029258503E-005
300.2	4.86674562860428E-005
300.3	4.84247263351768E-005
300.4	4.81832070049915E-005
300.5	4.79428922574908E-005
300.6	4.77037760847935E-005
300.7	4.7465852508983E-005
300.8	4.72291155819574E-005
300.9	4.69935593852813E-005
301	4.67591780300371E-005
301.1	4.65259656566793E-005
301.2	4.62939164348861E-005
301.3	4.60630245634148E-005
301.4	4.58332842699568E-005
301.5	4.56046898109927E-005
301.6	4.5377235471649E-005
301.7	4.51509155655556E-005
301.8	4.4925724434703E-005
301.9	4.47016564493012E-005
302	4.44787060076386E-005
302.1	4.4256867535943E-005
302.2	4.40361354882408E-005
302.3	4.38165043462192E-005
302.4	4.35979686190887E-005
302.5	4.33805228434441E-005
302.6	4.316416158313E-005
302.7	4.2948879429104E-005
302.8	4.27346709993002E-005
302.9	4.25215309384974E-005
303	4.23094539181826E-005
303.1	4.20984346364194E-005
303.2	4.18884678177148E-005
303.3	4.16795482128873E-005
303.4	4.14716705989359E-005
303.5	4.12648297789094E-005
303.6	4.10590205817767E-005
303.7	4.08542378622971E-005
303.8	4.06504765008917E-005
303.9	4.04477314035161E-005
304	4.02459975015323E-005
304.1	4.00452697515821E-005
304.2	3.98455431354615E-005
304.3	3.96468126599945E-005
304.4	3.9449073356909E-005
304.5	3.92523202827119E-005
304.6	3.90565485185664E-005
304.7	3.88617531701681E-005
304.8	3.86679293676229E-005
304.9	3.84750722653262E-005
305	3.82831770418397E-005
305.1	3.80922388997732E-005
305.2	3.79022530656635E-005
305.3	3.77132147898542E-005
305.4	3.7525119346379E-005
305.5	3.73379620328419E-005
305.6	3.71517381703001E-005
305.7	3.69664431031478E-005
305.8	3.67820721989983E-005
305.9	3.65986208485696E-005
306	3.64160844655681E-005
306.1	3.62344584865751E-005
306.2	3.60537383709315E-005
306.3	3.58739196006248E-005
306.4	3.56949976801767E-005
306.5	3.55169681365296E-005
306.6	3.53398265189358E-005
306.7	3.51635683988456E-005
306.8	3.49881893697969E-005
306.9	3.48136850473047E-005
307	3.46400510687518E-005
307.1	3.44672830932798E-005
307.2	3.42953768016804E-005
307.3	3.41243278962872E-005
307.4	3.39541321008689E-005
307.5	3.37847851605213E-005
307.6	3.36162828415623E-005
307.7	3.34486209314255E-005
307.8	3.32817952385539E-005
307.9	3.31158015922967E-005
308	3.29506358428042E-005
308.1	3.27862938609237E-005
308.2	3.26227715380976E-005
308.3	3.2460064786259E-005
308.4	3.22981695377307E-005
308.5	3.21370817451229E-005
308.6	3.19767973812327E-005
308.7	3.18173124389424E-005
308.8	3.16586229311202E-005
308.9	3.15007248905202E-005
309	3.13436143696832E-005
309.1	3.11872874408378E-005
309.2	3.10317401958028E-005
309.3	3.0876968745889E-005
309.4	3.0722969221802E-005
309.5	3.05697377735456E-005
309.6	3.04172705703258E-005
309.7	3.02655638004546E-005
309.8	3.01146136712545E-005
309.9	2.99644164089649E-005
310	2.9814968258646E-005
310.1	2.96662654840864E-005
310.2	2.95183043677093E-005
310.3	2.93710812104785E-005
310.4	2.92245923318079E-005
310.5	2.90788340694676E-005
310.6	2.89338027794935E-005
310.7	2.8789494836096E-005
310.8	2.86459066315689E-005
310.9	2.85030345761995E-005
311	2.83608750981789E-005
311.1	2.8219424643513E-005
311.2	2.8078679675933E-005
311.3	2.79386366768072E-005
311.4	2.77992921450536E-005
311.5	2.76606425970514E-005
311.6	2.75226845665548E-005
311.7	2.73854146046059E-005
311.8	2.72488292794484E-005
311.9	2.71129251764421E-005
312	2.69776988979773E-005
395	3.64754208585874E-005
395.1	3.75711897323068E-005
395.2	3.87004049136423E-005
395.3	3.98640846193583E-005
395.4	4.10632780774025E-005
395.5	4.22990664713355E-005
395.6	4.35725639135089E-005
395.7	4.48849184478874E-005
395.8	4.6237313083416E-005
395.9	4.76309668588468E-005
396	4.9067135940007E-005
396.1	5.05471147504702E-005
396.2	5.20722371366756E-005
396.3	5.36438775685238E-005
396.4	5.52634523765297E-005
396.5	5.69324210266688E-005
396.6	5.86522874340321E-005
396.7	6.04246013164931E-005
396.8	6.22509595896101E-005
396.9	6.41330078039915E-005
397	6.60724416264502E-005
397.1	6.8071008366259E-005
397.2	7.01305085478894E-005
397.3	7.22527975316474E-005
397.4	7.44397871836631E-005
397.5	7.66934475967467E-005
397.6	7.90158088636357E-005
397.7	8.14089629042658E-005
397.8	8.38750653486813E-005
397.9	8.64163374772774E-005
398	8.90350682201587E-005
398.1	9.17336162173599E-005
398.2	9.45144119418202E-005
398.3	9.73799598870253E-005
398.4	0.000100332840821246
398.5	0.000103375714110455
398.6	0.000106511320111963
398.7	0.000109742482640975
398.8	0.000113072111512254
398.9	0.000116503205159175
399	0.000120038853332576
399.1	0.000123682239881767
399.2	0.000127436645620247
399.3	0.000131305451278708
399.4	0.000135292140547947
399.5	0.000139400303214462
399.6	0.000143633638391545
399.7	0.000147995957848766
399.8	0.000152491189442862
399.9	0.000157123380653107
400	0.000161896702224364
400.1	0.000166815451921054
400.2	0.000171884058395488
400.3	0.000177107085173987
400.4	0.000182489234764383
400.5	0.000188035352888656
400.6	0.000193750432844425
400.7	0.000199639619999291
400.8	0.000205708216422066
400.9	0.000211961685655008
401	0.000218405657631431
401.1	0.000225045933743039
401.2	0.000231888492061618
401.3	0.000238939492719753
401.4	0.000246205283455352
401.5	0.00025369240532513
401.6	0.000261407598591994
401.7	0.000269357808791772
401.8	0.000277550192984727
401.9	0.000285992126197394
402	0.000294691208060653
402.1	0.000293229924425539
402.2	0.00029176743407614
402.3	0.000290312237927787
402.4	0.000288864299600503
402.5	0.000287423582895755
402.6	0.000285990051795548
402.7	0.000284563670461532
402.8	0.000283144403234099
402.9	0.000281732214631493
403	0.000280327069348926
403.1	0.000278928932257694
403.2	0.000277537768404296
403.3	0.000276153543009563
403.4	0.000274776221467788
403.5	0.000273405769345862
403.6	0.000272042152382408
403.7	0.000270685336486934
403.8	0.000269335287738969
403.9	0.000267991972387227
404	0.000266655356848751
404.1	0.000265325407708085
404.2	0.000264002091716431
404.3	0.000262685375790819
404.4	0.000261375227013286
404.5	0.000260071612630039
404.6	0.000258774500050653
404.7	0.000257483856847249
404.8	0.000256199650753674
404.9	0.000254921849664713
405	0.00025365042163527
405.1	0.000252385334879579
405.2	0.000251126557770405
405.3	0.000249874058838256
405.4	0.000248627806770591
405.5	0.000247387770411044
405.6	0.000246153918758644
405.7	0.000244926220967032
405.8	0.000243704646343701
405.9	0.000242489164349222
406	0.000241279744596481
406.1	0.000240076356849922
406.2	0.000238878971024788
406.3	0.000237687557186371
406.4	0.000236502085549264
406.5	0.000235322526476612
406.6	0.00023414885047938
406.7	0.000232981028215605
406.8	0.000231819030489669
406.9	0.00023066282825157
407	0.00022951239259619
407.1	0.000228367694762579
407.2	0.000227228706133232
407.3	0.000226095398233372
407.4	0.000224967742730245
407.5	0.000223845711432403
407.6	0.000222729276289004
407.7	0.000221618409389114
407.8	0.000220513082961002
407.9	0.000219413269371448
408	0.000218318941125056
408.1	0.000217230070863563
408.2	0.000216146631365156
408.3	0.00021506859554379
408.4	0.000213995936448515
408.5	0.000212928627262797
408.6	0.00021186664130385
408.7	0.000210809952021971
408.8	0.000209758532999872
408.9	0.000208712357952022
409	0.000207671400723992
409.1	0.000206635635291796
409.2	0.000205605035761245
409.3	0.000204579576367296
409.4	0.000203559231473413
409.5	0.000202543975570917
409.6	0.00020153378327836
409.7	0.000200528629340883
409.8	0.000199528488629582
409.9	0.000198533336140889
410	0.000197543146995941
410.1	0.000196557896439955
410.2	0.000195577559841618
410.3	0.000194602112692464
410.4	0.000193631530606262
410.5	0.00019266578931841
410.6	0.000191704864685327
410.7	0.000190748732683845
410.8	0.000189797369410614
410.9	0.000188850751081505
411	0.000187908854031008
411.1	0.000186971654711649
411.2	0.000186039129693396
411.3	0.000185111255663075
411.4	0.000184188009423787
411.5	0.000183269367894327
411.6	0.00018235530810861
411.7	0.000181445807215094
411.8	0.000180540842476208
411.9	0.000179640391267788
412	0.000178744431078505
412.1	0.000177852939509308
412.2	0.000176965894272863
412.3	0.000176083273192992
412.4	0.000175205054204121
412.5	0.000174331215350731
412.6	0.000173461734786804
412.7	0.000172596590775281
412.8	0.000171735761687518
412.9	0.000170879226002741
413	0.000170026962307513
413.1	0.0001691789492952
413.2	0.00016833516576543
413.3	0.000167495590623571
413.4	0.000166660202880202
413.5	0.000165828981650586
413.6	0.000165001906154147
413.7	0.000164178955713956
413.8	0.000163360109756209
413.9	0.000162545347809714
414	0.00016173464950538
414.1	0.000160927994575708
414.2	0.000160125362854282
414.3	0.000159326734275267
414.4	0.000158532088872908
414.5	0.000157741406781026
414.6	0.00015695466823253
414.7	0.000156171853558915
414.8	0.000155392943189772
414.9	0.000154617917652303
415	0.000153846757570828
415.1	0.000153079443666305
415.2	0.000152315956755847
415.3	0.000151556277752241
415.4	0.000150800387663472
415.5	0.000150048267592248
415.6	0.00014929989873553
415.7	0.000148555262384056
415.8	0.000147814339921879
415.9	0.000147077112825899
416	0.0001463435626654
416.1	0.000145613671101589
416.2	0.00014488741988714
416.3	0.000144164790865734
416.4	0.000143445765971609
416.5	0.000142730327229103
416.6	0.000142018456752213
416.7	0.000141310136744138
416.8	0.000140605349496842
416.9	0.000139904077390607
417	0.000139206302893592
417.1	0.0001385120085614
417.2	0.000137821177036638
417.3	0.000137133791048478
417.4	0.000136449833412237
417.5	0.000135769287028939
417.6	0.000135092134884887
417.7	0.000134418360051244
417.8	0.000133747945683603
417.9	0.00013308087502157
418	0.000132417131388344
418.1	0.000131756698190299
418.2	0.000131099558916572
418.3	0.000130445697138645
418.4	0.000129795096509941
418.5	0.00012914774076541
418.6	0.000128503613721124
418.7	0.000127862699273874
418.8	0.000127224981400766
418.9	0.00012659044415882
419	0.000125959071684569
419.1	0.000125330848193672
419.2	0.000124705757980508
419.3	0.000124083785417787
419.4	0.000123464914956166
419.5	0.000122849131123848
419.6	0.000122236418526207
419.7	0.000121626761845396
419.8	0.000121020145839965
419.9	0.000120416555344484
420	0.000119815975269158
420.1	0.000119218390599453
420.2	0.000118623786395724
420.3	0.000118032147792832
420.4	0.000117443459999783
420.5	0.000116857708299351
420.6	0.000116274878047712
420.7	0.000115694954674081
420.8	0.000115117923680342
420.9	0.000114543770640691
421	0.000113972481201272
421.1	0.000113404041079819
421.2	0.0001128384360653
421.3	0.000112275652017559
421.4	0.000111715674866966
421.5	0.000111158490614064
421.6	0.000110604085329216
421.7	0.000110052445152262
421.8	0.000109503556292169
421.9	0.000108957405026687
422	0.000108413977702005
422.1	0.000107873260732412
422.2	0.000107335240599956
422.3	0.000106799903854105
422.4	0.000106267237111413
422.5	0.000105737227055184
422.6	0.000105209860435138
422.7	0.000104685124067083
422.8	0.000104163004832582
422.9	0.000103643489678627
423	0.000103126565617311
423.1	0.000102612219725508
423.2	0.000102100439144542
423.3	0.000101591211079872
423.4	0.00010108452280077
423.5	0.000100580361640004
423.6	0.000100078714993517
423.7	9.9579570320117E-005
423.8	9.90829151411617E-005
423.9	9.85887370402456E-005
424	9.80970236628899E-005
424.1	9.76077627162354E-005
424.2	9.71209419687326E-005
424.3	9.6636549249837E-005
424.4	9.61545724497065E-005
424.5	9.56749995188946E-005
424.6	9.51978184680537E-005
424.7	9.47230173676335E-005
424.8	9.42505843475803E-005
424.9	9.37805075970449E-005
425	9.3312775364084E-005
425.1	9.28473759553668E-005
425.2	9.23842977358847E-005
425.3	9.19235291286576E-005
425.4	9.14650586144464E-005
425.5	9.10088747314641E-005
425.6	9.05549660750905E-005
425.7	9.01033212975851E-005
425.8	8.96539291078047E-005
425.9	8.92067782709218E-005
426	8.87618576081419E-005
426.1	8.83191559964249E-005
426.2	8.78786623682081E-005
426.3	8.74403657111275E-005
426.4	8.70042550677439E-005
426.5	8.65703195352681E-005
426.6	8.61385482652899E-005
426.7	8.57089304635047E-005
426.8	8.52814553894448E-005
426.9	8.4856112356212E-005
427	8.44328907302071E-005
427.1	8.4011779930868E-005
427.2	8.35927694304034E-005
427.3	8.31758487535277E-005
427.4	8.27610074772033E-005
427.5	8.23482352303762E-005
427.6	8.19375216937186E-005
427.7	8.15288565993713E-005
427.8	8.11222297306852E-005
427.9	8.07176309219674E-005
428	8.03150500582265E-005
428.1	7.99144770749204E-005
428.2	7.95159019577034E-005
428.3	7.91193147421766E-005
428.4	7.87247055136393E-005
428.5	7.83320644068402E-005
428.6	7.79413816057307E-005
428.7	7.75526473432211E-005
428.8	7.71658519009343E-005
428.9	7.67809856089641E-005
429	7.63980388456328E-005
429.1	7.6017002037252E-005
429.2	7.56378656578814E-005
429.3	7.52606202290914E-005
429.4	7.48852563197275E-005
429.5	7.45117645456714E-005
429.6	7.41401355696097E-005
429.7	7.37703601007993E-005
429.8	7.3402428894833E-005
429.9	7.30363327534124E-005
430	7.26720625241147E-005
430.1	7.23096091001648E-005
430.2	7.19489634202088E-005
430.3	7.15901164680856E-005
430.4	7.12330592726028E-005
430.5	7.08777829073116E-005
430.6	7.05242784902849E-005
430.7	7.01725371838937E-005
430.8	6.98225501945865E-005
430.9	6.94743087726711E-005
431	6.91278042120935E-005
431.1	6.87830278502213E-005
431.2	6.84399710676281E-005
431.3	6.80986252878761E-005
431.4	6.77589819773032E-005
431.5	6.74210326448085E-005
431.6	6.70847688416418E-005
431.7	6.67501821611901E-005
431.8	6.64172642387687E-005
431.9	6.6086006751413E-005
432	6.57564014176677E-005
433	6.24858141865118E-005
435	5.65395027723982E-005
440	4.40330090336116E-005
450	2.67073700182888E-005
460	1.61988387563821E-005
470	9.82509235748701E-006
480	5.95921974932415E-006
490	3.61444948593013E-006
500	2.19227443119919E-006
