54 9
0.10	4.179		4.179		0.0	        0.00	        0.00	        	0.00	        	0.00	0.00	0.00
0.15	2.742		2.742		0.0	        0.00	        0.00	        	0.00	        	0.00	0.00	0.00
0.20	2.051		2.051		0.0        	0.00	        0.00	        	0.00	        	0.00	0.00	0.00
0.30	1.462		1.462		0.0	        0.00        	0.00        		0.00        		0.00	0.00	0.00
0.40	1.36		1.33		0.03	        0.00	        0.00	        	0.00	        	0.03	0.00	0.00
0.50	1.43		1.26		0.17	        0.00	        0.00	        	0.00	        	0.17	0.00	0.00
0.70	1.66		1.19		0.47	        0.00	        0.00	        	0.00	        	0.47	0.00	0.00
1	52	  	29.96	       22.04		0		0			0			0.87	0	21.17
1.5	37		27.55	       9.45		0		0			0			0.625	0	8.825
2	29		25.3	       	3.7		0		0			0			0.52	0	3.18
3	22		21.3		0.7		0		0			0			0.47	0	0.23
4	20		18		2		0		0			0			0.535	0.001	1.464
5	19.8		15.5		4.3		0		0			0			0.59	0.00129	3.70871
7	20.7		13.7		7.00201		0		0.00211			0			0.685	0.0367	6.2782
10	20.9		11.9		9.0009		0		0.0109			0			0.505	0.00419	8.48081
15	17.5		10		7.5		0.133		0.0823			0.2803			0.32	0.001	6.6834
20	15.7		8.43		7.27		0.4596		0.24			0.832			0.18	0.001	5.5574
30	12.7		6.22		6.48		1.0868		0.307			1.7982			0.08	0	3.208
40	11		5.1		5.9		1.5293		0.391			1.6917			0.045	0	2.243
50	10.2		4.37		5.83		1.862		0.336			1.47			0.0288	0	2.1332
70	8.79		3.48		5.31		2.1476		0.267			1.1134			0.0147	0	1.7673
100	7.39		2.74		4.65		2.3128		0.209			0.6702			0.0072	0	1.4508
150	5.936		2.08		3.856		2.1616		0.12589886565114	0.43690113434886	0	0	1.1316
200	5.012		1.71		3.302		1.9404		0.08367116175919	0.35592883824081	0	0	0.922
300	3.948		1.3		2.648		1.6072		0.04536675546079	0.26263324453921	0	0	0.7328
400	3.248		1.07		2.178		1.3664		0.02855510081731	0.21504489918269	0	0	0.568
500	2.7048		0.918		1.7868		1.2012		0.01988151385046	0.17891848614954	0	0	0.3868
700	2.08		0.715		1.365		0.9268		0.01079233001278	0.17680766998722	0	0	0.2506
1000	1.5848		0.554		1.0308		0.7112		0.00570488882993	0.14269511117007	0	0	0.1712
1500	1.1536		0.403		0.7506		0.5124		0.00269059185109	0.10590940814891	0	0	0.1296
2000	0.9212		0.319		0.6022		0.406		0.00157834806712	0.09082165193288	0	0	0.1038
3000	0.6748		0.228		0.4233		0.294		0.00074818215089	0.05805181784911	0	0	0.0705
4000	0.5376		0.178		0.3301		0.2366		0.00044577201524	0.03795422798476	0	0	0.0551
5000	0.448		0.146		0.27298		0.19656		0.0002933063639		0.0302266936361		0	0	0.0459
7000	0.328		0.11		0.2035		0.138		0.0001449		0.0308551		0	0	0.0345
10000	0.227		0.0795		0.14748		0.103		7.45E-05		0.0190055		0	0	0.0254
15000	0.15105		0.051805	0.099245	0.072842	2.824E-05		0.0084117844002		0	0	0.0179629755998
20000	0.117441	0.0396456	0.0777954	0.0571768	2.016E-05		0.00649853248408	0	0	0.01409990751592
30000	0.082766	0.0275607	0.0552053	0.0408842	1.304E-05		0.00422593860002	0	0	0.01008212139998
40000	0.0649356	0.02116678	0.04376882	0.0324196	1.056E-05		0.00334392504276	0	0	0.00799473495724
50000	0.0541014	0.01743518	0.03666622	0.027217	8.64E-06		0.0027288160877		0	0	0.0067117639123
70000	0.0415		0.0131		0.0282		0.0212		6.88E-06		0.00176515972		0	0	0.00522796028
100000	0.0318674	0.00991704	0.02195036	0.0164454	4.48E-06		0.00144501311374	0	0	0.00405546688626
150000	0.0243186	0.00744746	0.01687114	0.0127352	3.28E-06		0.00099213548312	0	0	0.00314052451688
200000	0.0205422	0.00621678	0.01432542	0.0108672	2.16E-06		0.00077618783232	0	0	0.00267987216768
300000	0.0168092	0.00499188	0.01181732	0.0090207	1.68E-06		0.00057041824067	0	0	0.00222452175933
400000	0.0149684	0.00435594	0.01061246	0.0081276	1.4E-06			0.00047917839756	0	0	0.00200428160244
500000	0.0138977	0.0039709	0.0099268	0.00761634	1.336E-06		0.00043092008495	0	0	0.00187820391505
700000	0.0128		0.00352		0.00924		0.00713		1.16E-06		0.000350568453		0	0	0.001758271547
1000000	0.0119083	0.00315582	0.00875248	0.00672364	1.12E-06		0.00036965760108	0	0	0.00165806239892
1500000	0.0113415	0.00286458	0.00847692	0.00652098	1.056E-06		0.00034679794214	0	0	0.00160808605786
2000000	0.0110665	0.00270826	0.00835824	0.00645072	9.52E-07		0.00031580819163	0	0	0.00159075980837
3000000	0.0108122	0.00255346	0.00825874	0.00639848	8.32E-07		0.00028155067489	0	0	0.00157787732511
4000000	0.0106678	0.0024736	0.0081942	0.00636196	7.68E-07		0.00026260057628	0	0	0.00156887142372


#E(eV)	TCSe-16cm2	Elast_calc	Inelast		Ion		Exc			Neutr_diss(remaining)	VibracExc Attachment Rotacional_Dipole
