54 9
  0.100000001      0.316397101      0.316397101       0.00000000       0.00000000       0.00000000       0.00000000       0.00000000       0.00000000       0.00000000    
  0.150000006      0.207600117      0.207600117       0.00000000       0.00000000       0.00000000       0.00000000       0.00000000       0.00000000       0.00000000    
  0.200000003      0.155283675      0.155283675       0.00000000       0.00000000       0.00000000       0.00000000       0.00000000       0.00000000       0.00000000    
  0.300000012      0.110689774      0.110689774       0.00000000       0.00000000       0.00000000       0.00000000       0.00000000       0.00000000       0.00000000    
  0.400000006      0.130695894      0.100695893       2.99999993E-02   0.00000000       0.00000000       0.00000000       2.99999993E-02   0.00000000       0.00000000    
  0.500000000      0.265396118       9.53961089E-02  0.170000002       0.00000000       0.00000000       0.00000000      0.170000002       0.00000000       0.00000000    
  0.699999988      0.560096323       9.00963321E-02  0.469999999       0.00000000       0.00000000       0.00000000      0.469999999       0.00000000       0.00000000    
   1.00000000       24.3083076       2.26830745       22.0400009       0.00000000       0.00000000       0.00000000      0.870000005       0.00000000       21.1700001    
   1.50000000       12.1891670       2.73916698       9.44999981       0.00000000       0.00000000       0.00000000      0.625000000       0.00000000       8.82499981    
   2.00000000       6.76076889       3.06076860       3.70000005       0.00000000       0.00000000       0.00000000      0.519999981       0.00000000       3.18000007    
   3.00000000       4.12781286       3.42781305      0.699999988       0.00000000       0.00000000       0.00000000      0.469999999       0.00000000      0.230000004    
   4.00000000       5.60000038       3.60000014       2.00000000       0.00000000       0.00000000       0.00000000      0.535000026       1.00000005E-03   1.46399999    
   5.00000000       7.99862099       3.69862080       4.30000019       0.00000000       0.00000000       0.00000000      0.589999974       1.29000004E-03   3.70870996    
   7.00000000       11.1224461       4.12191057       7.00200987       0.00000000       6.34834461E-04   0.00000000      0.685000002       3.66999991E-02   6.27820015    
   10.0000000       13.4989128       4.50478649       9.00090027       0.00000000       4.12623351E-03   0.00000000      0.504999995       4.18999977E-03   8.48081017    
   15.0000000       12.0688753       4.82533169       7.50000000       6.41769171E-02   3.97124812E-02  0.135254055      0.319999993       1.00000005E-03   6.68340015    
   20.0000000       11.2781715       4.68802881       7.26999998      0.255589306      0.133467004      0.462685645      0.180000007       1.00000005E-03   5.55740023    
   30.0000000       9.54004478       4.13171673       6.48000002      0.721921206      0.203928813       1.19447803       7.99999982E-02   0.00000000       3.20799994    
   40.0000000       8.88517952       3.86198497       5.90000010       1.15806544      0.296085536       1.28104317       4.50000018E-02   0.00000000       2.24300003    
   50.0000000       8.91476727       3.67126060       5.82999992       1.56427622      0.282275409       1.23495495       2.87999995E-02   0.00000000       2.13319993    
   70.0000000       8.40169716       3.28717875       5.30999994       2.02860475      0.252205938       1.05170822       1.47000002E-02   0.00000000       1.76730001    
   100.000000       7.33341360       2.71386290       4.65000010       2.29073787      0.207006335      0.663806856       7.19999988E-03   0.00000000       1.45079994    
   150.000000       5.93189621       2.07822323       3.85599995       2.15975380      0.125791326      0.436527938       0.00000000       0.00000000       1.13160002    
   200.000000       5.01140642       1.70975196       3.30200005       1.94011855       8.36590230E-02  0.355877191       0.00000000       0.00000000      0.921999991    
   300.000000       3.94796753       1.29998672       2.64800000       1.60718369       4.53662947E-02  0.262630552       0.00000000       0.00000000      0.732800007    
   400.000000       3.24799609       1.06999850       2.17799997       1.36639798       2.85550579E-02  0.215044573       0.00000000       0.00000000      0.568000019    
   500.000000       2.70479941      0.917999685       1.78680003       1.20119965       1.98815074E-02  0.178918421       0.00000000       0.00000000      0.386799991    
   700.000000       2.07999992      0.714999974       1.36500001      0.926800013       1.07923299E-02  0.176807672       0.00000000       0.00000000      0.250600010    
   1000.00000       1.58480000      0.554000020       1.03079998      0.711199999       5.70488861E-03  0.142695114       0.00000000       0.00000000      0.171200007    
   1500.00000       1.15359998      0.402999997      0.750599980      0.512399971       2.69059185E-03  0.105909407       0.00000000       0.00000000      0.129600003    
   2000.00000      0.921200037      0.319000006      0.602199972      0.405999988       1.57834811E-03   9.08216536E-02   0.00000000       0.00000000      0.103799999    
   3000.00000      0.651300013      0.228000000      0.423299998      0.294000000       7.48182123E-04   5.80518171E-02   0.00000000       0.00000000       7.05000013E-02
   4000.00000      0.508099973      0.178000003      0.330100000      0.236599997       4.45772021E-04   3.79542261E-02   0.00000000       0.00000000       5.51000014E-02
   5000.00000      0.418979973      0.145999998      0.272980005      0.196559995       2.93306366E-04   3.02266944E-02   0.00000000       0.00000000       4.58999984E-02
   7000.00000      0.313499987      0.109999999      0.203500003      0.137999997       1.44899997E-04   3.08551006E-02   0.00000000       0.00000000       3.44999991E-02
   10000.0000      0.226980001       7.94999972E-02  0.147479996      0.103000000       7.44999998E-05   1.90054998E-02   0.00000000       0.00000000       2.53999997E-02
   15000.0000      0.151050001       5.18050008E-02   9.92449969E-02   7.28420019E-02   2.82399997E-05   8.41178466E-03   0.00000000       0.00000000       1.79629754E-02
   20000.0000      0.117440999       3.96456011E-02   7.77954012E-02   5.71767986E-02   2.01599996E-05   6.49853237E-03   0.00000000       0.00000000       1.40999071E-02
   30000.0000       8.27659965E-02   2.75606997E-02   5.52053005E-02   4.08842005E-02   1.30400003E-05   4.22593858E-03   0.00000000       0.00000000       1.00821210E-02
   40000.0000       6.49355948E-02   2.11667791E-02   4.37688194E-02   3.24195996E-02   1.05600002E-05   3.34392511E-03   0.00000000       0.00000000       7.99473468E-03
   50000.0000       5.41014001E-02   1.74351800E-02   3.66662182E-02   2.72170007E-02   8.63999958E-06   2.72881612E-03   0.00000000       0.00000000       6.71176380E-03
   70000.0000       4.12999988E-02   1.31000001E-02   2.82000005E-02   2.11999994E-02   6.88000000E-06   1.76515977E-03   0.00000000       0.00000000       5.22796018E-03
   100000.000       3.18673998E-02   9.91704036E-03   2.19503604E-02   1.64454002E-02   4.47999992E-06   1.44501310E-03   0.00000000       0.00000000       4.05546697E-03
   150000.000       2.43186001E-02   7.44746020E-03   1.68711394E-02   1.27352001E-02   3.28000010E-06   9.92135494E-04   0.00000000       0.00000000       3.14052450E-03
   200000.000       2.05421988E-02   6.21677982E-03   1.43254204E-02   1.08671999E-02   2.15999989E-06   7.76187808E-04   0.00000000       0.00000000       2.67987209E-03
   300000.000       1.68092009E-02   4.99188015E-03   1.18173202E-02   9.02070012E-03   1.67999997E-06   5.70418255E-04   0.00000000       0.00000000       2.22452171E-03
   400000.000       1.49683999E-02   4.35594004E-03   1.06124599E-02   8.12759995E-03   1.39999997E-06   4.79178387E-04   0.00000000       0.00000000       2.00428162E-03
   500000.000       1.38977002E-02   3.97090008E-03   9.92679968E-03   7.61634018E-03   1.33599997E-06   4.30920074E-04   0.00000000       0.00000000       1.87820394E-03
   700000.000       1.27599994E-02   3.52000003E-03   9.23999958E-03   7.12999981E-03   1.16000001E-06   3.50568444E-04   0.00000000       0.00000000       1.75827160E-03
   1000000.00       1.19083002E-02   3.15582007E-03   8.75248015E-03   6.72364002E-03   1.11999998E-06   3.69657588E-04   0.00000000       0.00000000       1.65806245E-03
   1500000.00       1.13415001E-02   2.86457990E-03   8.47692043E-03   6.52098004E-03   1.05599997E-06   3.46797955E-04   0.00000000       0.00000000       1.60808605E-03
   2000000.00       1.10665001E-02   2.70825997E-03   8.35824013E-03   6.45072013E-03   9.51999994E-07   3.15808196E-04   0.00000000       0.00000000       1.59075984E-03
   3000000.00       1.08122006E-02   2.55345996E-03   8.25874042E-03   6.39847992E-03   8.32000012E-07   2.81550689E-04   0.00000000       0.00000000       1.57787732E-03
   4000000.00       1.06678000E-02   2.47359998E-03   8.19419976E-03   6.36195997E-03   7.68000007E-07   2.62600573E-04   0.00000000       0.00000000       1.56887143E-03

#       E(eV)   	TCSe-16cm2	Elast_calc	Inelast		Ion		Exc		Neutr_diss(remaining)	VibracExc Attachment Rotacional_Dipole
