# 1
# 1e9
# 1
# 360.
# 24
   10            0.0015049907
   15               0.1855003
   20             0.255025484
   30             0.146397209
   40             0.081697488
   50            0.0494115949
   70             0.023176639
  100            0.0107337225
  150            0.0043187038
  200            0.0022933757
  300            0.0009637051
  400            0.0005267568
  500            0.0003425105
  700            0.0001586591
 1000   7.35162459598911E-005
 1500   3.06621177198032E-005
 2000   1.64870560536101E-005
 3000   6.87641278425169E-006
 4000   3.69745508310071E-006
 5000             0.000002285
 7000             0.000001106
10000   5.12452995483817E-007
15000   2.13733629461482E-007
20000   1.14924819011999E-007
