48 9
   0.100000001      0.316397101      0.316397101       0.00000000       0.00000000       0.00000000       0.00000000       0.00000000       0.00000000       0.00000000    
   1.00000000       100.433647       7.91567042E-02   100.354492       0.00000000       0.00000000       0.00000000       1.13395000       0.00000000       99.2205429    
   1.50000000       73.6117783      0.142222241       73.4695587       0.00000000       0.00000000       0.00000000       1.44058037       0.00000000       72.0289764    
   2.00000000       54.6499748      0.192684218       54.4572906       0.00000000       0.00000000       0.00000000       1.61754417       0.00000000       52.8397484    
   3.00000000       36.6961708      0.288428813       36.4077415       0.00000000       0.00000000       0.00000000       1.74557722       0.00000000       34.6621628    
   4.00000000       28.3586102      0.384575874       27.9771214       0.00000000       0.00000000       7.71783001E-04   1.92559850       0.00000000       26.0476627    
   5.00000000       22.0693493      0.450681657       21.6113052       0.00000000       0.00000000       8.26801115E-04   1.72899401       9.99999978E-03   19.8788471    
   7.00000000       18.5087280      0.655546248       17.9211597       0.00000000       1.62526104E-03   2.76294369E-02   1.70339334       1.45000005       14.6705332    
   10.0000000       15.2612562      0.653889596       14.6726627       0.00000000       2.56615374E-02   1.41138462E-02   3.28434801       2.42000008       8.86324310    
   15.0000000       12.0242405      0.702956200       12.0431957      0.193013281      0.222201914      0.381783307       1.80428529       2.92000008       5.80000019    
   20.0000000       9.75599480      0.840254545       10.5890570      0.500501275      0.380227745       1.00546467      0.499546170       2.73000002       3.79999995    
   30.0000000       8.51923180       1.05479181       8.81208706      0.932674825      0.301747710       1.43193007      0.115629636       2.27999997       2.40245771    
   40.0000000       7.98083305       1.19857192       7.76720858       1.30879009      0.373940021       1.38981044       5.76113872E-02   1.71000004       1.94210947    
   50.0000000       7.66168928       1.28864467       7.01609182       1.73805749      0.340795577       1.29979432       3.48865986E-02   1.29999995       1.65951049    
   70.0000000       7.06441784       1.31387472       5.95905542       2.21274686      0.292653620       1.04927027       1.51131842E-02  0.901725292       1.27903402    
   100.000000       5.96727943       1.16338146       4.83541393       2.36081982      0.222966298      0.688572466       6.62099104E-03  0.585453570      0.939464927    
   150.000000       4.88672256      0.962098181       3.92707920       2.27091289      0.186847255      0.413938552       2.87703099E-03  0.358303457      0.691745102    
   200.000000       4.14951420      0.816844881       3.33303666       2.07580590      0.164545581      0.291119099       0.00000000      0.252902895      0.548296034    
   300.000000       3.31997180      0.657217801       2.66277552       1.78137589      0.137844563      0.201465130       0.00000000      0.154779106      0.387289256    
   400.000000       2.79999638      0.553113937       2.24688530       1.55188704      0.118673712      0.155188695       0.00000000      0.109248407      0.311884731    
   500.000000       2.42999935      0.485999852       1.94400001       1.37703764      0.104078420      0.120090485       0.00000000       8.33796114E-02  0.259413421    
   700.000000       2.00000024      0.402439028       1.59756100       1.12632406       8.71560276E-02  0.127381876       0.00000000       5.54757304E-02  0.201223314    
   1000.00000       1.58000004      0.322551847       1.25744820      0.889286757       6.96429387E-02  0.112500131       0.00000000       3.60181332E-02  0.150000185    
   1500.00000       1.13615024      0.245000005      0.905043483      0.650102019       5.29699996E-02   7.80347437E-02   0.00000000       2.20434591E-02   8.79999995E-02
   2000.00000      0.908237159      0.197283849      0.723716140      0.509695590       4.09015007E-02   6.58939108E-02   0.00000000       1.55590307E-02   7.89033026E-02
   3000.00000      0.678520083      0.147919923      0.527080059      0.382588416       2.99617443E-02   5.19198738E-02   0.00000000       9.52228345E-03   5.66078834E-02
   4000.00000      0.546463251      0.116999999      0.421001166      0.312000006       2.33999994E-02   4.38420586E-02   0.00000000       6.72115479E-03   4.34999987E-02
   5000.00000      0.466570467      0.101619512      0.346380502      0.266113222       1.98820215E-02   3.84524800E-02   0.00000000       5.12966095E-03   3.53735611E-02
   7000.00000      0.362764895       7.69999996E-02  0.268002957      0.209000006       1.47000002E-02   3.15519311E-02   0.00000000       3.41296499E-03   2.71000005E-02
   10000.0000      0.280951262       6.01221733E-02  0.197877824      0.161478639       1.14088170E-02   2.55840905E-02   0.00000000       2.21589906E-03   2.01416686E-02
   15000.0000      0.142638221       5.18050008E-02   9.92449969E-02   7.28420019E-02   2.82399997E-05   0.00000000       0.00000000       0.00000000       1.79629754E-02
   20000.0000      0.110942468       3.96456011E-02   7.77954012E-02   5.71767986E-02   2.01599996E-05   0.00000000       0.00000000       0.00000000       1.40999071E-02
   30000.0000       7.85400569E-02   2.75606997E-02   5.52053005E-02   4.08842005E-02   1.30400003E-05   0.00000000       0.00000000       0.00000000       1.00821210E-02
   40000.0000       6.15916736E-02   2.11667791E-02   4.37688194E-02   3.24195996E-02   1.05600002E-05   0.00000000       0.00000000       0.00000000       7.99473468E-03
   50000.0000       5.13725877E-02   1.74351800E-02   3.66662182E-02   2.72170007E-02   8.63999958E-06   0.00000000       0.00000000       0.00000000       6.71176380E-03
   70000.0000       3.95348407E-02   1.31000001E-02   2.82000005E-02   2.11999994E-02   6.88000000E-06   0.00000000       0.00000000       0.00000000       5.22796018E-03
   100000.000       3.04223858E-02   9.91704036E-03   2.19503604E-02   1.64454002E-02   4.47999992E-06   0.00000000       0.00000000       0.00000000       4.05546697E-03
   150000.000       2.33264659E-02   7.44746020E-03   1.68711394E-02   1.27352001E-02   3.28000010E-06   0.00000000       0.00000000       0.00000000       3.14052450E-03
   200000.000       1.97660122E-02   6.21677982E-03   1.43254204E-02   1.08671999E-02   2.15999989E-06   0.00000000       0.00000000       0.00000000       2.67987209E-03
   300000.000       1.62387826E-02   4.99188015E-03   1.18173202E-02   9.02070012E-03   1.67999997E-06   0.00000000       0.00000000       0.00000000       2.22452171E-03
   400000.000       1.44892214E-02   4.35594004E-03   1.06124599E-02   8.12759995E-03   1.39999997E-06   0.00000000       0.00000000       0.00000000       2.00428162E-03
   500000.000       1.34667810E-02   3.97090008E-03   9.92679968E-03   7.61634018E-03   1.33599997E-06   0.00000000       0.00000000       0.00000000       1.87820394E-03
   700000.000       1.24094309E-02   3.52000003E-03   9.23999958E-03   7.12999981E-03   1.16000001E-06   0.00000000       0.00000000       0.00000000       1.75827160E-03
   1000000.00       1.15386425E-02   3.15582007E-03   8.75248015E-03   6.72364002E-03   1.11999998E-06   0.00000000       0.00000000       0.00000000       1.65806245E-03
   1500000.00       1.09947016E-02   2.86457990E-03   8.47692043E-03   6.52098004E-03   1.05599997E-06   0.00000000       0.00000000       0.00000000       1.60808605E-03
   2000000.00       1.07506914E-02   2.70825997E-03   8.35824013E-03   6.45072013E-03   9.51999994E-07   0.00000000       0.00000000       0.00000000       1.59075984E-03
   3000000.00       1.05306497E-02   2.55345996E-03   8.25874042E-03   6.39847992E-03   8.32000012E-07   0.00000000       0.00000000       0.00000000       1.57787732E-03
   4000000.00       1.04051996E-02   2.47359998E-03   8.19419976E-03   6.36195997E-03   7.68000007E-07   0.00000000       0.00000000       0.00000000       1.56887143E-03


#       E(eV)   	TCSe-16cm2	Elast_calc	Inelast		Ion		Exc		Neutr_diss(remaining)	VibracExc   positr        Rotacional_Dipole
