 181          29 KTC
             0.90000          1.0000          1.5000          2.0000          3.0000          4.0000          5.0000          7.0000          10.000          15.000          20.000          30.000          40.000          50.000          70.000          100.00          150.00          200.00          300.00          400.00          500.00          700.00          1000.0          2000.0          3000.0          4000.0          5000.0          7000.0          10000.    
           0 1               2.4528          2.73            2.94            3.248           3.332           3.416           3.472           3.108           3.052           3.304           3.864           4.256           4.592           5.012           5.404           5.74            5.908           5.936           5.908           5.824           5.544           5.236           4.396           3.808           3.444           3.108           2.6852          2.2232          
           1 1               2.4528          2.7272          2.912           3.248           3.304           3.416           3.444           3.08            2.996           3.248           3.78            4.144           4.452           4.816           5.124           5.348           5.376           5.208           4.984           4.732           4.284           3.724           2.5452          1.848           1.4056          1.0836          0.6916          0.3976          
           2 1               2.4472          2.716           2.912           3.192           3.276           3.332           3.36            2.968           2.884           3.108           3.584           3.892           4.144           4.424           4.592           4.648           4.536           4.172           3.836           3.5             2.94            2.31            1.2124          0.7756          0.5992          0.5432          0.5824          0.7336          
           3 1               2.4388          2.6992          2.884           3.164           3.192           3.248           3.248           2.828           2.716           2.912           3.332           3.612           3.808           4.032           4.144           4.088           3.892           3.444           3.052           2.688           2.1308          1.582           0.854           0.7224          0.7392          0.7896          0.868           0.8764          
           4 1               2.4248          2.6796          2.856           3.08            3.108           3.136           3.108           2.674           2.5452          2.73            3.108           3.36            3.528           3.696           3.752           3.612           3.36            2.884           2.4668          2.1308          1.652           1.2348          0.8428          0.8344          0.8568          0.854           0.7868          0.63            
           5 1               2.4108          2.6516          2.8             3.024           3.024           3.024           2.94            2.52            2.3884          2.5648          2.94            3.164           3.304           3.416           3.388           3.192           2.94            2.4444          2.058           1.764           1.3804          1.0864          0.882           0.8568          0.8036          0.7336          0.5712          0.4256          
           6 1               2.3912          2.6208          2.7664          2.94            2.94            2.912           2.8             2.38            2.2484          2.4164          2.7524          2.94            3.052           3.136           3.08            2.856           2.5844          2.114           1.7696          1.526           1.2236          1.0192          0.8568          0.7588          0.6356          0.5292          0.3976          0.2884          
           7 1               2.3744          2.5872          2.7188          2.856           2.856           2.8             2.6824          2.2484          2.1168          2.2736          2.5816          2.758           2.856           2.912           2.828           2.5676          2.296           1.862           1.5624          1.3608          1.1256          0.9716          0.7812          0.6104          0.476           0.392           0.2912          0.20944         
           8 1               2.352           2.5536          2.6712          2.7692          2.7524          2.6936          2.562           2.1252          1.9936          2.1364          2.4164          2.576           2.6544          2.6852          2.5844          2.3184          2.0608          1.6632          1.4056          1.2376          1.0444          0.9072          0.6636          0.462           0.3556          0.2912          0.21364         0.14644         
           9 1               2.3296          2.5144          2.6208          2.688           2.66            2.5928          2.4444          2.0076          1.8676          2.0048          2.268           2.4136          2.478           2.4836          2.3716          2.1084          1.862           1.5036          1.2796          1.1368          0.9688          0.8288          0.5208          0.3556          0.27412         0.22428         0.16128         0.10416         
          10 1               2.3044          2.4752          2.5704          2.6152          2.5732          2.4948          2.3324          1.89            1.7472          1.876           2.1308          2.2596          2.3128          2.3044          2.184           1.9236          1.694           1.3692          1.1704          1.0444          0.8848          0.7392          0.4088          0.27804         0.21392         0.17304         0.11844         0.07            
          11 1               2.2792          2.436           2.5172          2.5396          2.4892          2.3996          2.2176          1.7724          1.6352          1.7612          1.9992          2.1168          2.1588          2.142           2.016           1.764           1.5456          1.2516          1.0724          0.9548          0.798           0.644           0.322           0.22148         0.1694          0.13356         0.08652         0.04732         
          12 1               2.254           2.394           2.4668          2.4696          2.4024          2.3044          2.1056          1.6632          1.5316          1.6548          1.876           1.9824          2.0188          1.9936          1.8648          1.6212          1.4168          1.1452          0.98            0.8652          0.7112          0.5292          0.26012         0.17864         0.13384         0.10192         0.06216         0.03332         
          13 1               2.2288          2.3548          2.4136          2.3968          2.3184          2.2064          1.9964          1.5596          1.4336          1.5512          1.7612          1.8592          1.89            1.8564          1.7276          1.4924          1.302           1.0472          0.8904          0.7784          0.6244          0.4312          0.21168         0.14448         0.1036          0.07672         0.04452         0.025116        
          14 1               2.2008          2.3128          2.3632          2.324           2.2344          2.1112          1.89            1.4616          1.3384          1.4532          1.652           1.7444          1.7696          1.7304          1.6016          1.3748          1.1956          0.9548          0.8008          0.6916          0.5236          0.35            0.17472         0.11648         0.08092         0.05824         0.03304         0.02058         
          15 1               2.1756          2.2708          2.3072          2.2512          2.1504          2.0188          1.7892          1.3692          1.2488          1.358           1.554           1.638           1.6576          1.6128          1.4868          1.2684          1.0948          0.8652          0.7168          0.6104          0.4312          0.2856          0.14448         0.09212         0.06216         0.04368         0.025536        0.016716        
          16 1               2.1476          2.2288          2.254           2.1812          2.0664          1.9292          1.6912          1.2796          1.1648          1.274           1.4616          1.5372          1.554           1.5064          1.3804          1.1704          1.0024          0.7812          0.6384          0.5292          0.3556          0.23744         0.12068         0.07336         0.04844         0.03388         0.02114         0.013832        
          17 1               2.1168          2.1868          2.198           2.1084          1.9852          1.8424          1.6016          1.1928          1.0836          1.1928          1.372           1.4448          1.456           1.4056          1.2824          1.0752          0.9156          0.7             0.5628          0.4424          0.294           0.19768         0.09912         0.05796         0.03752         0.026516        0.017752        0.01106         
          18 1               2.0916          2.1448          2.1448          2.0384          1.904           1.7612          1.512           1.1116          1.008           1.1172          1.2908          1.3552          1.3664          1.3132          1.19            0.9884          0.8316          0.6272          0.4872          0.3668          0.2436          0.16604         0.08064         0.04648         0.02996         0.021896        0.015148        0.009072        
          19 1               2.0608          2.1             2.0888          1.9684          1.8256          1.68            1.4252          1.0332          0.938           1.0472          1.2124          1.274           1.2796          1.2264          1.1032          0.9044          0.756           0.5572          0.406           0.3052          0.20356         0.14056         0.0658          0.03724         0.024276        0.018564        0.012712        0.007476        
          20 1               2.0328          2.0552          2.0356          1.9012          1.75            1.6016          1.3412          0.9576          0.8736          0.98            1.1396          1.1956          1.2012          1.1424          1.0192          0.8288          0.6804          0.49            0.3416          0.25508         0.17136         0.11928         0.05376         0.03024         0.020328        0.0161          0.010668        0.006244        
          21 1               2.002           2.0104          1.9796          1.8368          1.6772          1.526           1.26            0.8904          0.812           0.9156          1.0724          1.1256          1.1256          1.0668          0.9436          0.756           0.6132          0.42            0.2856          0.21336         0.14504         0.10192         0.04424         0.025004        0.017528        0.014028        0.009044        0.005292        
          22 1               1.9712          1.9684          1.9264          1.7724          1.6044          1.4504          1.1816          0.8232          0.7532          0.8596          1.008           1.0584          1.0556          0.994           0.8708          0.686           0.5488          0.3556          0.23856         0.17948         0.12348         0.08708         0.0364          0.02086         0.015316        0.012068        0.007672        0.00448         
          23 1               1.9404          1.9236          1.8732          1.7108          1.5372          1.3776          1.1088          0.7616          0.7             0.8036          0.9492          0.9912          0.9884          0.924           0.8036          0.6216          0.49            0.2996          0.20048         0.15176         0.10584         0.07448         0.03052         0.017948        0.013552        0.0105          0.006608        0.003864        
          24 1               1.9096          1.8788          1.82            1.6492          1.47            1.3076          1.0416          0.7028          0.6496          0.7532          0.8932          0.9324          0.924           0.8596          0.7364          0.5628          0.4368          0.25088         0.16884         0.12908         0.09072         0.063           0.02576         0.015652        0.011844        0.009072        0.005684        0.003276        
          25 1               1.8788          1.8368          1.7696          1.5876          1.4028          1.2432          0.9744          0.6496          0.602           0.7056          0.84            0.8764          0.8652          0.798           0.6776          0.504           0.3864          0.21112         0.14308         0.11004         0.07812         0.0532          0.022092        0.013916        0.010444        0.007952        0.004956        0.002828        
          26 1               1.848           1.792           1.7192          1.5288          1.3412          1.1788          0.9128          0.5964          0.56            0.6608          0.7896          0.8232          0.8092          0.7392          0.6188          0.4536          0.3276          0.17808         0.12152         0.09436         0.06748         0.0448          0.018816        0.012432        0.009184        0.006944        0.004284        0.0024052       
          27 1               1.8172          1.75            1.6688          1.4728          1.2796          1.1172          0.8512          0.5488          0.518           0.6188          0.742           0.77            0.756           0.6832          0.5656          0.406           0.27832         0.15036         0.10388         0.0812          0.05824         0.03808         0.016296        0.011144        0.00812         0.006104        0.00378         0.0020608       
          28 1               1.7864          1.708           1.6212          1.414           1.2208          1.0584          0.7952          0.504           0.4816          0.5824          0.7             0.7224          0.7056          0.6328          0.5152          0.3612          0.23576         0.12768         0.08904         0.07028         0.0504          0.03248         0.014308        0.00994         0.007196        0.005376        0.003304        0.0017724       
          29 1               1.7556          1.6688          1.5708          1.3608          1.162           0.9996          0.7392          0.462           0.4452          0.546           0.658           0.6776          0.658           0.5824          0.4676          0.3192          0.19992         0.10864         0.07672         0.06076         0.04312         0.027916        0.012712        0.008904        0.006384        0.004732        0.002912        0.0015344       
          30 1               1.7248          1.6268          1.526           1.3076          1.1088          0.9464          0.686           0.4228          0.4144          0.5124          0.6188          0.6328          0.6104          0.5376          0.4228          0.27216         0.1694          0.09296         0.06608         0.05264         0.03696         0.02422         0.01148         0.00798         0.005684        0.0042          0.0025452       0.001344        
          31 1               1.6968          1.5876          1.4784          1.2544          1.0556          0.8932          0.6384          0.3864          0.3836          0.4788          0.5824          0.5936          0.5684          0.4928          0.3808          0.2324          0.14336         0.07952         0.0574          0.04592         0.03164         0.021112        0.010388        0.007168        0.005068        0.003752        0.0022176       0.0011648       
          32 1               1.666           1.5484          1.4336          1.204           1.0052          0.8428          0.5936          0.3528          0.3556          0.4508          0.546           0.5544          0.5292          0.4508          0.3444          0.19796         0.1218          0.0686          0.04984         0.04004         0.027328        0.018592        0.009492        0.006468        0.004536        0.00336         0.0019432       0.0010164       
          33 1               1.638           1.512           1.3888          1.1564          0.9576          0.7952          0.5488          0.3192          0.3304          0.4228          0.5124          0.518           0.49            0.4144          0.308           0.16856         0.1036          0.05936         0.0434          0.035           0.023744        0.01638         0.00868         0.005824        0.00406         0.002996        0.0017052       0.0008792       
          34 1               1.61            1.4728          1.3468          1.1088          0.91            0.7476          0.5096          0.2912          0.308           0.3976          0.4816          0.4816          0.4536          0.378           0.27664         0.14336         0.08848         0.05152         0.0378          0.03052         0.020804        0.014588        0.007924        0.005264        0.00364         0.0026684       0.0015092       0.0007672       
          35 1               1.582           1.4364          1.3048          1.064           0.8652          0.7056          0.4704          0.26376         0.2856          0.3752          0.4508          0.448           0.42            0.3444          0.24724         0.12236         0.07588         0.0448          0.03304         0.026404        0.01834         0.01302         0.007224        0.004732        0.003276        0.0023772       0.0013356       0.0006692       
          36 1               1.554           1.4             1.2628          1.0192          0.8204          0.6636          0.434           0.23912         0.26628         0.3528          0.4228          0.4172          0.3864          0.3108          0.2156          0.10416         0.06524         0.03892         0.02912         0.02296         0.016268        0.011648        0.006636        0.004284        0.002968        0.0021168       0.0011816       0.000588        
          37 1               1.526           1.3636          1.2236          0.9772          0.7784          0.6216          0.4004          0.21616         0.24808         0.3304          0.3976          0.3892          0.3556          0.2828          0.18564         0.08904         0.05628         0.03416         0.025536        0.020104        0.014504        0.010388        0.006048        0.003892        0.002674        0.0018872       0.0010444       0.0005152       
          38 1               1.498           1.33            1.1844          0.9352          0.7392          0.5852          0.3668          0.19516         0.23128         0.3108          0.3724          0.3612          0.3276          0.2562          0.1596          0.07616         0.04872         0.02996         0.022568        0.017696        0.01302         0.009296        0.005544        0.003528        0.002408        0.0016856       0.0009212       0.0004536       
          39 1               1.47            1.2964          1.148           0.896           0.7             0.5488          0.336           0.17584         0.21588         0.294           0.35            0.336           0.3024          0.23156         0.1372          0.06552         0.04256         0.026264        0.019768        0.015708        0.011732        0.008428        0.005068        0.00322         0.0021672       0.0015092       0.0008148       0.0004004       
          40 1               1.4448          1.2628          1.1116          0.8568          0.6636          0.5152          0.308           0.1582          0.20188         0.27692         0.3276          0.3108          0.27636         0.20888         0.11788         0.05656         0.03724         0.023128        0.017388        0.014           0.010612        0.007672        0.004648        0.00294         0.0019516       0.001358        0.0007252       0.0003528       
          41 1               1.4168          1.2292          1.0752          0.8204          0.6272          0.4816          0.2828          0.14224         0.189           0.26124         0.3052          0.2884          0.2534          0.18816         0.10108         0.049           0.03248         0.020468        0.015372        0.012572        0.00966         0.007084        0.004256        0.0026712       0.0017584       0.001218        0.0006468       0.0003136       
          42 1               1.3916          1.1984          1.0388          0.784           0.5936          0.448           0.25816         0.12768         0.17724         0.2464          0.2856          0.26544         0.23184         0.16912         0.0868          0.04256         0.02884         0.018144        0.013692        0.011312        0.008792        0.006552        0.00392         0.002436        0.0015876       0.001092        0.0005768       0.0002772       
          43 1               1.3664          1.1676          1.0052          0.7504          0.56            0.42            0.2352          0.11452         0.1666          0.23268         0.2674          0.24528         0.21196         0.14812         0.07476         0.03724         0.025368        0.016156        0.012236        0.010248        0.008036        0.006132        0.003612        0.0022204       0.0014364       0.0009744       0.0005124       0.0002464       
          44 1               1.3412          1.1368          0.9716          0.7168          0.5292          0.392           0.21364         0.10276         0.1568          0.2198          0.24976         0.22652         0.19348         0.12852         0.0644          0.03276         0.02254         0.014448        0.011032        0.009352        0.007308        0.00574         0.003332        0.0020244       0.0013048       0.0008736       0.0004536       0.00021868      
          45 1               1.316           1.1088          0.9408          0.6832          0.4984          0.364           0.19376         0.09212         0.14784         0.20804         0.23324         0.20888         0.1764          0.11172         0.05572         0.02912         0.020048        0.012964        0.009996        0.00854         0.006664        0.005404        0.003052        0.0018424       0.0011816       0.0007812       0.0004032       0.0001946       
          46 1               1.2936          1.078           0.91            0.6524          0.4704          0.3388          0.17528         0.08232         0.13972         0.19684         0.21784         0.19264         0.16072         0.09716         0.04844         0.025872        0.01792         0.011648        0.0091          0.00784         0.006104        0.005068        0.002828        0.00168         0.0010696       0.0007028       0.0003612       0.00017388      
          47 1               1.2712          1.05            0.8792          0.6216          0.4424          0.3164          0.1582          0.07392         0.13272         0.18648         0.20356         0.17752         0.14616         0.08428         0.04228         0.023128        0.016044        0.0105          0.008344        0.007224        0.005628        0.00476         0.0026152       0.0015344       0.000966        0.0006356       0.0003248       0.00015596      
          48 1               1.246           1.0248          0.8512          0.5936          0.4172          0.294           0.14252         0.06664         0.126           0.17668         0.18984         0.16324         0.133           0.07336         0.03724         0.020804        0.01442         0.009492        0.007672        0.006692        0.005236        0.004452        0.0024136       0.0014          0.0008708       0.0005768       0.0002912       0.00014056      
          49 1               1.2236          0.9968          0.8204          0.5656          0.392           0.27132         0.12824         0.05992         0.12012         0.16772         0.17724         0.15008         0.12096         0.06384         0.03304         0.01876         0.012992        0.008652        0.007084        0.006188        0.0049          0.004172        0.0022288       0.0012824       0.0007868       0.0005236       0.00026236      0.00012628      
          50 1               1.2012          0.9688          0.7924          0.5376          0.3696          0.25088         0.1148          0.05432         0.11452         0.15932         0.16548         0.13804         0.1092          0.05572         0.0294          0.016996        0.011732        0.007924        0.006552        0.005768        0.004592        0.003892        0.0020552       0.0011732       0.0007056       0.0004704       0.0002352       0.00011368      
          51 1               1.1788          0.9436          0.7672          0.5124          0.3444          0.23184         0.10248         0.04928         0.10976         0.15148         0.15456         0.12712         0.09632         0.04872         0.026264        0.015484        0.01064         0.00728         0.006076        0.005376        0.00434         0.00364         0.0018984       0.001078        0.0006412       0.0004256       0.00021252      0.0001022       
          52 1               1.1592          0.9184          0.742           0.4872          0.3248          0.21364         0.09128         0.04508         0.10556         0.1442          0.1442          0.11676         0.08512         0.04312         0.023716        0.014112        0.00966         0.006748        0.005656        0.005012        0.004116        0.003416        0.0017528       0.0009884       0.0005824       0.0003808       0.0001904       0.0000924       
          53 1               1.1368          0.8932          0.7168          0.462           0.3024          0.19684         0.08092         0.04144         0.10164         0.1372          0.13468         0.10724         0.07532         0.03808         0.021588        0.012908        0.008792        0.006244        0.005292        0.004648        0.003892        0.003192        0.0016212       0.0009072       0.0005348       0.0003416       0.00017164      0.00008372      
          54 1               1.1172          0.8708          0.6916          0.4396          0.2828          0.18116         0.07168         0.03864         0.098           0.13104         0.12572         0.09856         0.06664         0.03388         0.019768        0.011844        0.008064        0.005824        0.004956        0.00434         0.003696        0.002996        0.0015008       0.0008288       0.00049         0.000308        0.00015456      0.00007616      
          55 1               1.0976          0.8456          0.6664          0.4172          0.26404         0.16632         0.06356         0.03612         0.09492         0.12516         0.11732         0.09072         0.05908         0.03024         0.018228        0.010892        0.00742         0.005432        0.004648        0.004032        0.003528        0.0028          0.0013888       0.000756        0.000448        0.00027832      0.00013916      0.00006916      
          56 1               1.078           0.8232          0.6412          0.3976          0.2464          0.15232         0.056           0.03444         0.09212         0.11956         0.10976         0.0826          0.05264         0.027384        0.016912        0.010052        0.006832        0.005096        0.004368        0.00378         0.003332        0.0026264       0.001288        0.0006916       0.0004088       0.00025368      0.000126        0.000063        
          57 1               1.0584          0.8008          0.6188          0.3752          0.22932         0.13944         0.04928         0.03304         0.08988         0.11424         0.10248         0.07392         0.04676         0.024892        0.015764        0.009268        0.006328        0.004788        0.004116        0.003556        0.003164        0.0024668       0.0011928       0.0006244       0.0003696       0.00023016      0.00011396      0.0000574       
          58 1               1.0388          0.7784          0.5992          0.3556          0.21364         0.12712         0.04312         0.03192         0.08764         0.10948         0.09604         0.06636         0.042           0.022792        0.014756        0.008568        0.00588         0.004536        0.003892        0.00336         0.002996        0.0023212       0.001106        0.0005712       0.000336        0.0002114       0.00010444      0.00005264      
          59 1               1.0192          0.7588          0.5768          0.3388          0.19852         0.11564         0.03808         0.03164         0.08568         0.105           0.08988         0.05992         0.0378          0.021084        0.013888        0.007952        0.005516        0.004256        0.003696        0.003192        0.002828        0.0021896       0.0010248       0.0005208       0.0003024       0.0001918       0.00009492      0.00004844      
          60 1               0.9996          0.7364          0.5544          0.3192          0.18424         0.10528         0.03192         0.03136         0.084           0.1008          0.08428         0.05404         0.03416         0.0196          0.013048        0.007364        0.005152        0.004032        0.003472        0.003024        0.0026684       0.002072        0.000952        0.0004788       0.00027636      0.00017612      0.00008736      0.00004452      
          61 1               0.9828          0.7168          0.5348          0.3024          0.1708          0.09548         0.025228        0.03164         0.08232         0.09716         0.07896         0.04872         0.03108         0.01834         0.01204         0.00686         0.004872        0.003836        0.003248        0.002884        0.0025256       0.00196         0.0008848       0.0004424       0.00025004      0.00016016      0.0000798       0.00004088      
          62 1               0.966           0.6972          0.5152          0.2856          0.15792         0.08624         0.019908        0.03192         0.08092         0.09324         0.0742          0.04424         0.02856         0.017304        0.011172        0.006384        0.004592        0.00364         0.003052        0.002744        0.002394        0.0018536       0.0008232       0.0004116       0.00022848      0.00014616      0.00007308      0.00003752      
          63 1               0.9464          0.6776          0.4956          0.26964         0.14616         0.07812         0.015736        0.03276         0.0798          0.08988         0.06972         0.04032         0.02618         0.016408        0.010416        0.005964        0.004368        0.003444        0.002884        0.0026292       0.0022708       0.0017528       0.00077         0.0003836       0.00020944      0.00013328      0.00006664      0.00003472      
          64 1               0.9296          0.658           0.4788          0.25424         0.13496         0.07028         0.0126          0.0336          0.07896         0.0868          0.06552         0.03696         0.024276        0.015624        0.009716        0.005572        0.004172        0.003276        0.0027384       0.0025144       0.002156        0.0016548       0.0007196       0.0003556       0.0001918       0.00012096      0.00006048      0.0000322       
          65 1               0.9128          0.6412          0.4592          0.23968         0.12432         0.06328         0.010388        0.03472         0.07784         0.08372         0.06076         0.03416         0.022624        0.014896        0.009156        0.005236        0.003976        0.003136        0.0025984       0.0024164       0.0020468       0.0015652       0.000672        0.0003304       0.0001778       0.0001106       0.00005572      0.00002968      
          66 1               0.896           0.6216          0.4424          0.22596         0.11452         0.05684         0.009016        0.03584         0.077           0.08092         0.05628         0.03136         0.021252        0.014308        0.008652        0.0049          0.003808        0.002968        0.0024696       0.0023184       0.001946        0.0014784       0.0006272       0.0003024       0.00016296      0.00009996      0.00005068      0.000027608     
          67 1               0.882           0.6048          0.4256          0.21252         0.10528         0.05096         0.008428        0.03752         0.07644         0.0784          0.05208         0.02912         0.020048        0.01358         0.008176        0.004648        0.003668        0.002856        0.002352        0.0022288       0.0018452       0.0013972       0.0005852       0.00027916      0.00015176      0.00009184      0.00004704      0.00002562      
          68 1               0.8652          0.588           0.4088          0.19992         0.0966          0.04564         0.008512        0.03892         0.0756          0.07588         0.04844         0.027244        0.019012        0.012712        0.007756        0.004368        0.003528        0.0027104       0.0022484       0.0021364       0.00175         0.0013216       0.0005432       0.00025452      0.00013916      0.00008344      0.00004312      0.000023828     
          69 1               0.8484          0.5712          0.3948          0.18788         0.08876         0.0406          0.00924         0.0406          0.07504         0.07364         0.04508         0.025536        0.018116        0.011956        0.007392        0.004144        0.003388        0.00259         0.0021532       0.002044        0.0016632       0.0012488       0.000504        0.00023408      0.0001288       0.00007756      0.00004004      0.000022288     
          70 1               0.8344          0.5544          0.378           0.1764          0.0812          0.0364          0.010472        0.04256         0.07448         0.0714          0.042           0.024024        0.01736         0.011312        0.007028        0.003948        0.003276        0.0024724       0.0020664       0.0019572       0.001582        0.0011816       0.0004648       0.0002142       0.00011844      0.00007168      0.00003696      0.000020888     
          71 1               0.8204          0.5404          0.364           0.16548         0.0742          0.03192         0.012208        0.04424         0.0742          0.06944         0.03948         0.022736        0.016688        0.010696        0.00672         0.003752        0.003136        0.0023464       0.001988        0.0018732       0.0015092       0.00112         0.0004284       0.00019712      0.00010892      0.00006692      0.00003444      0.000019516     
          72 1               0.8036          0.5236          0.35            0.15512         0.06748         0.026096        0.014364        0.0462          0.07364         0.06748         0.03696         0.021644        0.016072        0.010164        0.00644         0.003584        0.002996        0.0022204       0.0019152       0.0017976       0.0014392       0.0010612       0.0003948       0.00018172      0.00010052      0.00006244      0.0000322       0.000018256     
          73 1               0.7896          0.5096          0.336           0.14504         0.0616          0.021168        0.016324        0.04816         0.07308         0.06552         0.035           0.020636        0.015512        0.009688        0.00616         0.003444        0.002856        0.0021084       0.0018508       0.0017192       0.0013776       0.001008        0.000364        0.00016716      0.00009184      0.00005768      0.00002996      0.000017108     
          74 1               0.7756          0.4956          0.322           0.1358          0.056           0.017052        0.017276        0.05012         0.0728          0.06384         0.03304         0.01974         0.015036        0.00924         0.00588         0.003304        0.002744        0.0020048       0.0017892       0.001652        0.0013216       0.0009548       0.0003416       0.00015624      0.00008484      0.00005404      0.00002828      0.000016128     
          75 1               0.7616          0.4788          0.308           0.12684         0.05096         0.013692        0.018424        0.05236         0.07252         0.06216         0.03136         0.018984        0.01456         0.00882         0.005656        0.003164        0.0026264       0.0019096       0.0017304       0.001582        0.0012684       0.0009044       0.0003164       0.0001442       0.00007728      0.00004928      0.000025928     0.00001526      
          76 1               0.7476          0.4676          0.2968          0.11844         0.0462          0.011032        0.019768        0.05432         0.07196         0.06076         0.02968         0.018284        0.014112        0.008428        0.005404        0.003052        0.0025228       0.0018228       0.0016772       0.0015176       0.0012152       0.0008596       0.0002996       0.0001358       0.00007168      0.00004592      0.000024276     0.000014392     
          77 1               0.7336          0.4536          0.2856          0.1106          0.04172         0.009044        0.02128         0.05628         0.07168         0.05936         0.02828         0.017668        0.013468        0.008092        0.00518         0.00294         0.0024164       0.0017444       0.0016184       0.001456        0.0011648       0.0008148       0.0002828       0.00012628      0.00006552      0.00004172      0.00002226      0.000013552     
          78 1               0.7224          0.4396          0.27328         0.10304         0.0378          0.007644        0.022904        0.05824         0.0714          0.05768         0.02716         0.017052        0.012852        0.007756        0.0049          0.002856        0.0023212       0.0016744       0.0015596       0.0013972       0.00112         0.0007756       0.00026936      0.00011872      0.00006132      0.00003892      0.00002086      0.000012712     
          79 1               0.7084          0.4284          0.26208         0.09604         0.03416         0.006832        0.024668        0.0602          0.07112         0.05656         0.026012        0.01652         0.012292        0.00742         0.00462         0.0027692       0.0022288       0.0016072       0.0015064       0.0013412       0.0010752       0.0007392       0.00025592      0.00011144      0.00005712      0.00003612      0.00001946      0.000011984     
          80 1               0.6972          0.4144          0.25116         0.08932         0.03024         0.006524        0.026544        0.06216         0.07056         0.05516         0.025004        0.016044        0.01176         0.00714         0.004396        0.0026852       0.0021392       0.0015512       0.0014504       0.0012852       0.0010332       0.0007028       0.00024304      0.00010472      0.00005348      0.00003332      0.000018312     0.000011368     
          81 1               0.6832          0.4032          0.2408          0.08316         0.025368        0.006664        0.02856         0.06412         0.07028         0.05404         0.024052        0.015568        0.011256        0.00686         0.004172        0.0026096       0.002058        0.0014952       0.0014028       0.001232        0.0009912       0.0006692       0.00022988      0.00009856      0.00005096      0.00003108      0.000017388     0.000010808     
          82 1               0.672           0.392           0.23072         0.07728         0.021112        0.007224        0.03052         0.06608         0.07            0.05236         0.023184        0.01512         0.010808        0.00658         0.003948        0.0025312       0.0019768       0.0014476       0.0013524       0.0011816       0.000952        0.0006384       0.0002156       0.00009156      0.0000476       0.00002884      0.000016296     0.000010332     
          83 1               0.6608          0.3808          0.2212          0.07168         0.0175          0.008204        0.03276         0.06804         0.06972         0.05068         0.0224          0.0147          0.010388        0.006328        0.003752        0.002464        0.0019012       0.0014028       0.0013048       0.0011396       0.0009128       0.0006076       0.00020384      0.00008624      0.00004536      0.000027244     0.000015512     0.000009744     
          84 1               0.6496          0.3696          0.21196         0.06664         0.014476        0.00952         0.035           0.06972         0.06916         0.049           0.021672        0.014308        0.009968        0.006104        0.003584        0.002394        0.0018312       0.0013636       0.00126         0.0010948       0.0008764       0.0005796       0.0001904       0.0000798       0.000042        0.0000252       0.000014448     0.000009268     
          85 1               0.6384          0.3584          0.203           0.0616          0.012012        0.0112          0.03724         0.0714          0.06888         0.0476          0.021           0.013888        0.009604        0.005852        0.003416        0.0023268       0.0017612       0.0013244       0.001218        0.0010584       0.00084         0.0005516       0.00017948      0.00007504      0.00003976      0.000024108     0.000013748     0.00000882      
          86 1               0.6272          0.35            0.19432         0.05712         0.010108        0.013132        0.03976         0.07308         0.06832         0.0462          0.020328        0.013524        0.00924         0.005656        0.003276        0.0022428       0.0017024       0.001288        0.001176        0.0010192       0.0008036       0.0005264       0.00016772      0.00006916      0.00003668      0.000022568     0.00001288      0.000008428     
          87 1               0.616           0.3388          0.1862          0.05292         0.008652        0.014616        0.042           0.07476         0.06804         0.0448          0.01974         0.013076        0.008904        0.005432        0.003136        0.0021588       0.0016408       0.0012544       0.0011368       0.0009884       0.0007728       0.000504        0.00015764      0.00006496      0.00003444      0.000021532     0.000012264     0.000008064     
          88 1               0.6048          0.3304          0.17808         0.049           0.007672        0.0154          0.04452         0.07644         0.06748         0.0434          0.01918         0.0126          0.008568        0.005236        0.002996        0.0020832       0.0015848       0.0012236       0.0010976       0.0009576       0.0007392       0.0004816       0.00014784      0.00006048      0.00003192      0.000020356     0.00001162      0.0000077       
          89 1               0.5936          0.3192          0.17052         0.04536         0.007084        0.016352        0.04676         0.07812         0.06692         0.04228         0.018648        0.012152        0.00826         0.00504         0.002884        0.0020132       0.0015344       0.0011928       0.001064        0.0009324       0.0007112       0.0004592       0.00013888      0.00005656      0.00002968      0.000019208     0.000010976     0.000007364     
          90 1               0.5852          0.3108          0.16324         0.042           0.006888        0.017388        0.04928         0.07952         0.06664         0.04088         0.018144        0.011732        0.00798         0.004872        0.0027916       0.0019404       0.0014812       0.0011648       0.0010304       0.0009044       0.000686        0.0004424       0.00013076      0.00005292      0.000028        0.000018312     0.0000105       0.000007028     
          91 1               0.574           0.3024          0.15624         0.03892         0.007056        0.018592        0.0518          0.08092         0.06608         0.03976         0.01764         0.011312        0.0077          0.004704        0.0026992       0.0018788       0.0014252       0.0011368       0.0009996       0.0008792       0.0006608       0.0004228       0.00012236      0.000049        0.000025928     0.000017052     0.000009884     0.000006776     
          92 1               0.5656          0.294           0.14952         0.03612         0.00756         0.01988         0.05404         0.08204         0.06552         0.03892         0.017164        0.010948        0.007448        0.004536        0.0026124       0.0018172       0.0013692       0.001106        0.000966        0.0008568       0.0006356       0.0004088       0.00011564      0.00004676      0.000024668     0.000016268     0.000009576     0.000006496     
          93 1               0.5544          0.2856          0.14308         0.03332         0.008372        0.021308        0.05656         0.08344         0.06496         0.0378          0.016716        0.010584        0.007196        0.004396        0.0025396       0.0017584       0.0013188       0.0010752       0.000938        0.0008316       0.0006132       0.000392        0.00010808      0.0000434       0.000022904     0.000015036     0.0000091       0.000006272     
          94 1               0.546           0.2772          0.13692         0.02996         0.009436        0.022792        0.05908         0.08456         0.0644          0.03668         0.016324        0.010248        0.006972        0.004256        0.0024696       0.0017052       0.0012712       0.0010444       0.0009072       0.0008092       0.0005936       0.000378        0.00010276      0.00004144      0.000021868     0.00001428      0.00000882      0.000005992     
          95 1               0.5376          0.26936         0.13104         0.026432        0.01078         0.02436         0.06132         0.08568         0.06384         0.03584         0.015904        0.00994         0.006776        0.004116        0.002408        0.001652        0.0012236       0.0010192       0.000882        0.0007868       0.000574        0.0003668       0.00009688      0.0000392       0.000020496     0.000013272     0.000008372     0.000005768     
          96 1               0.5292          0.2618          0.12544         0.023212        0.01232         0.026012        0.06384         0.0868          0.06328         0.035           0.015484        0.009632        0.006552        0.003948        0.002352        0.0016016       0.0011844       0.0009912       0.0008568       0.0007644       0.0005544       0.0003528       0.0000924       0.0000378       0.000019488     0.000012572     0.00000798      0.000005544     
          97 1               0.5208          0.25452         0.11984         0.020412        0.013972        0.02772         0.06608         0.08792         0.06272         0.03416         0.015092        0.009352        0.006356        0.003808        0.0023016       0.0015568       0.0011424       0.0009688       0.0008316       0.000742        0.0005376       0.0003416       0.00008848      0.00003612      0.000018536     0.000011928     0.00000756      0.000005348     
          98 1               0.5124          0.24724         0.1148          0.017976        0.01456         0.0294          0.06832         0.08876         0.06216         0.03332         0.014728        0.009072        0.006188        0.003668        0.002254        0.001512        0.0011088       0.0009436       0.0008092       0.0007224       0.0005208       0.0003304       0.00008456      0.00003472      0.000017556     0.000011312     0.000007168     0.00000518      
          99 1               0.504           0.24052         0.11004         0.015904        0.01526         0.03136         0.07056         0.0896          0.06132         0.03248         0.014392        0.00882         0.00602         0.003556        0.002212        0.00147         0.0010752       0.0009212       0.0007896       0.0007028       0.000504        0.0003192       0.00008176      0.0000336       0.000016968     0.000010948     0.000006916     0.000004984     
         100 1               0.4956          0.2338          0.10528         0.014196        0.016072        0.03304         0.0728          0.09044         0.06076         0.03164         0.014028        0.008596        0.005852        0.003444        0.0021756       0.0014308       0.0010444       0.0009016       0.00077         0.0006832       0.0004872       0.000308        0.00007812      0.00003164      0.000016044     0.00001036      0.00000658      0.000004816     
         101 1               0.49            0.22736         0.1008          0.012824        0.016996        0.035           0.07504         0.09128         0.05992         0.0308          0.013692        0.008372        0.005712        0.003332        0.0021364       0.0013916       0.0010164       0.0008792       0.0007532       0.0006664       0.0004732       0.0002968       0.0000756       0.00003052      0.000015624     0.00001008      0.000006412     0.00000462      
         102 1               0.4816          0.22092         0.0966          0.01176         0.018004        0.03696         0.07728         0.09212         0.0588          0.03024         0.013384        0.008176        0.005572        0.003248        0.0021028       0.001358        0.0009856       0.0008596       0.0007336       0.0006496       0.0004564       0.0002856       0.00007224      0.00002884      0.000014812     0.00000952      0.000006104     0.000004508     
         103 1               0.4732          0.21476         0.0924          0.010948        0.019096        0.03892         0.07924         0.09268         0.05768         0.02968         0.013076        0.00798         0.00546         0.003164        0.0020748       0.0013244       0.0009632       0.00084         0.0007196       0.0006328       0.0004424       0.0002744       0.00006972      0.00002758      0.000014392     0.000009212     0.000005908     0.00000434      
         104 1               0.4676          0.20888         0.08876         0.010444        0.020244        0.04088         0.08148         0.09324         0.05656         0.02884         0.012796        0.007784        0.005348        0.003108        0.002044        0.0012908       0.0009408       0.0008232       0.0007028       0.000616        0.0004284       0.00026348      0.00006692      0.000026012     0.000013692     0.000008736     0.000005656     0.000004228     
         105 1               0.4592          0.20328         0.08484         0.010164        0.021448        0.04284         0.08344         0.0938          0.05544         0.02828         0.012488        0.007616        0.005236        0.003052        0.002002        0.0012628       0.0009184       0.0008036       0.0006916       0.0005992       0.0004144       0.0002534       0.00006412      0.000024724     0.000013104     0.000008372     0.00000546      0.000004088     
         106 1               0.4536          0.19768         0.08148         0.010136        0.022708        0.04508         0.0854          0.09408         0.0546          0.027608        0.012236        0.007476        0.005152        0.002996        0.0019628       0.001232        0.0009016       0.0007896       0.0006776       0.0005824       0.0004004       0.0002436       0.0000616       0.00002352      0.000012516     0.000008064     0.000005292     0.000003948     
         107 1               0.448           0.19236         0.07812         0.010304        0.024052        0.04704         0.08736         0.09464         0.05348         0.02702         0.011984        0.007336        0.005068        0.00294         0.0019208       0.001204        0.000882        0.00077         0.0006664       0.0005684       0.0003892       0.0002338       0.0000588       0.000022232     0.000011816     0.000007672     0.000005124     0.000003836     
         108 1               0.4396          0.18732         0.07504         0.010696        0.025452        0.049           0.08932         0.09492         0.05264         0.026488        0.011732        0.007196        0.004984        0.002884        0.0018844       0.0011788       0.000868        0.000756        0.0006524       0.0005544       0.000378        0.00022512      0.00005656      0.000021364     0.00001134      0.000007448     0.000005012     0.000003724     
         109 1               0.434           0.18228         0.07196         0.011284        0.02688         0.05096         0.091           0.0952          0.05152         0.025928        0.011508        0.007084        0.0049          0.002856        0.0018536       0.0011508       0.0008512       0.0007392       0.0006412       0.0005404       0.0003668       0.00021588      0.00005404      0.000020188     0.000010612     0.000007056     0.000004788     0.00000364      
         110 1               0.4284          0.1778          0.06916         0.01204         0.02828         0.0532          0.09268         0.09548         0.05068         0.025396        0.011284        0.006972        0.004844        0.002828        0.00182         0.0011228       0.00084         0.0007252       0.00063         0.0005264       0.0003584       0.00020776      0.00005208      0.000019488     0.00001022      0.00000686      0.000004648     0.000003528     
         111 1               0.4228          0.17304         0.06636         0.012964        0.02996         0.05516         0.09436         0.09576         0.04984         0.024892        0.011088        0.006888        0.004788        0.0028          0.0017892       0.0010948       0.000826        0.0007112       0.0006188       0.0005152       0.00035         0.0001988       0.00004984      0.000018396     0.000009576     0.000006468     0.000004452     0.000003444     
         112 1               0.4172          0.16856         0.06384         0.014028        0.03136         0.05712         0.09632         0.09604         0.049           0.024416        0.010892        0.006804        0.004704        0.0027888       0.001764        0.001064        0.0008148       0.0006972       0.0006076       0.000504        0.0003416       0.00019124      0.00004788      0.000017696     0.00000924      0.0000063       0.00000434      0.000003332     
         113 1               0.4116          0.16436         0.0616          0.015232        0.03304         0.05936         0.09772         0.09632         0.04816         0.023968        0.010696        0.006692        0.004648        0.002772        0.001736        0.0010416       0.0008064       0.0006832       0.0005964       0.0004928       0.0003304       0.00018368      0.00004592      0.000016856     0.00000882      0.000006048     0.000004228     0.000003248     
         114 1               0.406           0.16044         0.05908         0.0161          0.03472         0.06132         0.0994          0.09632         0.04732         0.02352         0.010528        0.00658         0.004592        0.0027552       0.0017108       0.0010164       0.0007952       0.000672        0.0005852       0.0004816       0.0003248       0.00017724      0.00004396      0.000016156     0.000008484     0.00000588      0.000004116     0.000003164     
         115 1               0.4004          0.15652         0.05712         0.01652         0.0364          0.06328         0.10108         0.09632         0.04648         0.0231          0.01036         0.006496        0.004564        0.0027468       0.0016912       0.000994        0.0007868       0.000658        0.0005768       0.0004732       0.0003164       0.00017108      0.00004228      0.00001554      0.00000826      0.000005768     0.000004004     0.00000308      
         116 1               0.3948          0.1526          0.05488         0.016996        0.03808         0.06524         0.10248         0.09632         0.04564         0.02268         0.01022         0.006412        0.004508        0.0027412       0.0016688       0.0009744       0.0007784       0.0006468       0.0005656       0.000462        0.000308        0.0001652       0.00004032      0.00001484      0.000007952     0.000005572     0.000003864     0.000003052     
         117 1               0.3892          0.14896         0.0532          0.017528        0.03976         0.0672          0.10388         0.09632         0.0448          0.02226         0.01008         0.006356        0.00448         0.0027328       0.0016464       0.000952        0.00077         0.0006356       0.0005544       0.0004536       0.0003024       0.00016072      0.0000392       0.000014448     0.00000784      0.000005516     0.00000378      0.00000294      
         118 1               0.3836          0.1456          0.05124         0.018116        0.04144         0.06916         0.10528         0.09632         0.04396         0.021896        0.009968        0.0063          0.004452        0.0027188       0.0016296       0.0009352       0.0007644       0.0006244       0.000546        0.0004424       0.000294        0.00015568      0.00003752      0.000013832     0.000007532     0.000005264     0.00000364      0.000002912     
         119 1               0.3808          0.14224         0.04956         0.018788        0.04312         0.07112         0.10668         0.09632         0.0434          0.02156         0.009856        0.006244        0.004452        0.0027076       0.00161         0.0009184       0.000756        0.0006132       0.0005348       0.000434        0.0002884       0.00015204      0.00003612      0.000013552     0.000007392     0.00000518      0.000003584     0.000002828     
         120 1               0.3752          0.13888         0.04788         0.019488        0.0448          0.07308         0.1078          0.09632         0.04256         0.021196        0.009744        0.006188        0.004424        0.0026908       0.0015904       0.0009016       0.0007504       0.0006048       0.0005264       0.0004256       0.0002828       0.00014784      0.00003472      0.000013048     0.000007056     0.000004984     0.0000035       2.7944E-006     
         121 1               0.3696          0.1358          0.04648         0.020244        0.04648         0.07504         0.1092          0.09632         0.042           0.02086         0.009632        0.00616         0.004424        0.0026768       0.0015764       0.0008848       0.000742        0.0005964       0.0005152       0.00042         0.0002772       0.00014476      0.0000336       0.000012796     0.000006888     0.0000049       0.000003444     0.000002716     
         122 1               0.3668          0.13272         0.04508         0.021056        0.04816         0.07672         0.11032         0.09604         0.04116         0.020552        0.009576        0.006132        0.004396        0.0026628       0.0015596       0.0008708       0.0007364       0.000588        0.0005068       0.0004116       0.00027216      0.00014168      0.0000322       0.00001246      0.000006636     0.00000476      0.000003332     2.6544E-006     
         123 1               0.3612          0.12992         0.0434          0.021868        0.04984         0.07868         0.11172         0.09604         0.0406          0.020272        0.009492        0.006104        0.004396        0.0026544       0.0015428       0.0008568       0.0007308       0.0005796       0.0004984       0.0004032       0.0002674       0.00013888      0.00003108      0.000012124     0.00000644      0.00000462      0.000003248     0.00000259      
         124 1               0.3584          0.1274          0.04144         0.022736        0.0518          0.08036         0.11284         0.09576         0.04004         0.019992        0.009408        0.006104        0.004396        0.0026404       0.0015288       0.0008456       0.0007196       0.0005712       0.0004872       0.0003976       0.0002632       0.00013664      0.00002996      0.000011872     0.0000063       0.000004508     0.000003192     2.5228E-006     
         125 1               0.3528          0.1246          0.03976         0.023604        0.05348         0.08204         0.11396         0.09548         0.0392          0.019712        0.009352        0.006076        0.004396        0.0026292       0.0015148       0.0008316       0.0007112       0.0005628       0.0004816       0.0003892       0.00025872      0.00013384      0.00002884      0.00001148      0.000006104     0.000004312     0.000003108     2.4976E-006     
         126 1               0.35            0.12208         0.03808         0.024528        0.05516         0.08372         0.1148          0.09548         0.03864         0.01946         0.009296        0.006076        0.004424        0.0026208       0.001498        0.0008204       0.0007028       0.0005572       0.0004732       0.0003836       0.0002548       0.00013188      0.00002828      0.000011256     0.00000602      0.000004228     0.00000308      2.4276E-006     
         127 1               0.3444          0.11984         0.0364          0.025452        0.05684         0.0854          0.11592         0.0952          0.03808         0.019208        0.009268        0.006076        0.004424        0.0026096       0.001484        0.0008092       0.0006944       0.0005488       0.0004676       0.000378        0.00025004      0.00012936      0.000027328     0.000010864     0.000005796     0.000004032     0.000002996     0.000002408     
         128 1               0.3416          0.11732         0.03528         0.026404        0.05852         0.08708         0.11676         0.09492         0.03752         0.018984        0.00924         0.006076        0.004424        0.0025956       0.0014728       0.000798        0.0006888       0.0005432       0.0004592       0.0003724       0.00024612      0.00012768      0.00002688      0.000010696     0.000005656     0.000003976     0.000002968     2.3212E-006     
         129 1               0.3388          0.11508         0.03388         0.027384        0.05992         0.08876         0.1176          0.09464         0.03696         0.01876         0.009184        0.006076        0.004424        0.0025872       0.001456        0.0007896       0.0006804       0.0005376       0.0004536       0.000364        0.00024136      0.00012544      0.000026236     0.000010388     0.000005432     0.000003836     0.000002856     2.2932E-006     
         130 1               0.3332          0.11312         0.03276         0.02828         0.0616          0.09044         0.11872         0.09436         0.0364          0.018564        0.009184        0.006076        0.004452        0.0025788       0.0014448       0.0007812       0.0006748       0.000532        0.000448        0.0003612       0.00023716      0.00012376      0.000025872     0.00001022      0.000005292     0.00000378      2.7944E-006     0.00000224      
         131 1               0.3304          0.11116         0.03192         0.0294          0.06328         0.09212         0.11956         0.09408         0.03584         0.018368        0.009156        0.006104        0.004452        0.0025648       0.0014336       0.0007728       0.0006692       0.0005264       0.0004424       0.0003556       0.00023268      0.00012124      0.000025452     0.000010024     0.000005152     0.000003696     2.7328E-006     0.000002212     
         132 1               0.3276          0.1092          0.03108         0.03052         0.06496         0.09352         0.1204          0.0938          0.03556         0.018172        0.009156        0.006104        0.00448         0.0025536       0.0014196       0.0007672       0.0006608       0.0005236       0.0004368       0.00035         0.00022848      0.000119        0.000024976     0.000009772     0.000005012     0.000003584     2.6908E-006     2.1868E-006     
         133 1               0.322           0.10724         0.03052         0.03136         0.06636         0.09492         0.12096         0.09352         0.035           0.018004        0.009156        0.006132        0.00448         0.0025452       0.0014056       0.0007588       0.0006552       0.000518        0.0004312       0.0003444       0.00022484      0.00011704      0.00002464      0.000009604     0.000004956     0.000003528     2.6684E-006     0.000002128     
         134 1               0.3192          0.10528         0.02968         0.03248         0.06776         0.09632         0.1218          0.09324         0.03444         0.017864        0.009128        0.00616         0.004508        0.0025368       0.0013972       0.0007504       0.0006496       0.0005152       0.0004256       0.0003388       0.00022064      0.0001148       0.00002408      0.000009296     0.000004816     0.000003388     2.6208E-006     0.000002114     
         135 1               0.3164          0.1036          0.02912         0.0336          0.06944         0.09772         0.12236         0.09296         0.03416         0.017724        0.009156        0.00616         0.004508        0.0025228       0.001386        0.0007476       0.000644        0.0005096       0.00042         0.000336        0.00021728      0.00011312      0.000023744     0.0000091       0.000004732     0.00000336      2.5788E-006     2.0552E-006     
         136 1               0.3136          0.10192         0.02884         0.03444         0.07084         0.09912         0.1232          0.0924          0.0336          0.017556        0.009156        0.006188        0.004508        0.0025116       0.001372        0.0007392       0.0006384       0.0005068       0.0004144       0.0003304       0.00021336      0.00011088      0.000023156     0.000008764     0.000004592     0.000003276     2.5032E-006     0.000002058     
         137 1               0.3108          0.10024         0.02856         0.03556         0.07224         0.10052         0.12376         0.09212         0.03332         0.017416        0.009156        0.006216        0.004536        0.0025032       0.0013636       0.0007364       0.0006328       0.0005012       0.0004088       0.0003276       0.00021056      0.0001092       0.00002282      0.00000854      0.000004508     0.000003276     0.000002464     2.0104E-006     
         138 1               0.308           0.09884         0.02828         0.0364          0.07364         0.10192         0.12432         0.09184         0.03276         0.017304        0.009184        0.006244        0.004536        0.002492        0.0013552       0.0007308       0.00063         0.0004984       0.000406        0.000322        0.0002072       0.00010724      0.000022344     0.00000826      0.000004368     0.00000322      2.4164E-006     1.9992E-006     
         139 1               0.3052          0.09744         0.027944        0.03752         0.07532         0.10304         0.12488         0.09156         0.03248         0.017192        0.009184        0.006272        0.004536        0.0024808       0.001344        0.0007252       0.0006216       0.0004956       0.0004004       0.0003164       0.00020412      0.00010528      0.000022036     0.000008036     0.000004312     0.000003164     0.000002394     1.9544E-006     
         140 1               0.3024          0.09604         0.027776        0.03864         0.07644         0.10444         0.12544         0.09128         0.0322          0.017108        0.009212        0.0063          0.004536        0.0024724       0.0013356       0.0007224       0.0006188       0.00049         0.0003948       0.0003136       0.00020132      0.00010332      0.0000217       0.000007868     0.000004228     0.000003108     0.000002366     1.9236E-006     
         141 1               0.2996          0.09464         0.027692        0.03948         0.07784         0.10556         0.126           0.09072         0.03164         0.016996        0.00924         0.0063          0.004536        0.002464        0.0013272       0.0007196       0.0006132       0.0004872       0.000392        0.000308        0.00019796      0.00010136      0.000021336     0.000007672     0.000004172     0.000003024     2.3296E-006     1.9124E-006     
         142 1               0.2968          0.09324         0.027664        0.0406          0.07924         0.10668         0.12656         0.09044         0.03136         0.016912        0.009268        0.006328        0.004536        0.0024528       0.001316        0.000714        0.0006076       0.0004816       0.0003864       0.0003052       0.00019516      0.00009968      0.000021056     0.000007532     0.000004172     0.000002996     0.000002296     0.000001876     
         143 1               0.294           0.09212         0.027692        0.04172         0.08064         0.1078          0.12684         0.09016         0.03108         0.016828        0.009296        0.006356        0.004536        0.0024444       0.0013104       0.000714        0.0006048       0.0004788       0.0003836       0.0003024       0.0001918       0.00009744      0.00002058      0.000007336     0.000004088     0.000002912     2.2484E-006     1.8844E-006     
         144 1               0.2912          0.091           0.027748        0.04256         0.08176         0.10892         0.1274          0.08988         0.0308          0.016744        0.009324        0.006384        0.004536        0.002436        0.001302        0.0007084       0.0005992       0.0004732       0.000378        0.0002968       0.000189        0.00009604      0.000020272     0.000007224     0.00000406      0.000002912     2.2344E-006     1.8228E-006     
         145 1               0.2912          0.08988         0.02786         0.0434          0.08288         0.11004         0.12796         0.08932         0.03052         0.016688        0.009352        0.006412        0.004536        0.0024248       0.0012936       0.0007056       0.0005964       0.0004704       0.0003752       0.000294        0.00018564      0.00009436      0.00001974      0.000007        0.000003976     0.000002884     2.2036E-006     1.8172E-006     
         146 1               0.2884          0.08876         0.028           0.04452         0.08428         0.11116         0.12824         0.08848         0.03024         0.016632        0.00938         0.006412        0.004536        0.0024164       0.0012852       0.0007056       0.0005908       0.0004676       0.0003724       0.0002912       0.00018312      0.00009296      0.000019432     0.000006888     0.000003948     0.000002856     2.1952E-006     1.7724E-006     
         147 1               0.2856          0.08764         0.02828         0.04536         0.0854          0.112           0.1288          0.08792         0.02996         0.016548        0.009408        0.00644         0.004536        0.002408        0.0012796       0.0007          0.000588        0.000462        0.0003696       0.0002884       0.00018004      0.00009156      0.000019012     0.000006748     0.000003864     2.7944E-006     2.1644E-006     1.7724E-006     
         148 1               0.2828          0.0868          0.02828         0.0462          0.08652         0.11312         0.12908         0.08736         0.02968         0.01652         0.009436        0.006468        0.004536        0.0023996       0.0012712       0.0007          0.0005852       0.0004592       0.0003668       0.0002856       0.00017752      0.00009016      0.000018704     0.000006636     0.000003864     2.7412E-006     2.1252E-006     1.7584E-006     
         149 1               0.2828          0.08568         0.02856         0.04732         0.08764         0.11396         0.12936         0.0868          0.0294          0.016464        0.009464        0.006496        0.004536        0.0023912       0.0012656       0.0006972       0.0005824       0.0004564       0.000364        0.0002828       0.00017528      0.00008904      0.000018452     0.000006552     0.000003836     2.6992E-006     2.0888E-006     1.7332E-006     
         150 1               0.28            0.08484         0.02884         0.04816         0.08904         0.1148          0.12964         0.08624         0.02912         0.016408        0.00952         0.006496        0.004536        0.0023828       0.0012628       0.0006944       0.0005796       0.0004536       0.0003612       0.00028         0.00017304      0.00008792      0.000018172     0.000006468     0.000003808     2.6544E-006     2.0608E-006     1.7276E-006     
         151 1               0.27832         0.084           0.02912         0.049           0.08988         0.11564         0.12992         0.08568         0.02884         0.01638         0.009548        0.006524        0.004536        0.0023744       0.0012544       0.0006944       0.0005768       0.0004508       0.0003584       0.00027944      0.00017136      0.0000868       0.000018032     0.00000644      0.00000378      2.6656E-006     2.0636E-006     1.6828E-006     
         152 1               0.27664         0.08316         0.0294          0.04984         0.091           0.11648         0.1302          0.08512         0.02884         0.016352        0.009576        0.006524        0.004536        0.002366        0.0012488       0.0006916       0.000574        0.000448        0.0003556       0.00027692      0.00016912      0.00008568      0.000017752     0.000006356     0.000003696     0.000002646     2.0608E-006     1.6912E-006     
         153 1               0.27496         0.08232         0.02968         0.05068         0.09212         0.11732         0.13048         0.08484         0.02856         0.016324        0.009604        0.006552        0.004536        0.0023576       0.001246        0.0006888       0.0005712       0.0004452       0.0003528       0.00027524      0.000168        0.00008456      0.000017556     0.000006272     0.00000364      2.6544E-006     2.0636E-006     1.6632E-006     
         154 1               0.27328         0.08176         0.02996         0.05152         0.09296         0.11816         0.13076         0.08428         0.02828         0.016268        0.009632        0.00658         0.004508        0.0023492       0.0012404       0.0006888       0.0005684       0.0004424       0.00035         0.000273        0.00016604      0.00008344      0.000017192     0.00000616      0.000003556     2.6152E-006     2.0384E-006     0.00000168      
         155 1               0.27188         0.08092         0.03052         0.05236         0.0938          0.119           0.13132         0.08372         0.02828         0.016268        0.00966         0.00658         0.004508        0.0023436       0.0012348       0.000686        0.0005656       0.0004396       0.00035         0.00027132      0.00016464      0.00008232      0.00001694      0.000006104     0.000003528     2.5844E-006     0.000002002     1.6408E-006     
         156 1               0.27048         0.08036         0.03052         0.05292         0.09492         0.11984         0.13132         0.08316         0.027972        0.01624         0.009716        0.00658         0.004508        0.0023352       0.001232        0.0006832       0.0005628       0.0004396       0.0003472       0.00026936      0.00016268      0.0000812       0.000016604     0.00000602      0.000003472     2.5312E-006     1.9656E-006     0.000001624     
         157 1               0.26908         0.0798          0.03052         0.05376         0.09576         0.1204          0.1316          0.08288         0.027804        0.01624         0.009744        0.006608        0.004508        0.0023268       0.0012264       0.0006832       0.0005628       0.0004368       0.0003444       0.00026712      0.000161        0.00008036      0.000016324     0.000005992     0.000003472     2.4976E-006     0.000001946     1.6072E-006     
         158 1               0.26796         0.07924         0.0308          0.05432         0.0966          0.12096         0.1316          0.0826          0.027636        0.016212        0.009744        0.006608        0.004508        0.0023212       0.0012208       0.0006804       0.00056         0.000434        0.0003416       0.00026572      0.0001596       0.00007952      0.000016156     0.000005964     0.000003472     2.4864E-006     0.000001946     1.5904E-006     
         159 1               0.26684         0.07868         0.0308          0.05516         0.09744         0.12152         0.13188         0.08204         0.027468        0.016184        0.009772        0.006636        0.004508        0.0023128       0.001218        0.0006804       0.0005572       0.0004312       0.0003388       0.00026348      0.00015736      0.0000784       0.000015932     0.000005936     0.000003444     2.4752E-006     1.9516E-006     0.00000161      
         160 1               0.26572         0.07812         0.0308          0.05572         0.09828         0.12208         0.13216         0.08176         0.027356        0.016184        0.009828        0.006636        0.00448         0.0023044       0.0012124       0.0006804       0.0005544       0.0004312       0.0003388       0.00026236      0.00015596      0.00007812      0.000015904     0.000005936     0.000003416     2.4808E-006     1.9488E-006     1.5736E-006     
         161 1               0.2646          0.07756         0.0308          0.05628         0.09884         0.12264         0.13216         0.0812          0.027244        0.016184        0.009856        0.006664        0.00448         0.0022988       0.0012068       0.0006776       0.0005544       0.0004284       0.000336        0.00026012      0.000154        0.00007728      0.000015792     0.000005852     0.000003332     2.4612E-006     1.9264E-006     1.5932E-006     
         162 1               0.26348         0.07728         0.03108         0.05684         0.0994          0.1232          0.13244         0.08092         0.027132        0.016184        0.009884        0.006664        0.00448         0.0022932       0.001204        0.0006804       0.0005516       0.0004256       0.0003332       0.00025928      0.00015288      0.000077        0.000015764     0.000005796     0.000003304     2.4444E-006     1.8984E-006     1.5456E-006     
         163 1               0.26264         0.07672         0.03108         0.0574          0.09996         0.12376         0.13272         0.08064         0.026992        0.016156        0.009884        0.006664        0.00448         0.0022876       0.0011984       0.0006776       0.0005488       0.0004228       0.0003332       0.00025788      0.0001512       0.00007616      0.000015624     0.000005684     0.000003248     2.4052E-006     1.8648E-006     1.5596E-006     
         164 1               0.2618          0.07644         0.03108         0.05796         0.10052         0.12432         0.13272         0.08036         0.026852        0.016156        0.009912        0.006664        0.00448         0.0022792       0.0011928       0.0006776       0.000546        0.0004228       0.0003332       0.00025676      0.00015036      0.00007588      0.000015512     0.000005628     0.00000322      2.3996E-006     0.000001862     1.5428E-006     
         165 1               0.26096         0.07616         0.03108         0.05852         0.10108         0.1246          0.13272         0.08008         0.026768        0.016156        0.00994         0.006692        0.00448         0.0022764       0.0011928       0.0006776       0.000546        0.00042         0.0003332       0.00025648      0.00014924      0.00007532      0.000015288     0.0000056       0.00000322      2.3996E-006     1.8676E-006     0.000001554     
         166 1               0.26012         0.07588         0.03136         0.05908         0.10164         0.12516         0.13272         0.0798          0.026684        0.016156        0.009968        0.006692        0.004452        0.0022736       0.00119         0.0006776       0.0005432       0.0004172       0.0003304       0.0002548       0.0001484       0.00007504      0.000015064     0.000005572     0.000003192     0.000002408     1.8732E-006     0.000001554     
         167 1               0.25956         0.0756          0.03136         0.05936         0.10192         0.12544         0.13272         0.07952         0.026628        0.016156        0.009996        0.006692        0.004452        0.002268        0.0011844       0.0006776       0.0005432       0.0004172       0.0003304       0.00025536      0.00014812      0.00007448      0.000014896     0.000005628     0.000003192     2.4248E-006     0.000001862     0.000001512     
         168 1               0.259           0.07532         0.03136         0.05992         0.10248         0.12572         0.13272         0.07924         0.026544        0.016156        0.009996        0.006692        0.004452        0.0022652       0.0011816       0.0006776       0.0005432       0.0004144       0.0003276       0.00025368      0.00014728      0.00007364      0.0000147       0.000005656     0.000003164     0.000002408     1.8424E-006     1.5372E-006     
         169 1               0.25816         0.07504         0.03164         0.0602          0.10276         0.126           0.133           0.07896         0.02646         0.016156        0.010024        0.006692        0.004452        0.0022652       0.0011788       0.0006748       0.0005404       0.0004144       0.0003276       0.0002548       0.00014728      0.00007364      0.000014672     0.000005684     0.000003136     2.3772E-006     1.8256E-006     1.5064E-006     
         170 1               0.25788         0.07476         0.03164         0.06048         0.10304         0.12628         0.133           0.07896         0.026376        0.016156        0.010052        0.006692        0.004452        0.0022596       0.001176        0.0006776       0.0005404       0.0004116       0.0003248       0.00025284      0.00014644      0.00007252      0.000014588     0.000005684     0.000003052     0.00000231      1.8116E-006     0.000001568     
         171 1               0.25732         0.07448         0.03164         0.06104         0.10332         0.12656         0.13328         0.07868         0.02632         0.016156        0.010052        0.006692        0.004452        0.002254        0.001176        0.0006748       0.0005376       0.0004116       0.0003276       0.0002534       0.00014644      0.00007252      0.0000147       0.000005628     0.00000308      0.000002296     1.8228E-006     0.000001512     
         172 1               0.25676         0.07448         0.03164         0.06132         0.1036          0.12684         0.13328         0.07868         0.026292        0.016156        0.01008         0.006692        0.004452        0.0022568       0.0011732       0.0006748       0.0005404       0.0004116       0.0003248       0.00025228      0.0001456       0.00007196      0.0000147       0.000005516     0.000003052     2.2708E-006     1.8396E-006     1.5344E-006     
         173 1               0.25648         0.0742          0.03164         0.0616          0.10388         0.12684         0.13328         0.0784          0.026264        0.016156        0.01008         0.006692        0.004424        0.0022568       0.0011704       0.0006748       0.0005376       0.0004116       0.000322        0.00025172      0.00014504      0.00007196      0.000014756     0.000005432     0.000003108     2.3156E-006     1.8312E-006     1.4784E-006     
         174 1               0.2562          0.0742          0.03192         0.0616          0.10388         0.12712         0.133           0.0784          0.026236        0.016156        0.010108        0.00672         0.004424        0.0022512       0.0011704       0.000672        0.0005376       0.0004088       0.000322        0.00025144      0.0001442       0.00007196      0.000014728     0.000005376     0.000003136     2.3688E-006     1.8088E-006     1.4616E-006     
         175 1               0.25592         0.07392         0.03192         0.06188         0.10416         0.1274          0.133           0.07812         0.026152        0.016156        0.010108        0.00672         0.004424        0.0022512       0.0011704       0.000672        0.0005404       0.0004116       0.0003192       0.00024948      0.00014336      0.00007196      0.000014588     0.00000532      0.000003136     2.4136E-006     1.7892E-006     1.5036E-006     
         176 1               0.25564         0.07392         0.03192         0.06188         0.10416         0.1274          0.133           0.07812         0.026124        0.016156        0.010108        0.00672         0.004424        0.0022568       0.0011648       0.0006748       0.0005348       0.0004116       0.0003192       0.00025116      0.00014308      0.00007252      0.000014448     0.000005376     0.000003108     2.4276E-006     1.7976E-006     1.4728E-006     
         177 1               0.25564         0.07392         0.03192         0.06216         0.10444         0.1274          0.13328         0.07812         0.026096        0.016156        0.010108        0.00672         0.004424        0.0022512       0.0011648       0.0006692       0.0005404       0.0004116       0.0003164       0.00024752      0.0001414       0.00007196      0.00001414      0.000005432     0.000003024     2.3576E-006     1.8368E-006     0.00000161      
         178 1               0.25564         0.07392         0.03192         0.06216         0.10444         0.1274          0.13328         0.07812         0.026124        0.016156        0.010108        0.00672         0.004424        0.0022456       0.0011676       0.0006748       0.0005376       0.0004116       0.0003192       0.00025088      0.00014196      0.0000728       0.000014112     0.000005516     0.000002968     2.3716E-006     1.9096E-006     1.5092E-006     
         179 1               0.25536         0.07364         0.03192         0.06216         0.10444         0.12712         0.13356         0.07812         0.02618         0.016156        0.010136        0.00672         0.004424        0.0022568       0.0011648       0.000672        0.0005376       0.0004116       0.0003164       0.00024556      0.00014028      0.00007224      0.000013748     0.000005768     0.000002828     2.1896E-006     2.0804E-006     1.6016E-006     
         180 1               0.25536         0.07364         0.03192         0.06216         0.10444         0.12712         0.13356         0.07812         0.026           0.016156        0.010164        0.006692        0.004424        0.002268        0.0011592       0.0006636       0.000546        0.0004116       0.0003192       0.00025592      0.00014336      0.0000742       0.000014448     0.000005796     0.0000035       0.000003024     2.5508E-006     0.000002464     
