         280          16 idxs
            0.1   99       100.00       150.00       200.00       300.00       400.00       500.00       700.00       1000.0       2000.0       3000.0       4000.0       5000.0       7000.0       10000.
    0.0000  1     1        8.5680       8.9600       9.1280       9.1000       8.8760       8.6520       8.0360       7.2520       5.4880       4.4240       3.8080       3.3040       2.6124       1.9880
   0.10000  1     1        8.5232       8.8928       9.0384       8.9768       8.7248       8.4784       7.8372       7.0308       5.2472       4.1894       3.5776       3.0853       2.4184       1.8273
   0.20000  1     1        8.4784       8.8256       8.9488       8.8536       8.5736       8.3048       7.6384       6.8096       5.0064       3.9547       3.3471       2.8666       2.2243       1.6666
   0.30000  1     1        8.4336       8.7584       8.8592       8.7304       8.4224       8.1312       7.4396       6.5884       4.7656       3.7201       3.1167       2.6480       2.0303       1.5058
   0.40000  1     1        8.3888       8.6912       8.7696       8.6072       8.2712       7.9576       7.2408       6.3672       4.5248       3.4854       2.8862       2.4293       1.8362       1.3451
   0.50000  1     1        8.3440       8.6240       8.6800       8.4840       8.1200       7.7840       7.0420       6.1460       4.2840       3.2508       2.6558       2.2106       1.6422       1.1844
   0.60000  1     1        8.2992       8.5568       8.5904       8.3608       7.9688       7.6104       6.8432       5.9248       4.0432       3.0162       2.4254       1.9919       1.4482       1.0237
   0.70000  1     1        8.2544       8.4896       8.5008       8.2376       7.8176       7.4368       6.6444       5.7036       3.8024       2.7815       2.1949       1.7732       1.2541      0.86296
   0.80000  1     1        8.2096       8.4224       8.4112       8.1144       7.6664       7.2632       6.4456       5.4824       3.5616       2.5469       1.9645       1.5546       1.0601      0.70224
   0.90000  1     1        8.1648       8.3552       8.3216       7.9912       7.5152       7.0896       6.2468       5.2612       3.3208       2.3122       1.7340       1.3359      0.86604      0.54152
    1.0000  1     1        8.1200       8.2880       8.2320       7.8680       7.3640       6.9160       6.0480       5.0400       3.0800       2.0776       1.5036       1.1172      0.67200      0.38080
    1.1000  1     1        8.0332       8.1676       8.0892       7.6944       7.1764       6.7144       5.8408       4.8328       2.9123       1.9558       1.4193       1.0660      0.66920      0.42028
    1.2000  1     1        7.9464       8.0472       7.9464       7.5208       6.9888       6.5128       5.6336       4.6256       2.7446       1.8340       1.3350       1.0147      0.66640      0.45976
    1.3000  1     1        7.8596       7.9268       7.8036       7.3472       6.8012       6.3112       5.4264       4.4184       2.5768       1.7122       1.2508      0.96348      0.66360      0.49924
    1.4000  1     1        7.7728       7.8064       7.6608       7.1736       6.6136       6.1096       5.2192       4.2112       2.4091       1.5904       1.1665      0.91224      0.66080      0.53872
    1.5000  1     1        7.6860       7.6860       7.5180       7.0000       6.4260       5.9080       5.0120       4.0040       2.2414       1.4686       1.0822      0.86100      0.65800      0.57820
    1.6000  1     1        7.5992       7.5656       7.3752       6.8264       6.2384       5.7064       4.8048       3.7968       2.0737       1.3468      0.99792      0.80976      0.65520      0.61768
    1.7000  1     1        7.5124       7.4452       7.2324       6.6528       6.0508       5.5048       4.5976       3.5896       1.9060       1.2250      0.91364      0.75852      0.65240      0.65716
    1.8000  1     1        7.4256       7.3248       7.0896       6.4792       5.8632       5.3032       4.3904       3.3824       1.7382       1.1032      0.82936      0.70728      0.64960      0.69664
    1.9000  1     1        7.3388       7.2044       6.9468       6.3056       5.6756       5.1016       4.1832       3.1752       1.5705      0.98140      0.74508      0.65604      0.64680      0.73612
    2.0000  1     1        7.2520       7.0840       6.8040       6.1320       5.4880       4.9000       3.9760       2.9680       1.4028      0.85960      0.66080      0.60480      0.64400      0.77560
    2.1000  1     1        7.1736       6.9888       6.6976       6.0116       5.3592       4.7712       3.8536       2.8658       1.3616      0.85680      0.67872      0.63196      0.67144      0.78652
    2.2000  1     1        7.0952       6.8936       6.5912       5.8912       5.2304       4.6424       3.7313       2.7636       1.3205      0.85400      0.69664      0.65912      0.69888      0.79744
    2.3000  1     1        7.0168       6.7984       6.4848       5.7708       5.1016       4.5136       3.6089       2.6614       1.2793      0.85120      0.71456      0.68628      0.72632      0.80836
    2.4000  1     1        6.9384       6.7032       6.3784       5.6504       4.9728       4.3848       3.4866       2.5592       1.2382      0.84840      0.73248      0.71344      0.75376      0.81928
    2.5000  1     1        6.8600       6.6080       6.2720       5.5300       4.8440       4.2560       3.3642       2.4570       1.1970      0.84560      0.75040      0.74060      0.78120      0.83020
    2.6000  1     1        6.7816       6.5128       6.1656       5.4096       4.7152       4.1272       3.2418       2.3548       1.1558      0.84280      0.76832      0.76776      0.80864      0.84112
    2.7000  1     1        6.7032       6.4176       6.0592       5.2892       4.5864       3.9984       3.1195       2.2526       1.1147      0.84000      0.78624      0.79492      0.83608      0.85204
    2.8000  1     1        6.6248       6.3224       5.9528       5.1688       4.4576       3.8696       2.9971       2.1504       1.0735      0.83720      0.80416      0.82208      0.86352      0.86296
    2.9000  1     1        6.5464       6.2272       5.8464       5.0484       4.3288       3.7408       2.8748       2.0482       1.0324      0.83440      0.82208      0.84924      0.89096      0.87388
    3.0000  1     1        6.4680       6.1320       5.7400       4.9280       4.2000       3.6120       2.7524       1.9460      0.99120      0.83160      0.84000      0.87640      0.91840      0.88480
    3.1000  1     1        6.4036       6.0536       5.6504       4.8328       4.1104       3.5283       2.6835       1.9001      0.99092      0.84308      0.84952      0.87864      0.90580      0.85960
    3.2000  1     1        6.3392       5.9752       5.5608       4.7376       4.0208       3.4446       2.6146       1.8542      0.99064      0.85456      0.85904      0.88088      0.89320      0.83440
    3.3000  1     1        6.2748       5.8968       5.4712       4.6424       3.9312       3.3608       2.5458       1.8082      0.99036      0.86604      0.86856      0.88312      0.88060      0.80920
    3.4000  1     1        6.2104       5.8184       5.3816       4.5472       3.8416       3.2771       2.4769       1.7623      0.99008      0.87752      0.87808      0.88536      0.86800      0.78400
    3.5000  1     1        6.1460       5.7400       5.2920       4.4520       3.7520       3.1934       2.4080       1.7164      0.98980      0.88900      0.88760      0.88760      0.85540      0.75880
    3.6000  1     1        6.0816       5.6616       5.2024       4.3568       3.6624       3.1097       2.3391       1.6705      0.98952      0.90048      0.89712      0.88984      0.84280      0.73360
    3.7000  1     1        6.0172       5.5832       5.1128       4.2616       3.5728       3.0260       2.2702       1.6246      0.98924      0.91196      0.90664      0.89208      0.83020      0.70840
    3.8000  1     1        5.9528       5.5048       5.0232       4.1664       3.4832       2.9422       2.2014       1.5786      0.98896      0.92344      0.91616      0.89432      0.81760      0.68320
    3.9000  1     1        5.8884       5.4264       4.9336       4.0712       3.3936       2.8585       2.1325       1.5327      0.98868      0.93492      0.92568      0.89656      0.80500      0.65800
    4.0000  1     1        5.8240       5.3480       4.8440       3.9760       3.3040       2.7748       2.0636       1.4868      0.98840      0.94640      0.93520      0.89880      0.79240      0.63280
    4.1000  1     1        5.7652       5.2780       4.7712       3.9060       3.2410       2.7208       2.0264       1.4686      0.99092      0.94416      0.92456      0.88200      0.77056      0.61236
    4.2000  1     1        5.7064       5.2080       4.6984       3.8360       3.1780       2.6667       1.9891       1.4504      0.99344      0.94192      0.91392      0.86520      0.74872      0.59192
    4.3000  1     1        5.6476       5.1380       4.6256       3.7660       3.1150       2.6127       1.9519       1.4322      0.99596      0.93968      0.90328      0.84840      0.72688      0.57148
    4.4000  1     1        5.5888       5.0680       4.5528       3.6960       3.0520       2.5586       1.9146       1.4140      0.99848      0.93744      0.89264      0.83160      0.70504      0.55104
    4.5000  1     1        5.5300       4.9980       4.4800       3.6260       2.9890       2.5046       1.8774       1.3958       1.0010      0.93520      0.88200      0.81480      0.68320      0.53060
    4.6000  1     1        5.4712       4.9280       4.4072       3.5560       2.9260       2.4506       1.8402       1.3776       1.0035      0.93296      0.87136      0.79800      0.66136      0.51016
    4.7000  1     1        5.4124       4.8580       4.3344       3.4860       2.8630       2.3965       1.8029       1.3594       1.0060      0.93072      0.86072      0.78120      0.63952      0.48972
    4.8000  1     1        5.3536       4.7880       4.2616       3.4160       2.8000       2.3425       1.7657       1.3412       1.0086      0.92848      0.85008      0.76440      0.61768      0.46928
    4.9000  1     1        5.2948       4.7180       4.1888       3.3460       2.7370       2.2884       1.7284       1.3230       1.0111      0.92624      0.83944      0.74760      0.59584      0.44884
    5.0000  1     1        5.2360       4.6480       4.1160       3.2760       2.6740       2.2344       1.6912       1.3048       1.0136      0.92400      0.82880      0.73080      0.57400      0.42840
    5.1000  1     1        5.1856       4.5920       4.0600       3.2262       2.6317       2.2008       1.6708       1.2956       1.0063      0.90916      0.80976      0.71120      0.55664      0.41468
    5.2000  1     1        5.1352       4.5360       4.0040       3.1763       2.5894       2.1672       1.6503       1.2863      0.99904      0.89432      0.79072      0.69160      0.53928      0.40096
    5.3000  1     1        5.0848       4.4800       3.9480       3.1265       2.5472       2.1336       1.6299       1.2771      0.99176      0.87948      0.77168      0.67200      0.52192      0.38724
    5.4000  1     1        5.0344       4.4240       3.8920       3.0766       2.5049       2.1000       1.6094       1.2678      0.98448      0.86464      0.75264      0.65240      0.50456      0.37352
    5.5000  1     1        4.9840       4.3680       3.8360       3.0268       2.4626       2.0664       1.5890       1.2586      0.97720      0.84980      0.73360      0.63280      0.48720      0.35980
    5.6000  1     1        4.9336       4.3120       3.7800       2.9770       2.4203       2.0328       1.5686       1.2494      0.96992      0.83496      0.71456      0.61320      0.46984      0.34608
    5.7000  1     1        4.8832       4.2560       3.7240       2.9271       2.3780       1.9992       1.5481       1.2401      0.96264      0.82012      0.69552      0.59360      0.45248      0.33236
    5.8000  1     1        4.8328       4.2000       3.6680       2.8773       2.3358       1.9656       1.5277       1.2309      0.95536      0.80528      0.67648      0.57400      0.43512      0.31864
    5.9000  1     1        4.7824       4.1440       3.6120       2.8274       2.2935       1.9320       1.5072       1.2216      0.94808      0.79044      0.65744      0.55440      0.41776      0.30492
    6.0000  1     1        4.7320       4.0880       3.5560       2.7776       2.2512       1.8984       1.4868       1.2124      0.94080      0.77560      0.63840      0.53480      0.40040      0.29120
    6.1000  1     1        4.6872       4.0404       3.5112       2.7401       2.2215       1.8757       1.4734       1.2043      0.92792      0.75936      0.62272      0.52080      0.38976      0.28302
    6.2000  1     1        4.6424       3.9928       3.4664       2.7026       2.1918       1.8530       1.4599       1.1962      0.91504      0.74312      0.60704      0.50680      0.37912      0.27485
    6.3000  1     1        4.5976       3.9452       3.4216       2.6650       2.1622       1.8304       1.4465       1.1880      0.90216      0.72688      0.59136      0.49280      0.36848      0.26667
    6.4000  1     1        4.5528       3.8976       3.3768       2.6275       2.1325       1.8077       1.4330       1.1799      0.88928      0.71064      0.57568      0.47880      0.35784      0.25850
    6.5000  1     1        4.5080       3.8500       3.3320       2.5900       2.1028       1.7850       1.4196       1.1718      0.87640      0.69440      0.56000      0.46480      0.34720      0.25032
    6.6000  1     1        4.4632       3.8024       3.2872       2.5525       2.0731       1.7623       1.4062       1.1637      0.86352      0.67816      0.54432      0.45080      0.33656      0.24214
    6.7000  1     1        4.4184       3.7548       3.2424       2.5150       2.0434       1.7396       1.3927       1.1556      0.85064      0.66192      0.52864      0.43680      0.32592      0.23397
    6.8000  1     1        4.3736       3.7072       3.1976       2.4774       2.0138       1.7170       1.3793       1.1474      0.83776      0.64568      0.51296      0.42280      0.31528      0.22579
    6.9000  1     1        4.3288       3.6596       3.1528       2.4399       1.9841       1.6943       1.3658       1.1393      0.82488      0.62944      0.49728      0.40880      0.30464      0.21762
    7.0000  1     1        4.2840       3.6120       3.1080       2.4024       1.9544       1.6716       1.3524       1.1312      0.81200      0.61320      0.48160      0.39480      0.29400      0.20944
    7.1000  1     1        4.2448       3.5728       3.0722       2.3736       1.9326       1.6545       1.3404       1.1203      0.79688      0.59864      0.46956      0.38472      0.28602      0.20314
    7.2000  1     1        4.2056       3.5336       3.0363       2.3447       1.9107       1.6374       1.3283       1.1094      0.78176      0.58408      0.45752      0.37464      0.27804      0.19684
    7.3000  1     1        4.1664       3.4944       3.0005       2.3159       1.8889       1.6204       1.3163       1.0984      0.76664      0.56952      0.44548      0.36456      0.27006      0.19054
    7.4000  1     1        4.1272       3.4552       2.9646       2.2870       1.8670       1.6033       1.3042       1.0875      0.75152      0.55496      0.43344      0.35448      0.26208      0.18424
    7.5000  1     1        4.0880       3.4160       2.9288       2.2582       1.8452       1.5862       1.2922       1.0766      0.73640      0.54040      0.42140      0.34440      0.25410      0.17794
    7.6000  1     1        4.0488       3.3768       2.8930       2.2294       1.8234       1.5691       1.2802       1.0657      0.72128      0.52584      0.40936      0.33432      0.24612      0.17164
    7.7000  1     1        4.0096       3.3376       2.8571       2.2005       1.8015       1.5520       1.2681       1.0548      0.70616      0.51128      0.39732      0.32424      0.23814      0.16534
    7.8000  1     1        3.9704       3.2984       2.8213       2.1717       1.7797       1.5350       1.2561       1.0438      0.69104      0.49672      0.38528      0.31416      0.23016      0.15904
    7.9000  1     1        3.9312       3.2592       2.7854       2.1428       1.7578       1.5179       1.2440       1.0329      0.67592      0.48216      0.37324      0.30408      0.22218      0.15274
    8.0000  1     1        3.8920       3.2200       2.7496       2.1140       1.7360       1.5008       1.2320       1.0220      0.66080      0.46760      0.36120      0.29400      0.21420      0.14644
    8.1000  1     1        3.8556       3.1864       2.7196       2.0910       1.7184       1.4865       1.2200       1.0097      0.64736      0.45724      0.35288      0.28717      0.20891      0.14224
    8.2000  1     1        3.8192       3.1528       2.6897       2.0681       1.7007       1.4722       1.2079      0.99736      0.63392      0.44688      0.34457      0.28034      0.20362      0.13804
    8.3000  1     1        3.7828       3.1192       2.6597       2.0451       1.6831       1.4580       1.1959      0.98504      0.62048      0.43652      0.33625      0.27350      0.19832      0.13384
    8.4000  1     1        3.7464       3.0856       2.6298       2.0222       1.6654       1.4437       1.1838      0.97272      0.60704      0.42616      0.32794      0.26667      0.19303      0.12964
    8.5000  1     1        3.7100       3.0520       2.5998       1.9992       1.6478       1.4294       1.1718      0.96040      0.59360      0.41580      0.31962      0.25984      0.18774      0.12544
    8.6000  1     1        3.6736       3.0184       2.5698       1.9762       1.6302       1.4151       1.1598      0.94808      0.58016      0.40544      0.31130      0.25301      0.18245      0.12124
    8.7000  1     1        3.6372       2.9848       2.5399       1.9533       1.6125       1.4008       1.1477      0.93576      0.56672      0.39508      0.30299      0.24618      0.17716      0.11704
    8.8000  1     1        3.6008       2.9512       2.5099       1.9303       1.5949       1.3866       1.1357      0.92344      0.55328      0.38472      0.29467      0.23934      0.17186      0.11284
    8.9000  1     1        3.5644       2.9176       2.4800       1.9074       1.5772       1.3723       1.1236      0.91112      0.53984      0.37436      0.28636      0.23251      0.16657      0.10864
    9.0000  1     1        3.5280       2.8840       2.4500       1.8844       1.5596       1.3580       1.1116      0.89880      0.52640      0.36400      0.27804      0.22568      0.16128      0.10444
    9.1000  1     1        3.4972       2.8566       2.4248       1.8654       1.5442       1.3443       1.0990      0.88564      0.51548      0.35588      0.27182      0.22044      0.15708      0.10102
    9.2000  1     1        3.4664       2.8291       2.3996       1.8463       1.5288       1.3306       1.0864      0.87248      0.50456      0.34776      0.26561      0.21521      0.15288      0.97608E-01
    9.3000  1     1        3.4356       2.8017       2.3744       1.8273       1.5134       1.3168       1.0738      0.85932      0.49364      0.33964      0.25939      0.20997      0.14868      0.94192E-01
    9.4000  1     1        3.4048       2.7742       2.3492       1.8082       1.4980       1.3031       1.0612      0.84616      0.48272      0.33152      0.25318      0.20474      0.14448      0.90776E-01
    9.5000  1     1        3.3740       2.7468       2.3240       1.7892       1.4826       1.2894       1.0486      0.83300      0.47180      0.32340      0.24696      0.19950      0.14028      0.87360E-01
    9.6000  1     1        3.3432       2.7194       2.2988       1.7702       1.4672       1.2757       1.0360      0.81984      0.46088      0.31528      0.24074      0.19426      0.13608      0.83944E-01
    9.7000  1     1        3.3124       2.6919       2.2736       1.7511       1.4518       1.2620       1.0234      0.80668      0.44996      0.30716      0.23453      0.18903      0.13188      0.80528E-01
    9.8000  1     1        3.2816       2.6645       2.2484       1.7321       1.4364       1.2482       1.0108      0.79352      0.43904      0.29904      0.22831      0.18379      0.12768      0.77112E-01
    9.9000  1     1        3.2508       2.6370       2.2232       1.7130       1.4210       1.2345      0.99820      0.78036      0.42812      0.29092      0.22210      0.17856      0.12348      0.73696E-01
    10.000  1     1        3.2200       2.6096       2.1980       1.6940       1.4056       1.2208      0.98560      0.76720      0.41720      0.28280      0.21588      0.17332      0.11928      0.70280E-01
    10.100  1     1        3.1948       2.5850       2.1764       1.6772       1.3910       1.2074      0.97272      0.75460      0.40880      0.27700      0.21126      0.16943      0.11609      0.67984E-01
    10.200  1     1        3.1696       2.5603       2.1549       1.6604       1.3765       1.1939      0.95984      0.74200      0.40040      0.27121      0.20664      0.16554      0.11290      0.65688E-01
    10.300  1     1        3.1444       2.5357       2.1333       1.6436       1.3619       1.1805      0.94696      0.72940      0.39200      0.26541      0.20202      0.16164      0.10970      0.63392E-01
    10.400  1     1        3.1192       2.5110       2.1118       1.6268       1.3474       1.1670      0.93408      0.71680      0.38360      0.25962      0.19740      0.15775      0.10651      0.61096E-01
    10.500  1     1        3.0940       2.4864       2.0902       1.6100       1.3328       1.1536      0.92120      0.70420      0.37520      0.25382      0.19278      0.15386      0.10332      0.58800E-01
    10.600  1     1        3.0688       2.4618       2.0686       1.5932       1.3182       1.1402      0.90832      0.69160      0.36680      0.24802      0.18816      0.14997      0.10013      0.56504E-01
    10.700  1     1        3.0436       2.4371       2.0471       1.5764       1.3037       1.1267      0.89544      0.67900      0.35840      0.24223      0.18354      0.14608      0.96936E-01  0.54208E-01
    10.800  1     1        3.0184       2.4125       2.0255       1.5596       1.2891       1.1133      0.88256      0.66640      0.35000      0.23643      0.17892      0.14218      0.93744E-01  0.51912E-01
    10.900  1     1        2.9932       2.3878       2.0040       1.5428       1.2746       1.0998      0.86968      0.65380      0.34160      0.23064      0.17430      0.13829      0.90552E-01  0.49616E-01
    11.000  1     1        2.9680       2.3632       1.9824       1.5260       1.2600       1.0864      0.85680      0.64120      0.33320      0.22484      0.16968      0.13440      0.87360E-01  0.47320E-01
    12.000  1     1        2.7104       2.1476       1.7948       1.3720       1.1256      0.95760      0.73360      0.53200      0.26796      0.18004      0.13440      0.10360      0.62720E-01  0.33320E-01
    13.000  1     1        2.4864       1.9516       1.6212       1.2292      0.99400      0.83440      0.62160      0.43960      0.21700      0.14448      0.10528      0.78120E-01  0.44520E-01  0.25116E-01
    14.000  1     1        2.2848       1.7752       1.4672       1.0948      0.87080      0.71960      0.52360      0.36400      0.17780      0.11704      0.82600E-01  0.59080E-01  0.33320E-01  0.20524E-01
    15.000  1     1        2.0972       1.6156       1.3216      0.96880      0.75880      0.61600      0.43960      0.29960      0.14588      0.93800E-01  0.63280E-01  0.43960E-01  0.25592E-01  0.16716E-01
    16.000  1     1        1.9236       1.4644       1.1872      0.85400      0.65520      0.52360      0.36680      0.24920      0.12068      0.75320E-01  0.49000E-01  0.33880E-01  0.21140E-01  0.13860E-01
    17.000  1     1        1.7640       1.3272       1.0640      0.74480      0.56280      0.44520      0.30800      0.20748      0.99400E-01  0.59640E-01  0.37800E-01  0.26628E-01  0.17696E-01  0.11088E-01
    18.000  1     1        1.6156       1.1984      0.94640      0.64960      0.48160      0.37520      0.25788      0.17388      0.82040E-01  0.47600E-01  0.29960E-01  0.21952E-01  0.15120E-01  0.91000E-02
    19.000  1     1        1.4756       1.0780      0.84000      0.56280      0.41160      0.31920      0.21644      0.14588      0.67480E-01  0.37800E-01  0.24360E-01  0.18592E-01  0.12740E-01  0.74760E-02
    20.000  1     1        1.3440      0.96600      0.74200      0.48440      0.35000      0.26936      0.18256      0.12292      0.55440E-01  0.30520E-01  0.20412E-01  0.16072E-01  0.10724E-01  0.62440E-02
    21.000  1     1        1.2236      0.86240      0.65240      0.41720      0.29680      0.22792      0.15428      0.10388      0.45640E-01  0.25060E-01  0.17584E-01  0.14028E-01  0.90720E-02  0.52920E-02
    22.000  1     1        1.1088      0.77000      0.57120      0.35840      0.25256      0.19320      0.13048      0.87640E-01  0.37520E-01  0.20972E-01  0.15316E-01  0.12124E-01  0.76720E-02  0.44800E-02
    23.000  1     1        1.0024      0.68040      0.49840      0.30520      0.21476      0.16408      0.11088      0.74480E-01  0.31360E-01  0.18032E-01  0.13524E-01  0.10556E-01  0.66080E-02  0.38640E-02
    24.000  1     1       0.90440      0.60200      0.43400      0.26236      0.18312      0.13944      0.94080E-01  0.63280E-01  0.26096E-01  0.15708E-01  0.11872E-01  0.91000E-02  0.56840E-02  0.32760E-02
    25.000  1     1       0.81480      0.52920      0.37520      0.22428      0.15596      0.11872      0.80360E-01  0.53760E-01  0.22092E-01  0.13944E-01  0.10500E-01  0.79520E-02  0.49560E-02  0.28280E-02
    26.000  1     1       0.72800      0.46480      0.32480      0.19180      0.13300      0.10136      0.68320E-01  0.45920E-01  0.18872E-01  0.12432E-01  0.92400E-02  0.69440E-02  0.42840E-02  0.24052E-02
    27.000  1     1       0.64960      0.40600      0.28000      0.16408      0.11368      0.86520E-01  0.58520E-01  0.39200E-01  0.16352E-01  0.11144E-01  0.81480E-02  0.61040E-02  0.37800E-02  0.20636E-02
    28.000  1     1       0.57960      0.35560      0.24248      0.14056      0.97160E-01  0.73920E-01  0.50120E-01  0.33880E-01  0.14364E-01  0.99960E-02  0.72240E-02  0.53760E-02  0.33040E-02  0.17724E-02
    29.000  1     1       0.51520      0.31080      0.20888      0.12040      0.83160E-01  0.63280E-01  0.43120E-01  0.29120E-01  0.12796E-01  0.89600E-02  0.63840E-02  0.47320E-02  0.29120E-02  0.15372E-02
    30.000  1     1       0.45640      0.26908      0.17976      0.10332      0.71400E-01  0.54320E-01  0.37240E-01  0.25312E-01  0.11508E-01  0.80360E-02  0.56840E-02  0.42000E-02  0.25452E-02  0.13412E-02
    31.000  1     1       0.40320      0.23324      0.15484      0.88480E-01  0.61040E-01  0.46480E-01  0.32200E-01  0.22008E-01  0.10416E-01  0.71960E-02  0.50680E-02  0.37520E-02  0.22176E-02  0.11620E-02
    32.000  1     1       0.35280      0.20216      0.13328      0.76160E-01  0.52640E-01  0.40320E-01  0.28280E-01  0.19264E-01  0.95200E-02  0.64680E-02  0.45360E-02  0.33600E-02  0.19460E-02  0.10164E-02
    33.000  1     1       0.31080      0.17472      0.11480      0.65520E-01  0.45080E-01  0.34720E-01  0.24640E-01  0.16884E-01  0.86800E-02  0.58240E-02  0.40600E-02  0.29960E-02  0.17080E-02  0.87920E-03
    34.000  1     1       0.27244      0.15120      0.98840E-01  0.56280E-01  0.38920E-01  0.30240E-01  0.21700E-01  0.14868E-01  0.79520E-02  0.52640E-02  0.36400E-02  0.26712E-02  0.15092E-02  0.76720E-03
    35.000  1     1       0.23800      0.13048      0.85400E-01  0.48440E-01  0.33600E-01  0.26292E-01  0.19180E-01  0.13132E-01  0.72800E-02  0.47320E-02  0.32760E-02  0.23800E-02  0.13356E-02  0.66920E-03
    36.000  1     1       0.20776      0.11284      0.73640E-01  0.41720E-01  0.29120E-01  0.23072E-01  0.17052E-01  0.11676E-01  0.66640E-02  0.42840E-02  0.29680E-02  0.21196E-02  0.11816E-02  0.58800E-03
    37.000  1     1       0.18088      0.97720E-01  0.63840E-01  0.36120E-01  0.25340E-01  0.20328E-01  0.15204E-01  0.10444E-01  0.60760E-02  0.38920E-02  0.26712E-02  0.18872E-02  0.10444E-02  0.51520E-03
    38.000  1     1       0.15736      0.84560E-01  0.55160E-01  0.31360E-01  0.22176E-01  0.18060E-01  0.13580E-01  0.93800E-02  0.55440E-02  0.35280E-02  0.24080E-02  0.16856E-02  0.92120E-03  0.45360E-03
    39.000  1     1       0.13664      0.73080E-01  0.47880E-01  0.27160E-01  0.19488E-01  0.16100E-01  0.12180E-01  0.84840E-02  0.50680E-02  0.32200E-02  0.21700E-02  0.15092E-02  0.81760E-03  0.40040E-03
    40.000  1     1       0.11844      0.63560E-01  0.41440E-01  0.23632E-01  0.17220E-01  0.14448E-01  0.10920E-01  0.77560E-02  0.46200E-02  0.29400E-02  0.19544E-02  0.13552E-02  0.72520E-03  0.35280E-03
    41.000  1     1       0.10276      0.55160E-01  0.36120E-01  0.20636E-01  0.15316E-01  0.13048E-01  0.98560E-02  0.71400E-02  0.42560E-02  0.26684E-02  0.17612E-02  0.12152E-02  0.64400E-03  0.31360E-03
    42.000  1     1       0.89320E-01  0.48160E-01  0.31640E-01  0.18088E-01  0.13720E-01  0.11788E-01  0.88760E-02  0.66080E-02  0.38920E-02  0.24332E-02  0.15904E-02  0.10920E-02  0.57400E-03  0.27664E-03
    43.000  1     1       0.77560E-01  0.42000E-01  0.27552E-01  0.15932E-01  0.12348E-01  0.10724E-01  0.80360E-02  0.61600E-02  0.36120E-02  0.22176E-02  0.14364E-02  0.97720E-03  0.50960E-03  0.24612E-03
    44.000  1     1       0.67480E-01  0.36680E-01  0.24108E-01  0.14112E-01  0.11200E-01  0.97720E-02  0.73080E-02  0.57680E-02  0.33320E-02  0.20216E-02  0.13020E-02  0.87640E-03  0.45640E-03  0.21896E-03
    45.000  1     1       0.58520E-01  0.32200E-01  0.21196E-01  0.12544E-01  0.10192E-01  0.89320E-02  0.66920E-02  0.54040E-02  0.30800E-02  0.18424E-02  0.11788E-02  0.78400E-03  0.40600E-03  0.19516E-03
    46.000  1     1   01  0.51240E-01  0.28280E-01  0.18648E-01  0.11256E-01  0.93520E-02  0.81760E-02  0.61320E-02  0.50680E-02  0.28280E-02  0.16800E-02  0.10668E-02  0.70560E-03  0.36400E-03  0.17416E-03
    47.000  1     1   01  0.44800E-01  0.25116E-01  0.16492E-01  0.10136E-01  0.85960E-02  0.74760E-02  0.56840E-02  0.47600E-02  0.26180E-02  0.15372E-02  0.96600E-03  0.63560E-03  0.32480E-03  0.15596E-03
    48.000  1     1   01  0.39480E-01  0.22260E-01  0.14616E-01  0.92120E-02  0.79240E-02  0.68600E-02  0.52640E-02  0.44800E-02  0.24164E-02  0.14028E-02  0.87080E-03  0.57400E-03  0.29120E-03  0.14028E-03
    49.000  1     1   01  0.34720E-01  0.19824E-01  0.12992E-01  0.84280E-02  0.73360E-02  0.63280E-02  0.49280E-02  0.42000E-02  0.22288E-02  0.12852E-02  0.78960E-03  0.52080E-03  0.26096E-03  0.12600E-03
    50.000  1     1   01  0.30800E-01  0.17696E-01  0.11620E-01  0.77280E-02  0.68040E-02  0.58240E-02  0.46200E-02  0.39200E-02  0.20524E-02  0.11732E-02  0.71120E-03  0.46760E-03  0.23380E-03  0.11340E-03
    51.000  1     1   01  0.27384E-01  0.15848E-01  0.10416E-01  0.71680E-02  0.63280E-02  0.54040E-02  0.43400E-02  0.36680E-02  0.18956E-02  0.10780E-02  0.64680E-03  0.42280E-03  0.21140E-03  0.10220E-03
    52.000  1     1   01  0.24472E-01  0.14308E-01  0.94080E-02  0.66360E-02  0.58800E-02  0.50120E-02  0.41160E-02  0.34160E-02  0.17500E-02  0.98560E-03  0.58520E-03  0.38080E-03  0.19040E-03  0.92400E-04
    53.000  1     1   01  0.22064E-01  0.12908E-01  0.85120E-02  0.62160E-02  0.54880E-02  0.46480E-02  0.38920E-02  0.31920E-02  0.16184E-02  0.90440E-03  0.53200E-03  0.34440E-03  0.17220E-03  0.84000E-04
    54.000  1     1   01  0.19992E-01  0.11704E-01  0.77560E-02  0.58240E-02  0.50960E-02  0.43400E-02  0.36960E-02  0.29680E-02  0.14980E-02  0.82880E-03  0.48720E-03  0.31080E-03  0.15540E-03  0.76440E-04
    55.000  1     1   01  0.18172E-01  0.10668E-01  0.71120E-02  0.54880E-02  0.47600E-02  0.40600E-02  0.35000E-02  0.27916E-02  0.13860E-02  0.75600E-03  0.44240E-03  0.28280E-03  0.14000E-03  0.69440E-04
    56.000  1     1   01  0.16660E-01  0.97440E-02  0.65240E-02  0.51520E-02  0.44520E-02  0.38080E-02  0.33320E-02  0.26180E-02  0.12880E-02  0.69160E-03  0.40600E-03  0.25536E-03  0.12684E-03  0.63000E-04
    57.000  1     1   01  0.15372E-01  0.89320E-02  0.60480E-02  0.48720E-02  0.41720E-02  0.35840E-02  0.31640E-02  0.24584E-02  0.11928E-02  0.63000E-03  0.36960E-03  0.23016E-03  0.11424E-03  0.57680E-04
    58.000  1     1   01  0.14196E-01  0.82320E-02  0.56280E-02  0.46200E-02  0.38920E-02  0.33880E-02  0.29960E-02  0.23156E-02  0.11088E-02  0.57680E-03  0.33880E-03  0.21000E-03  0.10444E-03  0.52640E-04
    59.000  1     1   01  0.13216E-01  0.75880E-02  0.52640E-02  0.43680E-02  0.36680E-02  0.31920E-02  0.28280E-02  0.21840E-02  0.10304E-02  0.52640E-03  0.30520E-03  0.18984E-03  0.94640E-04  0.48440E-04
    60.000  1     1   01  0.12376E-01  0.70280E-02  0.49280E-02  0.41440E-02  0.34440E-02  0.30240E-02  0.26824E-02  0.20636E-02  0.95760E-03  0.48440E-03  0.28000E-03  0.17416E-03  0.86800E-04  0.44520E-04
    61.000  1     1   01  0.11564E-01  0.65240E-02  0.46480E-02  0.39200E-02  0.32480E-02  0.28840E-02  0.25396E-02  0.19516E-02  0.89040E-03  0.44520E-03  0.25396E-03  0.15876E-03  0.78960E-04  0.40880E-04
    62.000  1     1   01  0.10892E-01  0.60760E-02  0.43960E-02  0.37240E-02  0.30520E-02  0.27496E-02  0.24024E-02  0.18480E-02  0.82880E-03  0.40880E-03  0.23184E-03  0.14588E-03  0.72520E-04  0.37520E-04
    63.000  1     1   01  0.10276E-01  0.56840E-02  0.42000E-02  0.35280E-02  0.28840E-02  0.26264E-02  0.22736E-02  0.17500E-02  0.77280E-03  0.37800E-03  0.21168E-03  0.13384E-03  0.66360E-04  0.34720E-04
    64.000  1     1   01  0.97160E-02  0.53200E-02  0.39760E-02  0.33600E-02  0.27356E-02  0.25116E-02  0.21532E-02  0.16548E-02  0.71960E-03  0.35000E-03  0.19264E-03  0.12208E-03  0.60480E-04  0.32200E-04
    65.000  1     1   01  0.91840E-02  0.50120E-02  0.38080E-02  0.31640E-02  0.25928E-02  0.24052E-02  0.20384E-02  0.15680E-02  0.67200E-03  0.32480E-03  0.17724E-03  0.11200E-03  0.56000E-04  0.29960E-04
    66.000  1     1   01  0.87080E-02  0.47320E-02  0.36400E-02  0.30240E-02  0.24668E-02  0.23072E-02  0.19320E-02  0.14840E-02  0.62440E-03  0.29960E-03  0.16128E-03  0.10136E-03  0.50960E-04  0.27692E-04
    67.000  1     1   01  0.82600E-02  0.44520E-02  0.35000E-02  0.28560E-02  0.23520E-02  0.22120E-02  0.18312E-02  0.14028E-02  0.58240E-03  0.27804E-03  0.14952E-03  0.93240E-04  0.47320E-04  0.25648E-04
    68.000  1     1   01  0.78120E-02  0.42280E-02  0.33600E-02  0.27048E-02  0.22456E-02  0.21224E-02  0.17388E-02  0.13272E-02  0.54040E-03  0.25536E-03  0.13720E-03  0.84560E-04  0.43400E-04  0.23884E-04
    69.000  1     1   01  0.74200E-02  0.40040E-02  0.32480E-02  0.25620E-02  0.21476E-02  0.20384E-02  0.16548E-02  0.12572E-02  0.50400E-03  0.23660E-03  0.12768E-03  0.78120E-04  0.40320E-04  0.22316E-04
    70.000  1     1   01  0.70560E-02  0.38080E-02  0.31360E-02  0.24276E-02  0.20608E-02  0.19572E-02  0.15736E-02  0.11900E-02  0.46760E-03  0.21756E-03  0.11788E-03  0.71680E-04  0.37240E-04  0.20916E-04
    71.000  1     1   01  0.66920E-02  0.36400E-02  0.30240E-02  0.23016E-02  0.19796E-02  0.18788E-02  0.15008E-02  0.11256E-02  0.43400E-03  0.20048E-03  0.10920E-03  0.66360E-04  0.34440E-04  0.19544E-04
    72.000  1     1   01  0.63560E-02  0.34720E-02  0.29120E-02  0.21840E-02  0.19068E-02  0.18004E-02  0.14336E-02  0.10640E-02  0.40320E-03  0.18536E-03  0.10136E-03  0.61600E-04  0.32200E-04  0.18228E-04
    73.000  1     1   02  0.60200E-02  0.33320E-02  0.28000E-02  0.20776E-02  0.18368E-02  0.17248E-02  0.13692E-02  0.10080E-02  0.37240E-03  0.17052E-03  0.92960E-04  0.56840E-04  0.29680E-04  0.17080E-04
    74.000  1     1   02  0.57120E-02  0.31920E-02  0.26936E-02  0.19740E-02  0.17724E-02  0.16520E-02  0.13104E-02  0.95480E-03  0.34720E-03  0.15848E-03  0.86240E-04  0.52920E-04  0.27832E-04  0.16044E-04
    75.000  1     1   02  0.54040E-02  0.30520E-02  0.25984E-02  0.18844E-02  0.17136E-02  0.15820E-02  0.12572E-02  0.90160E-03  0.32480E-03  0.14532E-03  0.78680E-04  0.48720E-04  0.25620E-04  0.15176E-04
    76.000  1     1   02  0.51240E-02  0.29400E-02  0.24976E-02  0.17976E-02  0.16548E-02  0.15148E-02  0.12068E-02  0.85680E-03  0.30520E-03  0.13552E-03  0.73080E-04  0.45640E-04  0.24024E-04  0.14308E-04
    77.000  1     1   02  0.48720E-02  0.28280E-02  0.24024E-02  0.17220E-02  0.16016E-02  0.14476E-02  0.11592E-02  0.81200E-03  0.28560E-03  0.12516E-03  0.66640E-04  0.42000E-04  0.22204E-04  0.13524E-04
    78.000  1     1   02  0.45920E-02  0.27356E-02  0.23128E-02  0.16492E-02  0.15484E-02  0.13860E-02  0.11144E-02  0.77000E-03  0.26880E-03  0.11704E-03  0.62160E-04  0.39200E-04  0.20916E-04  0.12712E-04
    79.000  1     1   02  0.43680E-02  0.26404E-02  0.22176E-02  0.15876E-02  0.14980E-02  0.13272E-02  0.10724E-02  0.73360E-03  0.25284E-03  0.10892E-03  0.57400E-04  0.36400E-04  0.19600E-04  0.12012E-04
    80.000  1     1   02  0.41440E-02  0.25536E-02  0.21336E-02  0.15288E-02  0.14476E-02  0.12712E-02  0.10332E-02  0.69720E-03  0.23884E-03  0.10192E-03  0.53480E-04  0.33880E-04  0.18424E-04  0.11396E-04
    81.000  1     1   02  0.39200E-02  0.24640E-02  0.20440E-02  0.14756E-02  0.14000E-02  0.12208E-02  0.99400E-03  0.66360E-03  0.22596E-03  0.96040E-04  0.50400E-04  0.31640E-04  0.17472E-04  0.10836E-04
    82.000  1     1   02  0.37240E-02  0.23856E-02  0.19628E-02  0.14280E-02  0.13496E-02  0.11704E-02  0.95480E-03  0.63280E-03  0.21252E-03  0.89880E-04  0.46760E-04  0.29120E-04  0.16352E-04  0.10332E-04
    83.000  1     1   02  0.35280E-02  0.23100E-02  0.18816E-02  0.13832E-02  0.13048E-02  0.11284E-02  0.91560E-03  0.60760E-03  0.20160E-03  0.85400E-04  0.44240E-04  0.27580E-04  0.15568E-04  0.97720E-05
    84.000  1     1   02  0.33600E-02  0.22344E-02  0.18032E-02  0.13412E-02  0.12572E-02  0.10836E-02  0.87920E-03  0.57960E-03  0.18928E-03  0.79520E-04  0.41160E-04  0.25508E-04  0.14532E-04  0.92960E-05
    85.000  1     1   02  0.31920E-02  0.21644E-02  0.17304E-02  0.13020E-02  0.12152E-02  0.10472E-02  0.84280E-03  0.55440E-03  0.17948E-03  0.75600E-04  0.38920E-04  0.24360E-04  0.13860E-04  0.88200E-05
    86.000  1     1   02  0.30240E-02  0.20972E-02  0.16604E-02  0.12656E-02  0.11704E-02  0.10108E-02  0.80920E-03  0.52920E-03  0.16856E-03  0.70560E-04  0.36120E-04  0.22764E-04  0.12992E-04  0.84560E-05
    87.000  1     1   02  0.28840E-02  0.20300E-02  0.15904E-02  0.12320E-02  0.11284E-02  0.98000E-03  0.77560E-03  0.50680E-03  0.15932E-03  0.66360E-04  0.34160E-04  0.21644E-04  0.12376E-04  0.80920E-05
    88.000  1     1   02  0.27608E-02  0.19684E-02  0.15288E-02  0.12012E-02  0.10892E-02  0.94920E-03  0.74480E-03  0.48720E-03  0.15008E-03  0.61880E-04  0.31920E-04  0.20384E-04  0.11648E-04  0.77280E-05
    89.000  1     1   02  0.26404E-02  0.19068E-02  0.14644E-02  0.11676E-02  0.10500E-02  0.92120E-03  0.71400E-03  0.46480E-03  0.14140E-03  0.57680E-04  0.29960E-04  0.19124E-04  0.10976E-04  0.73920E-05
    90.000  1     1   02  0.25256E-02  0.18480E-02  0.14084E-02  0.11396E-02  0.10164E-02  0.89600E-03  0.68600E-03  0.44800E-03  0.13356E-03  0.54040E-04  0.28280E-04  0.18116E-04  0.10444E-04  0.70280E-05
    91.000  1     1   02  0.24248E-02  0.17920E-02  0.13552E-02  0.11088E-02  0.98280E-03  0.86800E-03  0.65800E-03  0.42840E-03  0.12544E-03  0.50120E-04  0.26264E-04  0.16800E-04  0.98000E-05  0.67760E-05
    92.000  1     1   02  0.23296E-02  0.17360E-02  0.13020E-02  0.10808E-02  0.94920E-03  0.84560E-03  0.63560E-03  0.41160E-03  0.11872E-03  0.47320E-04  0.25004E-04  0.15988E-04  0.94640E-05  0.64680E-05
    93.000  1     1   02  0.22428E-02  0.16828E-02  0.12572E-02  0.10556E-02  0.92120E-03  0.82040E-03  0.61040E-03  0.39480E-03  0.11144E-03  0.44240E-04  0.23212E-04  0.14812E-04  0.89600E-05  0.62720E-05
    94.000  1     1   02  0.21616E-02  0.16352E-02  0.12096E-02  0.10276E-02  0.89320E-03  0.80080E-03  0.58800E-03  0.38080E-03  0.10556E-03  0.42000E-04  0.22148E-04  0.14140E-04  0.86800E-05  0.59920E-05
    95.000  1     1   02  0.20916E-02  0.15820E-02  0.11676E-02  0.10052E-02  0.86800E-03  0.77840E-03  0.56840E-03  0.36680E-03  0.99400E-04  0.39480E-04  0.20720E-04  0.13244E-04  0.82880E-05  0.57680E-05
    96.000  1     1   02  0.20244E-02  0.15372E-02  0.11284E-02  0.98000E-03  0.84280E-03  0.75880E-03  0.54880E-03  0.35280E-03  0.94360E-04  0.37800E-04  0.19684E-04  0.12600E-04  0.79240E-05  0.55440E-05
    97.000  1     1   02  0.19628E-02  0.14896E-02  0.10892E-02  0.95760E-03  0.82040E-03  0.73920E-03  0.52920E-03  0.33880E-03  0.89600E-04  0.35840E-04  0.18704E-04  0.12012E-04  0.75600E-05  0.53480E-05
    98.000  1     1   02  0.19096E-02  0.14448E-02  0.10584E-02  0.93240E-03  0.79800E-03  0.71960E-03  0.51240E-03  0.32760E-03  0.84840E-04  0.34160E-04  0.17724E-04  0.11424E-04  0.71960E-05  0.51800E-05
    99.000  1     1   02  0.18620E-02  0.14028E-02  0.10248E-02  0.91280E-03  0.77840E-03  0.70280E-03  0.49560E-03  0.31640E-03  0.81200E-04  0.32760E-04  0.17080E-04  0.11032E-04  0.69440E-05  0.49840E-05
    100.00  1     1   02  0.18144E-02  0.13608E-02  0.99680E-03  0.89040E-03  0.75880E-03  0.68320E-03  0.47880E-03  0.30520E-03  0.77000E-04  0.31080E-04  0.16156E-04  0.10444E-04  0.66080E-05  0.48440E-05
    101.00  1     1   02  0.17752E-02  0.13188E-02  0.96880E-03  0.87080E-03  0.74200E-03  0.66640E-03  0.46480E-03  0.29400E-03  0.73920E-04  0.29960E-04  0.15708E-04  0.10164E-04  0.64120E-05  0.46480E-05
    102.00  1     1   02  0.17360E-02  0.12824E-02  0.94360E-03  0.84840E-03  0.72240E-03  0.64960E-03  0.45080E-03  0.28280E-03  0.70280E-04  0.28280E-04  0.14812E-04  0.96040E-05  0.61320E-05  0.45080E-05
    103.00  1     1   02  0.17024E-02  0.12432E-02  0.92120E-03  0.82880E-03  0.70840E-03  0.63280E-03  0.43680E-03  0.27188E-03  0.67760E-04  0.27132E-04  0.14280E-04  0.92960E-05  0.59080E-05  0.43680E-05
    104.00  1     1   02  0.16716E-02  0.12096E-02  0.89600E-03  0.80920E-03  0.69160E-03  0.61600E-03  0.42280E-03  0.26152E-03  0.64680E-04  0.25760E-04  0.13468E-04  0.88480E-05  0.56560E-05  0.42560E-05
    105.00  1     1   02  0.16436E-02  0.11760E-02  0.87920E-03  0.78960E-03  0.67760E-03  0.60200E-03  0.41160E-03  0.25172E-03  0.62440E-04  0.24640E-04  0.12796E-04  0.84840E-05  0.54600E-05  0.40880E-05
    106.00  1     1   02  0.16156E-02  0.11424E-02  0.85960E-03  0.77280E-03  0.66360E-03  0.58520E-03  0.40040E-03  0.24248E-03  0.60200E-04  0.23576E-04  0.12152E-04  0.81760E-05  0.52920E-05  0.39480E-05
    107.00  1     1   02  0.15904E-02  0.11116E-02  0.84280E-03  0.75320E-03  0.65240E-03  0.57120E-03  0.38920E-03  0.23296E-03  0.57960E-04  0.22400E-04  0.11480E-04  0.77840E-05  0.51240E-05  0.38360E-05
    108.00  1     1   02  0.15708E-02  0.10836E-02  0.82880E-03  0.73640E-03  0.63840E-03  0.55720E-03  0.37800E-03  0.22484E-03  0.56000E-04  0.21532E-04  0.11032E-04  0.75600E-05  0.49840E-05  0.37240E-05
    109.00  1     1   02  0.15484E-02  0.10528E-02  0.81200E-03  0.71960E-03  0.63000E-03  0.54040E-03  0.36960E-03  0.21644E-03  0.54040E-04  0.20356E-04  0.10416E-04  0.71400E-05  0.47880E-05  0.36680E-05
    110.00  1     1   02  0.15288E-02  0.10276E-02  0.80080E-03  0.70560E-03  0.61600E-03  0.52920E-03  0.36120E-03  0.20916E-03  0.52360E-04  0.19656E-04  0.10108E-04  0.69160E-05  0.46760E-05  0.35280E-05
    111.00  1     1   02  0.15120E-02  0.10024E-02  0.78680E-03  0.68880E-03  0.60760E-03  0.51520E-03  0.35000E-03  0.20132E-03  0.50400E-04  0.18648E-04  0.95760E-05  0.65240E-05  0.45080E-05  0.34440E-05
    112.00  1     1   02  0.14924E-02  0.97720E-03  0.77560E-03  0.67480E-03  0.59640E-03  0.50120E-03  0.34160E-03  0.19460E-03  0.48720E-04  0.18004E-04  0.92680E-05  0.63000E-05  0.43960E-05  0.33320E-05
    113.00  1     1   02  0.14784E-02  0.95760E-03  0.76720E-03  0.66080E-03  0.58800E-03  0.49000E-03  0.33320E-03  0.18760E-03  0.46760E-04  0.17192E-04  0.88480E-05  0.60200E-05  0.42560E-05  0.32480E-05
    114.00  1     1   02  0.14644E-02  0.93520E-03  0.75600E-03  0.64680E-03  0.57680E-03  0.47600E-03  0.32480E-03  0.18144E-03  0.45080E-04  0.16520E-04  0.85400E-05  0.58240E-05  0.41440E-05  0.31640E-05
    115.00  1     1   02  0.14476E-02  0.91280E-03  0.74760E-03  0.63560E-03  0.56840E-03  0.46760E-03  0.31640E-03  0.17556E-03  0.43400E-04  0.15932E-04  0.83160E-05  0.56560E-05  0.40320E-05  0.30800E-05
    116.00  1     1   02  0.14336E-02  0.89600E-03  0.73640E-03  0.62440E-03  0.55720E-03  0.45640E-03  0.31080E-03  0.16940E-03  0.41440E-04  0.15204E-04  0.79800E-05  0.54600E-05  0.38640E-05  0.30240E-05
    117.00  1     1   02  0.14196E-02  0.87640E-03  0.72800E-03  0.61320E-03  0.54880E-03  0.44800E-03  0.30240E-03  0.16436E-03  0.40040E-04  0.14756E-04  0.78680E-05  0.53480E-05  0.37800E-05  0.29400E-05
    118.00  1     1   02  0.14056E-02  0.85960E-03  0.71960E-03  0.60200E-03  0.54040E-03  0.43680E-03  0.29400E-03  0.15904E-03  0.38360E-04  0.14084E-04  0.75600E-05  0.51240E-05  0.36400E-05  0.28840E-05
    119.00  1     1   02  0.13916E-02  0.84560E-03  0.71120E-03  0.59360E-03  0.53200E-03  0.42840E-03  0.28840E-03  0.15484E-03  0.37240E-04  0.13748E-04  0.74200E-05  0.50400E-05  0.35840E-05  0.28000E-05
    120.00  1     1   02  0.13804E-02  0.82880E-03  0.70280E-03  0.58240E-03  0.52080E-03  0.42000E-03  0.28280E-03  0.15008E-03  0.35560E-04  0.13188E-04  0.71120E-05  0.48720E-05  0.34720E-05  0.27748E-05
    121.00  1     1   02  0.13664E-02  0.81480E-03  0.69720E-03  0.57400E-03  0.51240E-03  0.41160E-03  0.27692E-03  0.14644E-03  0.34440E-04  0.12908E-04  0.69440E-05  0.47880E-05  0.34160E-05  0.27020E-05
    122.00  1     1   02  0.13524E-02  0.80080E-03  0.68880E-03  0.56560E-03  0.50400E-03  0.40320E-03  0.27132E-03  0.14280E-03  0.33040E-04  0.12544E-04  0.67200E-05  0.46760E-05  0.33320E-05  0.26432E-05
    123.00  1     1   02  0.13412E-02  0.78960E-03  0.68320E-03  0.55720E-03  0.49560E-03  0.39760E-03  0.26600E-03  0.13944E-03  0.31920E-04  0.12236E-04  0.65240E-05  0.45640E-05  0.32480E-05  0.25816E-05
    124.00  1     1   02  0.13300E-02  0.77840E-03  0.67480E-03  0.55160E-03  0.48720E-03  0.38920E-03  0.26124E-03  0.13664E-03  0.30800E-04  0.11984E-04  0.64120E-05  0.44800E-05  0.31640E-05  0.25172E-05
    125.00  1     1   02  0.13160E-02  0.76720E-03  0.66640E-03  0.54320E-03  0.47880E-03  0.38080E-03  0.25620E-03  0.13356E-03  0.29680E-04  0.11620E-04  0.61880E-05  0.43120E-05  0.31080E-05  0.24920E-05
    126.00  1     1   02  0.13048E-02  0.75600E-03  0.66080E-03  0.53760E-03  0.47040E-03  0.37520E-03  0.25172E-03  0.13104E-03  0.29120E-04  0.11368E-04  0.61040E-05  0.42000E-05  0.30520E-05  0.24248E-05
    127.00  1     1   02  0.12936E-02  0.74760E-03  0.65520E-03  0.52920E-03  0.46200E-03  0.36960E-03  0.24668E-03  0.12796E-03  0.27972E-04  0.10948E-04  0.58800E-05  0.40320E-05  0.29960E-05  0.24108E-05
    128.00  1     1   02  0.12796E-02  0.73920E-03  0.64960E-03  0.52360E-03  0.45640E-03  0.36400E-03  0.24248E-03  0.12572E-03  0.27412E-04  0.10724E-04  0.57680E-05  0.39760E-05  0.29400E-05  0.23296E-05
    129.00  1     1   02  0.12684E-02  0.73080E-03  0.64400E-03  0.51520E-03  0.45080E-03  0.35560E-03  0.23744E-03  0.12320E-03  0.26628E-04  0.10360E-04  0.55440E-05  0.38640E-05  0.28560E-05  0.23016E-05
    130.00  1     1   02  0.12600E-02  0.72240E-03  0.63840E-03  0.51240E-03  0.44240E-03  0.35280E-03  0.23352E-03  0.12068E-03  0.26096E-04  0.10136E-04  0.54040E-05  0.37800E-05  0.28000E-05  0.22512E-05
    131.00  1     1   02  0.12460E-02  0.71400E-03  0.63280E-03  0.50680E-03  0.43680E-03  0.34720E-03  0.22904E-03  0.11844E-03  0.25536E-04  0.98840E-05  0.52360E-05  0.36960E-05  0.27496E-05  0.22204E-05
    132.00  1     1   02  0.12348E-02  0.70840E-03  0.62440E-03  0.50120E-03  0.42840E-03  0.34160E-03  0.22484E-03  0.11620E-03  0.24948E-04  0.96040E-05  0.50960E-05  0.36120E-05  0.26992E-05  0.21952E-05
    133.00  1     1   02  0.12264E-02  0.70280E-03  0.62160E-03  0.49560E-03  0.42560E-03  0.33880E-03  0.22120E-03  0.11424E-03  0.24472E-04  0.94080E-05  0.50120E-05  0.35280E-05  0.26712E-05  0.21364E-05
    134.00  1     1   02  0.12152E-02  0.69440E-03  0.61600E-03  0.49280E-03  0.41720E-03  0.33320E-03  0.21728E-03  0.11200E-03  0.23828E-04  0.90720E-05  0.48440E-05  0.34160E-05  0.26180E-05  0.21224E-05
    135.00  1     1   02  0.12040E-02  0.69160E-03  0.61040E-03  0.48720E-03  0.41440E-03  0.33040E-03  0.21420E-03  0.11060E-03  0.23408E-04  0.88760E-05  0.47600E-05  0.33880E-05  0.25732E-05  0.20636E-05
    136.00  1     1   02  0.11956E-02  0.68600E-03  0.60480E-03  0.48440E-03  0.40600E-03  0.32480E-03  0.21056E-03  0.10836E-03  0.22792E-04  0.85400E-05  0.45920E-05  0.33040E-05  0.25060E-05  0.20664E-05
    137.00  1     1   02  0.11844E-02  0.68040E-03  0.59920E-03  0.48160E-03  0.40040E-03  0.32200E-03  0.20776E-03  0.10696E-03  0.22428E-04  0.83160E-05  0.44800E-05  0.32760E-05  0.24668E-05  0.20188E-05
    138.00  1     1   02  0.11760E-02  0.67480E-03  0.59640E-03  0.47600E-03  0.39480E-03  0.31640E-03  0.20440E-03  0.10500E-03  0.21952E-04  0.80640E-05  0.43400E-05  0.32200E-05  0.24248E-05  0.20048E-05
    139.00  1     1   02  0.11648E-02  0.67200E-03  0.59080E-03  0.47320E-03  0.39200E-03  0.31360E-03  0.20188E-03  0.10360E-03  0.21616E-04  0.78960E-05  0.42560E-05  0.31640E-05  0.24024E-05  0.19600E-05
    140.00  1     1   02  0.11592E-02  0.66640E-03  0.58520E-03  0.46760E-03  0.38640E-03  0.30800E-03  0.19880E-03  0.10192E-03  0.21280E-04  0.77280E-05  0.42000E-05  0.30800E-05  0.23744E-05  0.19208E-05
    141.00  1     1   02  0.11480E-02  0.66360E-03  0.58240E-03  0.46760E-03  0.38080E-03  0.30520E-03  0.19572E-03  0.10024E-03  0.20888E-04  0.75600E-05  0.41440E-05  0.29960E-05  0.23408E-05  0.19068E-05
    142.00  1     1   02  0.11396E-02  0.65800E-03  0.57680E-03  0.46200E-03  0.37520E-03  0.30240E-03  0.19320E-03  0.98840E-04  0.20608E-04  0.74480E-05  0.41160E-05  0.29680E-05  0.23044E-05  0.18676E-05
    143.00  1     1   02  0.11312E-02  0.65520E-03  0.57400E-03  0.45920E-03  0.37240E-03  0.29680E-03  0.18984E-03  0.96880E-04  0.20160E-04  0.72520E-05  0.40040E-05  0.29120E-05  0.22540E-05  0.18760E-05
    144.00  1     1   02  0.11228E-02  0.65520E-03  0.56840E-03  0.45360E-03  0.36960E-03  0.29400E-03  0.18732E-03  0.95480E-04  0.19852E-04  0.71400E-05  0.39760E-05  0.29120E-05  0.22372E-05  0.18200E-05
    145.00  1     1   02  0.11144E-02  0.64960E-03  0.56560E-03  0.45080E-03  0.36400E-03  0.29120E-03  0.18396E-03  0.93800E-04  0.19376E-04  0.69440E-05  0.38640E-05  0.28840E-05  0.22064E-05  0.18144E-05
    146.00  1     1   02  0.11088E-02  0.64680E-03  0.56000E-03  0.44800E-03  0.36120E-03  0.28840E-03  0.18172E-03  0.92680E-04  0.19068E-04  0.68320E-05  0.38080E-05  0.28560E-05  0.21924E-05  0.17724E-05
    147.00  1     1   02  0.11004E-02  0.64400E-03  0.55720E-03  0.44520E-03  0.35840E-03  0.28560E-03  0.17864E-03  0.91560E-04  0.18704E-04  0.66920E-05  0.37520E-05  0.28000E-05  0.21728E-05  0.17696E-05
    148.00  1     1   02  0.10920E-02  0.64120E-03  0.55440E-03  0.44240E-03  0.35560E-03  0.28280E-03  0.17612E-03  0.90160E-04  0.18424E-04  0.66080E-05  0.37240E-05  0.27496E-05  0.21420E-05  0.17528E-05
    149.00  1     1   02  0.10864E-02  0.64120E-03  0.54880E-03  0.43960E-03  0.35280E-03  0.28000E-03  0.17388E-03  0.89320E-04  0.18200E-04  0.65520E-05  0.37240E-05  0.27076E-05  0.21140E-05  0.17304E-05
    150.00  1     1   02  0.10808E-02  0.63840E-03  0.54600E-03  0.43680E-03  0.35000E-03  0.27860E-03  0.17164E-03  0.87920E-04  0.17948E-04  0.64960E-05  0.36960E-05  0.26572E-05  0.20888E-05  0.17276E-05
    151.00  1     1   02  0.10724E-02  0.63560E-03  0.54320E-03  0.43400E-03  0.34720E-03  0.27692E-03  0.16996E-03  0.87080E-04  0.17780E-04  0.64680E-05  0.36680E-05  0.26600E-05  0.20860E-05  0.16884E-05
    152.00  1     1   02  0.10668E-02  0.63560E-03  0.54040E-03  0.43120E-03  0.34440E-03  0.27440E-03  0.16772E-03  0.85680E-04  0.17500E-04  0.63840E-05  0.36120E-05  0.26292E-05  0.20748E-05  0.17024E-05
    153.00  1     1   02  0.10612E-02  0.63280E-03  0.54040E-03  0.42840E-03  0.34160E-03  0.27272E-03  0.16660E-03  0.84840E-04  0.17332E-04  0.63000E-05  0.35560E-05  0.26292E-05  0.20664E-05  0.16688E-05
    154.00  1     1   02  0.10556E-02  0.63000E-03  0.53480E-03  0.42840E-03  0.33880E-03  0.27020E-03  0.16464E-03  0.83440E-04  0.16996E-04  0.61880E-05  0.34720E-05  0.25900E-05  0.20412E-05  0.16856E-05
    155.00  1     1   02  0.10500E-02  0.63000E-03  0.53200E-03  0.42560E-03  0.33600E-03  0.26852E-03  0.16324E-03  0.82320E-04  0.16744E-04  0.61040E-05  0.34440E-05  0.25620E-05  0.20076E-05  0.16436E-05
    156.00  1     1   02  0.10472E-02  0.62720E-03  0.53200E-03  0.42280E-03  0.33600E-03  0.26656E-03  0.16156E-03  0.81200E-04  0.16408E-04  0.59920E-05  0.34160E-05  0.25228E-05  0.19768E-05  0.16268E-05
    157.00  1     1   02  0.10416E-02  0.62720E-03  0.52920E-03  0.42280E-03  0.33320E-03  0.26404E-03  0.15988E-03  0.80360E-04  0.16156E-04  0.59640E-05  0.34160E-05  0.24976E-05  0.19572E-05  0.16100E-05
    158.00  1     1   02  0.10360E-02  0.62440E-03  0.52640E-03  0.42000E-03  0.33040E-03  0.26292E-03  0.15848E-03  0.79520E-04  0.15988E-04  0.59360E-05  0.34440E-05  0.24948E-05  0.19600E-05  0.15904E-05
    159.00  1     1   02  0.10332E-02  0.62160E-03  0.52360E-03  0.42000E-03  0.32760E-03  0.26012E-03  0.15680E-03  0.78680E-04  0.15792E-04  0.59360E-05  0.34160E-05  0.24808E-05  0.19628E-05  0.16100E-05
    160.00  1     1   02  0.10276E-02  0.62160E-03  0.52080E-03  0.41720E-03  0.32480E-03  0.25956E-03  0.15568E-03  0.78400E-04  0.15764E-04  0.59080E-05  0.33880E-05  0.24808E-05  0.19544E-05  0.15708E-05
    161.00  1     1   02  0.10248E-02  0.62160E-03  0.52080E-03  0.41720E-03  0.32480E-03  0.25648E-03  0.15372E-03  0.77560E-04  0.15624E-04  0.58800E-05  0.33040E-05  0.24472E-05  0.19320E-05  0.15848E-05
    162.00  1     1   02  0.10248E-02  0.61880E-03  0.51800E-03  0.41440E-03  0.32200E-03  0.25648E-03  0.15288E-03  0.77280E-04  0.15596E-04  0.57960E-05  0.32760E-05  0.24136E-05  0.19124E-05  0.15344E-05
    163.00  1     1   02  0.10192E-02  0.61880E-03  0.51520E-03  0.41160E-03  0.32200E-03  0.25396E-03  0.15120E-03  0.76720E-04  0.15456E-04  0.57120E-05  0.31920E-05  0.23632E-05  0.18844E-05  0.15484E-05
    164.00  1     1   02  0.10164E-02  0.61880E-03  0.51240E-03  0.40880E-03  0.32200E-03  0.25396E-03  0.15036E-03  0.76440E-04  0.15344E-04  0.56280E-05  0.31920E-05  0.23492E-05  0.18844E-05  0.15288E-05
    165.00  1     1   02  0.10164E-02  0.61880E-03  0.50960E-03  0.40880E-03  0.32200E-03  0.25256E-03  0.14952E-03  0.75880E-04  0.15148E-04  0.55720E-05  0.31920E-05  0.23436E-05  0.18844E-05  0.15344E-05
    166.00  1     1   02  0.10136E-02  0.61880E-03  0.50960E-03  0.40600E-03  0.31920E-03  0.25200E-03  0.14868E-03  0.75320E-04  0.14952E-04  0.55440E-05  0.31920E-05  0.23576E-05  0.18900E-05  0.15400E-05
    167.00  1     1   02  0.10080E-02  0.61600E-03  0.50680E-03  0.40600E-03  0.31920E-03  0.25172E-03  0.14840E-03  0.75040E-04  0.14784E-04  0.55720E-05  0.31920E-05  0.23856E-05  0.18788E-05  0.15064E-05
    168.00  1     1   02  0.10080E-02  0.61600E-03  0.50680E-03  0.40320E-03  0.31920E-03  0.25060E-03  0.14756E-03  0.74200E-04  0.14616E-04  0.55720E-05  0.31640E-05  0.23828E-05  0.18592E-05  0.15316E-05
    169.00  1     1   02  0.10052E-02  0.61600E-03  0.50680E-03  0.40320E-03  0.31640E-03  0.25116E-03  0.14756E-03  0.73920E-04  0.14588E-04  0.56000E-05  0.31360E-05  0.23604E-05  0.18508E-05  0.15008E-05
    170.00  1     1   02  0.10024E-02  0.61320E-03  0.50400E-03  0.40320E-03  0.31640E-03  0.24920E-03  0.14644E-03  0.72800E-04  0.14504E-04  0.55720E-05  0.30520E-05  0.23044E-05  0.18228E-05  0.15652E-05
    171.00  1     1   02  0.10024E-02  0.61320E-03  0.50400E-03  0.40040E-03  0.31640E-03  0.25004E-03  0.14644E-03  0.72800E-04  0.14560E-04  0.55160E-05  0.30520E-05  0.22792E-05  0.18368E-05  0.15092E-05
    172.00  1     1   02  0.10024E-02  0.61320E-03  0.50400E-03  0.40320E-03  0.31640E-03  0.24780E-03  0.14560E-03  0.72240E-04  0.14560E-04  0.54320E-05  0.30520E-05  0.22400E-05  0.18340E-05  0.15400E-05
    173.00  1     1   02  0.99960E-03  0.61040E-03  0.50400E-03  0.40040E-03  0.31360E-03  0.24836E-03  0.14532E-03  0.71960E-04  0.14616E-04  0.53480E-05  0.30800E-05  0.22624E-05  0.18172E-05  0.14952E-05
    174.00  1     1   02  0.99960E-03  0.61320E-03  0.50400E-03  0.40320E-03  0.31360E-03  0.24640E-03  0.14476E-03  0.71960E-04  0.14560E-04  0.52920E-05  0.31360E-05  0.22932E-05  0.17892E-05  0.14896E-05
    175.00  1     1   02  0.99680E-03  0.61040E-03  0.50120E-03  0.40040E-03  0.31080E-03  0.24612E-03  0.14392E-03  0.71960E-04  0.14448E-04  0.52920E-05  0.31640E-05  0.23296E-05  0.17640E-05  0.15344E-05
    176.00  1     1   02  0.99400E-03  0.61040E-03  0.50400E-03  0.40320E-03  0.31360E-03  0.24528E-03  0.14364E-03  0.72520E-04  0.14336E-04  0.53760E-05  0.31640E-05  0.23380E-05  0.17836E-05  0.15008E-05
    177.00  1     1   02  0.99400E-03  0.61320E-03  0.50120E-03  0.40040E-03  0.31080E-03  0.24416E-03  0.14224E-03  0.72240E-04  0.14056E-04  0.54880E-05  0.30800E-05  0.22960E-05  0.18004E-05  0.16380E-05
    178.00  1     1   02  0.99680E-03  0.61040E-03  0.50400E-03  0.40320E-03  0.31360E-03  0.24444E-03  0.14308E-03  0.73080E-04  0.14028E-04  0.56280E-05  0.30800E-05  0.23100E-05  0.18816E-05  0.15008E-05
    179.00  1     1   02  0.99400E-03  0.61040E-03  0.50400E-03  0.40040E-03  0.30800E-03  0.24276E-03  0.14140E-03  0.72240E-04  0.13720E-04  0.58240E-05  0.29400E-05  0.21616E-05  0.20216E-05  0.16324E-05
    180.00  1     1   02  0.99120E-03  0.61600E-03  0.49560E-03  0.40320E-03  0.31920E-03  0.24528E-03  0.14420E-03  0.74200E-04  0.14392E-04  0.59920E-05  0.36120E-05  0.29120E-05  0.24668E-05  0.22596E-05
