 181          33 KTC
             0.10000         0.15000         0.20000         0.30000         0.40000         0.50000         0.70000          1.0000          1.5000          2.0000          3.0000          4.0000          5.0000          7.0000          10.000          15.000          20.000          30.000          40.000          50.000          70.000          100.00          150.00          200.00          300.00          400.00          500.00          700.00          1000.0          2000.0          3000.0          5000.0          10000.    
           0 2.0748          2.0244          1.9768          1.9404          1.8564          1.8004          1.7136          1.6772          1.7248          1.834           2.0552          2.2064          2.3296          2.674           3.024           3.416           4.032           4.928           5.544           5.992           6.636           7.224           7.728           8.064           8.54            8.82            9.072           9.38            9.688           10.052          10.192          10.248          10.36           
           1 2.0748          2.0244          1.9768          1.9404          1.8564          1.8004          1.7136          1.6772          1.7248          1.834           2.0524          2.2008          2.324           2.6628          2.996           3.388           4.004           4.872           5.46            5.88            6.496           7.028           7.448           7.728           8.064           8.232           8.4             8.512           8.568           8.456           8.26            7.84            7.056           
           2 2.0748          2.0244          1.9768          1.9404          1.8592          1.8004          1.7164          1.6772          1.7248          1.8312          2.044           2.1896          2.3072          2.6376          2.94            3.332           3.892           4.704           5.236           5.628           6.16            6.58            6.888           7.056           7.224           7.28            7.308           7.252           7.112           6.524           5.992           5.152           3.864           
           3 2.0776          2.0244          1.9768          1.9432          1.8592          1.8032          1.7192          1.68            1.722           1.8284          2.0328          2.17            2.282           2.5956          2.884           3.22            3.752           4.508           4.984           5.348           5.796           6.132           6.356           6.468           6.524           6.496           6.412           6.244           5.936           5.04            4.368           3.416           2.184           
           4 2.0776          2.0244          1.9796          1.9432          1.862           1.8032          1.7192          1.68            1.722           1.8228          2.0188          2.1476          2.2512          2.5508          2.828           3.108           3.612           4.312           4.76            5.068           5.46            5.74            5.908           5.936           5.88            5.74            5.6             5.32            4.928           3.864           3.164           2.2708          1.1704          
           5 2.0776          2.0272          1.9796          1.946           1.862           1.806           1.722           1.6828          1.722           1.8172          2.002           2.1224          2.2176          2.5004          2.7524          3.024           3.472           4.144           4.536           4.844           5.152           5.376           5.432           5.404           5.264           5.096           4.9             4.536           4.06            2.94            2.2792          1.5092          0.6384          
           6 2.0804          2.0272          1.9796          1.9488          1.8648          1.8088          1.7276          1.6884          1.722           1.8116          1.988           2.0944          2.184           2.4528          2.688           2.912           3.36            3.976           4.34            4.592           4.872           5.012           5.012           4.928           4.732           4.48            4.256           3.836           3.332           2.2596          1.6548          0.924           0.4004          
           7 2.0804          2.0272          1.9824          1.9488          1.8676          1.8116          1.7304          1.6912          1.722           1.8032          1.9712          2.072           2.1504          2.408           2.6292          2.828           3.248           3.808           4.144           4.368           4.592           4.676           4.62            4.508           4.228           3.948           3.696           3.248           2.744           1.722           1.1452          0.602           0.26628         
           8 2.0804          2.03            1.9852          1.9544          1.8732          1.8172          1.736           1.694           1.7192          1.8004          1.9544          2.0468          2.1196          2.3688          2.576           2.7608          3.136           3.64            3.948           4.144           4.312           4.368           4.256           4.088           3.752           3.472           3.192           2.7496          2.2484          1.3132          0.784           0.42            0.17612         
           9 2.0832          2.0328          1.988           1.9572          1.876           1.82            1.7416          1.6996          1.7192          1.7948          1.9404          2.0244          2.0916          2.3296          2.5256          2.6824          3.024           3.5             3.752           3.92            4.06            4.06            3.92            3.724           3.36            3.024           2.7552          2.3128          1.834           0.9352          0.56            0.308           0.1148          
          10 2.0832          2.0328          1.988           1.96            1.8816          1.8256          1.7472          1.7024          1.722           1.7892          1.9236          2.002           2.0636          2.2932          2.4752          2.6068          2.912           3.36            3.584           3.724           3.836           3.78            3.584           3.36            2.968           2.6516          2.3716          1.9432          1.498           0.686           0.4172          0.23016         0.07812         
          11 2.086           2.0356          1.9908          1.9656          1.8844          1.8284          1.7528          1.708           1.7192          1.7864          1.9124          1.9824          2.0384          2.2568          2.4248          2.534           2.8             3.22            3.416           3.528           3.584           3.528           3.276           3.052           2.6404          2.31            2.0356          1.6268          1.218           0.518           0.322           0.16884         0.0546          
          12 2.086           2.0384          1.9936          1.9684          1.89            1.834           1.7584          1.7136          1.722           1.7808          1.8984          1.9628          2.0132          2.2204          2.3772          2.464           2.7104          3.08            3.248           3.332           3.388           3.276           2.996           2.7524          2.3324          2.0076          1.7444          1.3608          0.952           0.4032          0.25172         0.1232          0.03864         
          13 2.0888          2.0412          1.9964          1.974           1.8956          1.8396          1.764           1.7164          1.722           1.7752          1.8872          1.9432          1.9852          2.184           2.3324          2.3996          2.6208          2.94            3.08            3.164           3.164           3.024           2.7468          2.4836          2.0608          1.7416          1.4924          1.1368          0.742           0.3192          0.19936         0.09184         0.02912         
          14 2.0916          2.044           1.9992          1.9796          1.9012          1.848           1.7724          1.722           1.722           1.7724          1.8732          1.9236          1.96            2.1504          2.2876          2.3408          2.5312          2.828           2.94            2.996           2.968           2.8             2.506           2.2344          1.8144          1.5064          1.274           0.924           0.588           0.25816         0.1554          0.06944         0.022652        
          15 2.0944          2.0468          2.0048          1.9852          1.9096          1.8536          1.778           1.7276          1.722           1.7696          1.862           1.904           1.932           2.1168          2.2484          2.2792          2.4472          2.6992          2.8             2.828           2.786           2.6068          2.282           2.0076          1.596           1.302           1.0864          0.7392          0.4732          0.21028         0.12068         0.05404         0.018116        
          16 2.0944          2.0496          2.0076          1.9908          1.9152          1.8592          1.7836          1.7304          1.7248          1.764           1.848           1.8816          1.9096          2.086           2.2092          2.2232          2.366           2.5844          2.6628          2.6852          2.6096          2.4108          2.0776          1.8032          1.4             1.1228          0.9184          0.5964          0.3864          0.17192         0.09464         0.04256         0.01428         
          17 2.0972          2.0524          2.0104          1.9964          1.9236          1.8676          1.792           1.736           1.7248          1.7612          1.8368          1.8648          1.8844          2.0552          2.17            2.1672          2.2876          2.478           2.534           2.5396          2.4444          2.2288          1.8872          1.6156          1.2264          0.9688          0.7504          0.4872          0.3164          0.13972         0.0756          0.0336          0.011676        
          18 2.1             2.0552          2.0132          2.002           1.9292          1.8732          1.7976          1.7416          1.7248          1.7584          1.8256          1.8452          1.862           2.0244          2.1336          2.1168          2.2176          2.3716          2.4108          2.4024          2.2876          2.0608          1.7108          1.4448          1.0752          0.8232          0.616           0.4032          0.26488         0.11256         0.06132         0.0273          0.009576        
          19 2.1028          2.058           2.0188          2.0076          1.9376          1.8816          1.8032          1.7472          1.7276          1.7556          1.8116          1.8284          1.8396          1.9964          2.0972          2.0664          2.1448          2.2708          2.2932          2.2708          2.1392          1.9012          1.5512          1.2908          0.938           0.6832          0.5096          0.336           0.2226          0.09184         0.0504          0.022736        0.007868        
          20 2.1056          2.0636          2.0216          2.0132          1.9432          1.89            1.8116          1.7528          1.7304          1.7528          1.8032          1.8116          1.82            1.9684          2.0608          2.0188          2.0804          2.1784          2.1812          2.1476          2.002           1.7528          1.4056          1.1508          0.8204          0.5684          0.4256          0.2828          0.18844         0.07588         0.042           0.019236        0.006468        
          21 2.1084          2.0664          2.0272          2.0216          1.9516          1.8984          1.82            1.7556          1.7304          1.75            1.792           1.7948          1.7976          1.9404          2.03            1.974           2.016           2.086           2.0748          2.0272          1.8676          1.6156          1.2684          1.0248          0.7             0.476           0.3584          0.24024         0.16016         0.06356         0.035           0.016352        0.005376        
          22 2.1112          2.0692          2.0328          2.03            1.96            1.9068          1.8256          1.764           1.7332          1.7472          1.7808          1.778           1.7752          1.9124          1.9964          1.932           1.9544          2.002           1.974           1.9152          1.7444          1.4868          1.1452          0.91            0.588           0.4004          0.3024          0.20496         0.13692         0.05404         0.0294          0.014           0.004564        
          23 2.114           2.0748          2.0356          2.0356          1.9684          1.9124          1.834           1.7696          1.7332          1.7444          1.7724          1.764           1.7556          1.8872          1.9656          1.89            1.8956          1.918           1.8788          1.8088          1.6296          1.3664          1.0332          0.8092          0.4984          0.3416          0.259           0.17612         0.11732         0.0462          0.025088        0.012068        0.003892        
          24 2.1168          2.0776          2.0412          2.044           1.9768          1.9208          1.8424          1.7752          1.7388          1.7444          1.7612          1.7472          1.736           1.862           1.9376          1.8508          1.8396          1.8396          1.7864          1.708           1.5176          1.2544          0.9296          0.7168          0.4228          0.2912          0.2226          0.15204         0.1008          0.03976         0.021672        0.0105          0.00336         
          25 2.1224          2.0832          2.0468          2.0524          1.9852          1.9292          1.848           1.7808          1.7388          1.7416          1.7528          1.7332          1.7164          1.8368          1.9068          1.8144          1.7892          1.764           1.6996          1.6128          1.414           1.148           0.8344          0.6328          0.3612          0.2506          0.19264         0.13188         0.08652         0.03444         0.018928        0.009128        0.002828        
          26 2.1252          2.0888          2.0524          2.058           1.9936          1.9404          1.8564          1.7864          1.7416          1.7388          1.7444          1.7164          1.6968          1.8116          1.8788          1.778           1.736           1.694           1.6156          1.5204          1.316           1.0528          0.7476          0.5432          0.3108          0.21672         0.16744         0.11508         0.07476         0.02996         0.016744        0.007924        0.0023968       
          27 2.128           2.0916          2.058           2.0664          2.002           1.9488          1.8648          1.7948          1.7444          1.7388          1.7332          1.7024          1.6772          1.7892          1.8508          1.7444          1.6884          1.624           1.5344          1.4336          1.2264          0.9632          0.6692          0.4648          0.26712         0.189           0.14644         0.1008          0.06524         0.025956        0.014868        0.006832        0.0020216       
          28 2.1308          2.0972          2.0636          2.0748          2.0104          1.9572          1.8732          1.8004          1.7472          1.736           1.7248          1.6884          1.6604          1.7668          1.8228          1.7108          1.6436          1.5596          1.4588          1.3524          1.1396          0.8792          0.5992          0.4004          0.23212         0.16548         0.1288          0.08876         0.0574          0.022848        0.013244        0.005936        0.0017472       
          29 2.1364          2.1             2.0664          2.0832          2.0188          1.9656          1.8816          1.806           1.75            1.736           1.7164          1.6744          1.6436          1.7444          1.7976          1.68            1.5988          1.498           1.386           1.274           1.0556          0.8008          0.532           0.3472          0.20272         0.1456          0.11368         0.07812         0.05096         0.020328        0.011872        0.005208        0.0015344       
          30 2.1392          2.1056          2.072           2.0916          2.0272          1.974           1.89            1.8144          1.7528          1.736           1.708           1.6604          1.624           1.722           1.7724          1.6492          1.5568          1.4364          1.3188          1.2012          0.98            0.7308          0.462           0.3024          0.17836         0.1288          0.1008          0.06916         0.04536         0.018256        0.01064         0.00462         0.0013328       
          31 2.1448          2.1112          2.0776          2.1             2.0356          1.9824          1.8984          1.82            1.7556          1.7332          1.6996          1.6492          1.6072          1.7024          1.7472          1.6212          1.5176          1.3804          1.2516          1.1284          0.91            0.6636          0.4004          0.26292         0.15764         0.11452         0.08988         0.0616          0.0406          0.016576        0.009492        0.004116        0.0011508       
          32 2.1476          2.114           2.0832          2.1084          2.044           1.9908          1.9068          1.8256          1.7612          1.7332          1.694           1.6352          1.5904          1.68            1.7248          1.5932          1.4784          1.3244          1.19            1.064           0.84            0.6048          0.35            0.23072         0.14028         0.1022          0.08036         0.05516         0.03668         0.01512         0.008484        0.003668        0.0009856       
          33 2.1532          2.1196          2.0888          2.1168          2.0524          1.9992          1.9152          1.834           1.764           1.7332          1.6856          1.624           1.5764          1.6604          1.6996          1.5652          1.442           1.274           1.1312          0.9996          0.7784          0.5488          0.3052          0.20328         0.12544         0.09184         0.07224         0.04984         0.03304         0.013804        0.00756         0.003248        0.0008624       
          34 2.156           2.1252          2.0944          2.1252          2.0636          2.0104          1.9236          1.8424          1.7668          1.7332          1.68            1.61            1.5596          1.6408          1.6772          1.54            1.4056          1.2236          1.0724          0.9408          0.7196          0.4984          0.26908         0.18032         0.11256         0.0826          0.06524         0.04508         0.02996         0.0126          0.006748        0.002856        0.000756        
          35 2.1588          2.1308          2.1028          2.1336          2.072           2.0188          1.932           1.848           1.7724          1.7332          1.6716          1.5988          1.5456          1.6212          1.6548          1.5148          1.372           1.176           1.0192          0.882           0.6636          0.4508          0.23744         0.161           0.10164         0.07476         0.05908         0.04088         0.027328        0.01148         0.006076        0.0025116       0.000672        
          36 2.1644          2.1364          2.1084          2.142           2.0804          2.0272          1.9404          1.8564          1.7752          1.7332          1.666           1.5876          1.5288          1.6016          1.6324          1.4896          1.3384          1.1284          0.9688          0.8288          0.6132          0.3976          0.21084         0.14448         0.09212         0.06776         0.05376         0.03752         0.025032        0.010444        0.005488        0.0022232       0.0005908       
          37 2.17            2.142           2.114           2.1504          2.0888          2.0356          1.9488          1.862           1.778           1.7332          1.6576          1.5764          1.5148          1.582           1.61            1.4644          1.3076          1.0864          0.9184          0.7784          0.5656          0.3528          0.18788         0.13048         0.084           0.06188         0.049           0.03444         0.023044        0.00952         0.005012        0.001988        0.0005152       
          38 2.1728          2.1448          2.1196          2.1588          2.0972          2.044           1.96            1.8704          1.7836          1.7332          1.652           1.5652          1.5008          1.5624          1.5904          1.442           1.2768          1.0444          0.8708          0.7308          0.5208          0.3136          0.16856         0.11844         0.07672         0.05628         0.0448          0.03164         0.02128         0.008652        0.004564        0.0017864       0.0004536       
          39 2.1756          2.1504          2.1252          2.1672          2.1056          2.0552          1.9684          1.8788          1.7864          1.7332          1.6464          1.554           1.4868          1.5456          1.568           1.4196          1.2488          1.0052          0.8288          0.686           0.4816          0.28            0.15204         0.10808         0.07028         0.0518          0.04116         0.02912         0.019768        0.007868        0.004144        0.00161         0.0004032       
          40 2.1812          2.156           2.1308          2.1784          2.1168          2.0636          1.9768          1.8872          1.792           1.736           1.6408          1.5428          1.4728          1.5288          1.5484          1.3972          1.2208          0.966           0.784           0.644           0.4424          0.2506          0.13804         0.09884         0.0644          0.0476          0.03808         0.027132        0.018424        0.007196        0.00378         0.0014448       0.0003696       
          41 2.1868          2.1616          2.1364          2.1868          2.1252          2.072           1.9852          1.8928          1.7976          1.736           1.6352          1.5344          1.4616          1.5092          1.526           1.3776          1.1956          0.9296          0.7448          0.6048          0.4088          0.2254          0.126           0.091           0.05936         0.04396         0.03528         0.025284        0.01722         0.006636        0.003416        0.001288        0.0003304       
          42 2.1896          2.1672          2.1448          2.1952          2.1336          2.0804          1.9936          1.9012          1.8004          1.736           1.6296          1.5232          1.4476          1.4924          1.5064          1.3552          1.1676          0.8932          0.7084          0.5684          0.3724          0.20356         0.11564         0.084           0.0546          0.0406          0.03276         0.023632        0.0161          0.00616         0.00308         0.0011452       0.000294        
          43 2.1952          2.1728          2.1504          2.2036          2.142           2.0916          2.0048          1.9096          1.806           1.7388          1.6268          1.5148          1.4336          1.4756          1.4868          1.3356          1.1424          0.8596          0.672           0.532           0.3388          0.1848          0.10668         0.07784         0.0504          0.03752         0.03052         0.022176        0.015064        0.005684        0.0027776       0.001022        0.00025844      
          44 2.198           2.1784          2.156           2.212           2.1532          2.1             2.0132          1.918           1.8116          1.7388          1.6212          1.5064          1.4224          1.4588          1.4672          1.316           1.12            0.8288          0.6384          0.5012          0.308           0.16856         0.09884         0.07224         0.04676         0.035           0.02856         0.02086         0.014112        0.005264        0.0025228       0.000924        0.0002338       
          45 2.2036          2.184           2.1616          2.2204          2.1616          2.1084          2.0216          1.9264          1.8172          1.7416          1.6156          1.498           1.4112          1.442           1.4476          1.2964          1.0948          0.798           0.6076          0.4704          0.27944         0.15428         0.09184         0.06692         0.0434          0.03276         0.02702         0.019684        0.013216        0.004872        0.0023072       0.0008428       0.00021504      
          46 2.2092          2.1896          2.1672          2.2316          2.17            2.1196          2.0328          1.9348          1.8228          1.7444          1.61            1.4868          1.3972          1.428           1.428           1.2768          1.0724          0.7672          0.5768          0.4424          0.25536         0.14224         0.08568         0.06188         0.0406          0.0308          0.025564        0.018592        0.012376        0.004508        0.0021224       0.00077         0.00019824      
          47 2.212           2.1952          2.1756          2.24            2.1784          2.128           2.0412          1.9432          1.8284          1.7444          1.6072          1.4784          1.386           1.4112          1.4112          1.2572          1.05            0.7392          0.5488          0.4144          0.23436         0.1316          0.08036         0.05768         0.0378          0.02912         0.024276        0.017584        0.011592        0.004144        0.0019544       0.0007028       0.00018116      
          48 2.2176          2.2008          2.1812          2.2484          2.1896          2.1364          2.0524          1.9516          1.834           1.7472          1.6044          1.47            1.3748          1.3972          1.3916          1.2376          1.0276          0.714           0.5208          0.392           0.21588         0.12236         0.07448         0.05376         0.03556         0.027524        0.023128        0.016632        0.010864        0.003808        0.0018004       0.0006356       0.00016184      
          49 2.2232          2.2064          2.1868          2.2568          2.198           2.1476          2.0608          1.96            1.8396          1.75            1.5988          1.4644          1.3636          1.3804          1.372           1.2208          1.008           0.686           0.4956          0.364           0.19964         0.11452         0.06916         0.0504          0.03332         0.02618         0.022064        0.015764        0.010164        0.0035          0.0016492       0.0005712       0.000147        
          50 2.226           2.2092          2.1924          2.268           2.2064          2.156           2.0692          1.9684          1.8452          1.7528          1.596           1.456           1.3552          1.3664          1.3552          1.2012          0.9856          0.6636          0.4732          0.336           0.18536         0.10724         0.0644          0.04732         0.03136         0.024976        0.021084        0.014924        0.00952         0.003248        0.0015064       0.0005152       0.00013468      
          51 2.2316          2.2148          2.198           2.2764          2.2176          2.1672          2.0804          1.9768          1.8508          1.7556          1.5932          1.4476          1.344           1.3524          1.3356          1.1844          0.966           0.6384          0.4508          0.3136          0.17276         0.10108         0.0602          0.0448          0.02996         0.023912        0.020104        0.01414         0.008932        0.002996        0.001372        0.0004704       0.00012684      
          52 2.2372          2.2204          2.2036          2.2848          2.226           2.1756          2.0888          1.9852          1.8564          1.7584          1.5904          1.442           1.3328          1.3356          1.3188          1.1648          0.9464          0.616           0.4284          0.294           0.16156         0.09548         0.05656         0.04256         0.02828         0.02296         0.01918         0.013412        0.0084          0.0027804       0.0012516       0.000434        0.00011788      
          53 2.24            2.226           2.2092          2.2932          2.2344          2.1868          2.1             1.9964          1.8648          1.7612          1.5876          1.4336          1.3244          1.3244          1.302           1.148           0.9268          0.5964          0.4088          0.27468         0.15148         0.09016         0.0532          0.04032         0.027104        0.022092        0.018312        0.01274         0.007924        0.0025872       0.0011508       0.0004032       0.00010864      
          54 2.2456          2.2316          2.2176          2.3016          2.2456          2.1952          2.1112          2.0048          1.8704          1.764           1.5848          1.428           1.3132          1.3104          1.2852          1.1284          0.91            0.574           0.3836          0.25788         0.1428          0.08456         0.0504          0.03808         0.025928        0.021308        0.0175          0.012096        0.007476        0.0024136       0.001064        0.0003752       0.00009884      
          55 2.2512          2.2372          2.2232          2.3128          2.254           2.2064          2.1196          2.0132          1.876           1.7668          1.582           1.4196          1.3048          1.2964          1.2684          1.1116          0.8904          0.5544          0.3612          0.24276         0.13496         0.07924         0.0476          0.03612         0.024892        0.020552        0.016716        0.011508        0.007084        0.0022512       0.0009884       0.0003444       0.000091        
          56 2.2568          2.2428          2.2288          2.3212          2.2652          2.2148          2.1308          2.0216          1.8844          1.7724          1.582           1.414           1.2964          1.2824          1.2488          1.092           0.8708          0.5348          0.3416          0.22904         0.12796         0.07448         0.04536         0.03416         0.023996        0.019852        0.016016        0.010948        0.006692        0.0020972       0.0009212       0.0003164       0.00008652      
          57 2.2596          2.2484          2.2344          2.3296          2.2736          2.226           2.1392          2.0328          1.89            1.7752          1.5792          1.4084          1.288           1.2684          1.232           1.0752          0.854           0.518           0.3248          0.21672         0.12152         0.07            0.0434          0.03248         0.023156        0.019124        0.015344        0.010444        0.006356        0.0019544       0.0008568       0.0002884       0.00008204      
          58 2.2652          2.254           2.24            2.338           2.2848          2.2344          2.1504          2.0412          1.8956          1.778           1.5764          1.4028          1.2796          1.2544          1.2152          1.0584          0.8372          0.4984          0.308           0.20524         0.11564         0.06608         0.04144         0.0308          0.022428        0.018424        0.014728        0.00994         0.006048        0.0018172       0.0007896       0.00026656      0.000077        
          59 2.2708          2.2596          2.2484          2.3464          2.2932          2.2456          2.1616          2.0524          1.904           1.7836          1.5764          1.3972          1.2712          1.2432          1.1984          1.0388          0.8176          0.4816          0.294           0.19488         0.11032         0.06244         0.03976         0.02968         0.021728        0.017724        0.014112        0.009436        0.005768        0.001694        0.0007308       0.00024976      0.00007028      
          60 2.2736          2.2652          2.254           2.3576          2.3044          2.2568          2.17            2.0608          1.9096          1.7864          1.5736          1.3944          1.2628          1.2292          1.1816          1.022           0.8008          0.4648          0.27888         0.18564         0.10556         0.05936         0.03836         0.02828         0.02114         0.01708         0.01358         0.00896         0.005488        0.001582        0.000672        0.00023576      0.00006524      
          61 2.2792          2.2708          2.2596          2.366           2.3128          2.2652          2.1812          2.0692          1.918           1.792           1.5736          1.3888          1.2572          1.218           1.1676          1.0052          0.784           0.4452          0.26572         0.17696         0.09996         0.05628         0.03696         0.02716         0.02058         0.016464        0.01302         0.008512        0.005236        0.0014812       0.0006216       0.00022316      0.0000616       
          62 2.2848          2.2764          2.2652          2.3744          2.324           2.2764          2.1924          2.0804          1.9264          1.7948          1.5736          1.3832          1.2488          1.204           1.1508          0.9856          0.7672          0.4256          0.25368         0.16912         0.09464         0.05376         0.03584         0.026124        0.020048        0.015904        0.012544        0.00812         0.004984        0.0013916       0.0005796       0.00020944      0.00005936      
          63 2.2876          2.282           2.2708          2.3828          2.3324          2.2848          2.2036          2.0916          1.932           1.8004          1.5708          1.3776          1.2404          1.1928          1.134           0.9688          0.7504          0.4088          0.24248         0.16156         0.0896          0.05124         0.03416         0.0252          0.0196          0.015372        0.012068        0.0077          0.004732        0.0013104       0.000546        0.00019432      0.00005684      
          64 2.2932          2.2876          2.2792          2.3912          2.3408          2.296           2.2148          2.1             1.9404          1.8032          1.5708          1.3748          1.2348          1.1816          1.1172          0.952           0.7336          0.392           0.23184         0.15484         0.08484         0.049           0.03276         0.024332        0.019152        0.014868        0.01162         0.007364        0.004508        0.0012376       0.0005152       0.00018004      0.00005292      
          65 2.2988          2.2932          2.282           2.4024          2.352           2.3044          2.2232          2.1112          1.9488          1.8088          1.5708          1.3692          1.2292          1.1704          1.1004          0.9352          0.7168          0.378           0.22204         0.1484          0.08064         0.04704         0.03136         0.023576        0.018788        0.014392        0.0112          0.007028        0.004284        0.0011648       0.0004872       0.000168        0.00004928      
          66 2.3016          2.2988          2.2904          2.4108          2.3632          2.3156          2.2344          2.1196          1.9572          1.8144          1.5708          1.3664          1.2208          1.1592          1.0864          0.9156          0.7             0.3612          0.2128          0.14224         0.07644         0.04536         0.02996         0.022932        0.018396        0.013916        0.01078         0.006748        0.004088        0.0010976       0.000462        0.00015904      0.00004592      
          67 2.3072          2.3044          2.296           2.4192          2.3716          2.3268          2.2456          2.1308          1.9628          1.82            1.5708          1.3636          1.2152          1.148           1.0696          0.8988          0.686           0.3472          0.20412         0.13664         0.0728          0.04368         0.02884         0.022316        0.018004        0.013496        0.010388        0.006468        0.003892        0.0010304       0.0004312       0.00015204      0.00004452      
          68 2.3128          2.31            2.3016          2.4276          2.3828          2.338           2.2568          2.1392          1.9712          1.8256          1.5708          1.358           1.2096          1.1368          1.0556          0.882           0.6692          0.336           0.196           0.13132         0.06944         0.042           0.027804        0.021812        0.017528        0.013076        0.010052        0.006216        0.003724        0.0009688       0.000406        0.00014616      0.00004284      
          69 2.3156          2.3128          2.3072          2.436           2.3912          2.3464          2.268           2.1504          1.9796          1.8312          1.5708          1.3552          1.204           1.1256          1.0388          0.8652          0.6524          0.322           0.18816         0.126           0.06608         0.0406          0.026824        0.021336        0.01708         0.012684        0.009716        0.005992        0.003556        0.00091         0.000378        0.00013916      0.00004116      
          70 2.3212          2.3212          2.3128          2.4472          2.4024          2.3576          2.2792          2.1616          1.988           1.8368          1.5708          1.3524          1.1984          1.1144          1.022           0.8456          0.6356          0.3108          0.1806          0.12068         0.063           0.0392          0.025928        0.020944        0.01666         0.01232         0.00938         0.005796        0.003388        0.0008568       0.0003556       0.0001316       0.00003836      
          71 2.324           2.3268          2.3184          2.4556          2.4108          2.366           2.2904          2.17            1.9964          1.8424          1.5708          1.3496          1.1928          1.1032          1.008           0.8288          0.6216          0.2996          0.1736          0.11508         0.0602          0.0378          0.025144        0.020636        0.016268        0.011956        0.009044        0.005628        0.003248        0.0008064       0.000336        0.0001232       0.00003584      
          72 2.3296          2.3296          2.324           2.464           2.422           2.3772          2.2988          2.1812          2.0048          1.848           1.5736          1.3468          1.1872          1.0948          0.9912          0.812           0.6048          0.2856          0.1666          0.10948         0.05768         0.03668         0.024416        0.020328        0.015876        0.011592        0.008708        0.005432        0.003108        0.0007616       0.0003192       0.00011592      0.00003444      
          73 2.3352          2.3352          2.3296          2.4752          2.4304          2.3884          2.31            2.1924          2.0132          1.8536          1.5736          1.344           1.1816          1.0836          0.9772          0.7952          0.5908          0.27608         0.16016         0.10444         0.05516         0.03556         0.0238          0.020104        0.015512        0.011284        0.0084          0.005292        0.002968        0.0007224       0.0003052       0.00011032      0.0000336       
          74 2.338           2.3408          2.338           2.4836          2.4416          2.3996          2.3212          2.2036          2.0216          1.8592          1.5764          1.3412          1.1788          1.0724          0.9632          0.7784          0.574           0.26544         0.154           0.0994          0.05292         0.03472         0.023268        0.019908        0.015148        0.010976        0.008092        0.005124        0.002828        0.000686        0.0002912       0.0001064       0.00003276      
          75 2.3436          2.3464          2.3436          2.492           2.4528          2.408           2.3324          2.212           2.03            1.8648          1.5764          1.3412          1.1732          1.064           0.9492          0.7588          0.56            0.25536         0.14784         0.09464         0.05068         0.0336          0.022764        0.01974         0.014812        0.010696        0.00784         0.004956        0.002716        0.0006552       0.00027972      0.0001036       0.0000308       
          76 2.3464          2.352           2.3492          2.5004          2.4612          2.4192          2.3436          2.2232          2.0412          1.8704          1.5792          1.3384          1.1704          1.0556          0.9324          0.742           0.546           0.24556         0.14196         0.09016         0.04844         0.03276         0.022372        0.0196          0.014504        0.010444        0.00756         0.004788        0.00259         0.0006244       0.00026628      0.00010024      0.00002884      
          77 2.352           2.3576          2.3548          2.5088          2.4724          2.4304          2.3548          2.2344          2.0496          1.8788          1.5792          1.3356          1.1648          1.0444          0.9184          0.7252          0.5292          0.23604         0.13636         0.08596         0.04648         0.03192         0.022064        0.019488        0.014224        0.010192        0.007336        0.004648        0.0024752       0.0005964       0.00025312      0.00009576      0.000027188     
          78 2.3576          2.3632          2.3604          2.52            2.4808          2.4388          2.366           2.2456          2.058           1.8844          1.582           1.3356          1.162           1.036           0.9044          0.7112          0.5124          0.2268          0.13104         0.08204         0.0448          0.03136         0.021784        0.019376        0.013944        0.009996        0.00714         0.00448         0.002366        0.0005684       0.00023968      0.00009072      0.000026628     
          79 2.3604          2.3688          2.366           2.5284          2.492           2.45            2.3772          2.2568          2.0664          1.89            1.5848          1.3328          1.1564          1.0276          0.8904          0.6944          0.4956          0.21784         0.12572         0.07812         0.04312         0.03052         0.02156         0.01932         0.013692        0.009772        0.006916        0.00434         0.002268        0.0005432       0.00022792      0.00008568      0.000026152     
          80 2.366           2.3744          2.3716          2.5368          2.5032          2.4612          2.3884          2.268           2.0748          1.8984          1.5848          1.3328          1.1536          1.0192          0.8764          0.6776          0.4788          0.20944         0.12068         0.07448         0.04144         0.0294          0.02142         0.019236        0.013468        0.009576        0.00672         0.0042          0.0021784       0.0005208       0.0002184       0.00008204      0.000025256     
          81 2.3688          2.3772          2.3772          2.5452          2.5116          2.4724          2.3996          2.2792          2.086           1.904           1.5876          1.33            1.1508          1.008           0.8624          0.6608          0.4648          0.20104         0.11536         0.07112         0.04004         0.02856         0.02128         0.01918         0.013272        0.009324        0.006552        0.004088        0.0020944       0.0004984       0.00021028      0.00007952      0.0000238       
          82 2.3744          2.3828          2.3828          2.5564          2.52            2.4836          2.4108          2.2876          2.0944          1.9124          1.5904          1.33            1.148           0.9996          0.8512          0.644           0.448           0.19292         0.11004         0.06776         0.03864         0.027944        0.021196        0.019124        0.013104        0.0091          0.006412        0.003976        0.0020188       0.0004788       0.0002044       0.00007784      0.000022288     
          83 2.3772          2.3884          2.3884          2.5648          2.5312          2.492           2.422           2.2988          2.1028          1.9208          1.5932          1.33            1.1424          0.994           0.8372          0.63            0.434           0.18536         0.105           0.06468         0.03724         0.0273          0.021168        0.019096        0.012936        0.008876        0.006272        0.003864        0.0019488       0.0004592       0.00019824      0.00007588      0.000021588     
          84 2.3828          2.394           2.394           2.5732          2.5396          2.5032          2.4332          2.31            2.114           1.9264          1.596           1.33            1.1424          0.9856          0.8232          0.6132          0.4172          0.1778          0.10024         0.06188         0.03612         0.02674         0.021168        0.01904         0.012796        0.00868         0.00616         0.003752        0.0018872       0.0004452       0.00019264      0.00007364      0.000021224     
          85 2.3856          2.3996          2.3996          2.5816          2.5508          2.5144          2.4444          2.3212          2.1224          1.932           1.5988          1.33            1.1396          0.9772          0.812           0.5992          0.4032          0.17052         0.09576         0.05908         0.03528         0.026264        0.021196        0.019012        0.012656        0.008484        0.006048        0.00364         0.0018284       0.0004284       0.00018536      0.00007028      0.000020888     
          86 2.3912          2.4052          2.4052          2.5928          2.562           2.5228          2.4556          2.3324          2.1308          1.9404          1.6016          1.33            1.1368          0.9688          0.798           0.5852          0.3892          0.1638          0.09156         0.05656         0.03444         0.025872        0.021252        0.018872        0.012516        0.008288        0.005936        0.003556        0.0017752       0.0004144       0.00017808      0.00006692      0.00001988      
          87 2.394           2.408           2.4108          2.6012          2.5704          2.534           2.4668          2.3436          2.142           1.9488          1.6044          1.3272          1.134           0.9632          0.7868          0.5712          0.3752          0.15708         0.08736         0.05432         0.0336          0.025564        0.021336        0.018788        0.012404        0.00812         0.00588         0.003444        0.0017248       0.0003976       0.00017024      0.00006412      0.000018704     
          88 2.3996          2.4136          2.4164          2.6096          2.5788          2.5452          2.478           2.3548          2.1504          1.9544          1.6072          1.33            1.1312          0.9548          0.7756          0.5572          0.3612          0.15092         0.08372         0.05208         0.03304         0.02534         0.021476        0.018732        0.012264        0.007952        0.005796        0.00336         0.00168         0.0003836       0.00016324      0.00006216      0.000017836     
          89 2.4024          2.4192          2.422           2.6208          2.59            2.5564          2.4892          2.366           2.1616          1.9628          1.6128          1.33            1.1284          0.9492          0.7616          0.5432          0.35            0.14504         0.08008         0.0504          0.03248         0.0252          0.021616        0.018704        0.012152        0.007812        0.00574         0.003248        0.0016352       0.0003696       0.00015764      0.00006132      0.0000175       
          90 2.408           2.4248          2.4276          2.6292          2.6012          2.5648          2.4976          2.3772          2.17            1.9712          1.6156          1.33            1.1284          0.9408          0.7504          0.5292          0.336           0.13944         0.077           0.04844         0.03192         0.025144        0.021812        0.018704        0.01204         0.007672        0.005684        0.003164        0.0015904       0.0003556       0.0001526       0.0000602       0.000017444     
          91 2.4108          2.4304          2.4332          2.6376          2.6096          2.576           2.5116          2.3884          2.1812          1.9796          1.6184          1.33            1.1256          0.9352          0.7392          0.5152          0.3248          0.13412         0.07392         0.04704         0.03164         0.025172        0.022036        0.018704        0.011928        0.007532        0.0056          0.00308         0.0015428       0.0003444       0.00014924      0.00005908      0.00001694      
          92 2.4164          2.4332          2.4388          2.646           2.6208          2.5872          2.52            2.3996          2.1896          1.9852          1.6212          1.33            1.1228          0.9268          0.728           0.504           0.3136          0.12908         0.0714          0.04564         0.03164         0.025256        0.022288        0.01876         0.011816        0.007448        0.005516        0.003024        0.0014952       0.0003304       0.0001456       0.00005656      0.0000161       
          93 2.4192          2.4388          2.4444          2.6544          2.6292          2.5984          2.534           2.4108          2.198           1.9936          1.6268          1.33            1.1228          0.9212          0.7196          0.49            0.3024          0.1246          0.06888         0.0448          0.03164         0.025452        0.022568        0.018816        0.011704        0.007364        0.005432        0.00294         0.0014532       0.000322        0.0001428       0.00005432      0.00001512      
          94 2.422           2.4444          2.45            2.6628          2.6404          2.6068          2.5424          2.422           2.2092          2.002           1.6296          1.3328          1.12            0.9156          0.7084          0.4788          0.294           0.1204          0.06692         0.04396         0.03164         0.025732        0.022876        0.018872        0.01162         0.00728         0.005348        0.002856        0.0014112       0.0003108       0.0001386       0.00005152      0.0000147       
          95 2.4276          2.4472          2.4556          2.674           2.6488          2.618           2.5536          2.4332          2.2176          2.0076          1.6324          1.3328          1.12            0.91            0.6972          0.4648          0.2828          0.11648         0.06496         0.04312         0.03192         0.026068        0.02324         0.018928        0.011508        0.007224        0.005236        0.0027972       0.001372        0.0003052       0.0001344       0.00005012      0.000014588     
          96 2.4304          2.4528          2.4612          2.6824          2.66            2.6292          2.5648          2.4444          2.2288          2.0188          1.638           1.3328          1.12            0.9044          0.6888          0.4508          0.27412         0.11312         0.06356         0.04284         0.0322          0.026516        0.023632        0.01904         0.011424        0.007196        0.005152        0.0027356       0.0013384       0.0002968       0.00012964      0.00004928      0.000014476     
          97 2.4332          2.4584          2.4668          2.6908          2.6684          2.6376          2.576           2.4556          2.24            2.0244          1.6408          1.3356          1.1172          0.8988          0.6804          0.4396          0.26544         0.11004         0.06216         0.04256         0.03276         0.027048        0.024024        0.019124        0.011312        0.00714         0.005068        0.002674        0.0013048       0.0002884       0.00012572      0.000049        0.000013916     
          98 2.4388          2.464           2.4724          2.6992          2.6768          2.6488          2.5872          2.4668          2.2484          2.0328          1.6464          1.3356          1.1172          0.8932          0.6692          0.4256          0.2576          0.10724         0.06132         0.04256         0.03332         0.027636        0.024444        0.019208        0.011228        0.007112        0.004984        0.002618        0.0012768       0.00028         0.00012264      0.00004844      0.000013104     
          99 2.4416          2.4668          2.4752          2.7076          2.688           2.66            2.5984          2.4752          2.2596          2.0412          1.6492          1.3384          1.1172          0.8876          0.6608          0.4144          0.25004         0.105           0.06076         0.04284         0.03388         0.02828         0.024892        0.019292        0.011144        0.007084        0.004928        0.002562        0.0012488       0.00027188      0.00011984      0.00004676      0.000012544     
         100 2.4472          2.4724          2.4836          2.716           2.6964          2.6712          2.6096          2.4892          2.268           2.0496          1.6548          1.3384          1.1144          0.882           0.6524          0.4032          0.24332         0.10332         0.06048         0.0434          0.03444         0.02912         0.02534         0.019404        0.011088        0.007056        0.004844        0.0025088       0.0012208       0.00026544      0.00011844      0.00004508      0.000012348     
         101 2.45            2.478           2.4864          2.7244          2.7048          2.6796          2.6208          2.5004          2.2792          2.058           1.6576          1.3412          1.1144          0.8792          0.6468          0.3948          0.23716         0.10192         0.06048         0.04424         0.03528         0.02996         0.025816        0.019488        0.01106         0.007028        0.004788        0.0024556       0.0011928       0.00025844      0.00011648      0.00004312      0.000012432     
         102 2.4528          2.4808          2.492           2.7328          2.716           2.6908          2.632           2.5088          2.2876          2.0664          1.6632          1.3412          1.1144          0.8736          0.6384          0.3836          0.23184         0.1008          0.06104         0.04536         0.0364          0.0308          0.026292        0.019572        0.011032        0.007           0.004732        0.0024052       0.0011676       0.00025368      0.00011508      0.00004172      0.00001218      
         103 2.4556          2.4864          2.4976          2.7412          2.7244          2.6992          2.6432          2.52            2.2988          2.072           1.6688          1.344           1.1144          0.8708          0.63            0.3752          0.22708         0.10052         0.0616          0.04648         0.03752         0.03192         0.026684        0.019684        0.010976        0.006944        0.004676        0.0023548       0.0011396       0.00024864      0.000112        0.00004116      0.00001162      
         104 2.4612          2.4892          2.5032          2.7496          2.7356          2.7104          2.6544          2.5312          2.3072          2.0832          1.6744          1.3468          1.1144          0.8652          0.6244          0.3668          0.22288         0.10024         0.06272         0.04788         0.03864         0.03304         0.027104        0.019796        0.010948        0.006916        0.004648        0.00231         0.0011144       0.000245        0.0001092       0.00004088      0.000010948     
         105 2.464           2.4948          2.5088          2.758           2.744           2.7188          2.6628          2.5424          2.3184          2.0888          1.6772          1.3496          1.1144          0.8624          0.6188          0.3612          0.21952         0.1008          0.06412         0.04956         0.04032         0.03416         0.027524        0.019936        0.01092         0.006888        0.004592        0.002268        0.0010892       0.00024052      0.00010584      0.0000406       0.000010668     
         106 2.4668          2.4976          2.5144          2.7664          2.7524          2.73            2.674           2.5536          2.3268          2.1             1.6828          1.3496          1.1144          0.8596          0.6104          0.3528          0.21672         0.10164         0.0658          0.0518          0.042           0.03528         0.027944        0.020076        0.010892        0.006832        0.004564        0.0022316       0.001064        0.00023604      0.00010276      0.00003976      0.000010668     
         107 2.4696          2.5032          2.5172          2.7748          2.7636          2.7384          2.6852          2.5648          2.338           2.1056          1.6856          1.3524          1.1144          0.854           0.6076          0.3472          0.21476         0.10304         0.06776         0.05376         0.04368         0.03668         0.02828         0.020244        0.010864        0.006776        0.004508        0.0022008       0.0010416       0.00023212      0.00010052      0.00003836      0.000010668     
         108 2.4752          2.5088          2.5228          2.7832          2.772           2.7496          2.6964          2.576           2.3464          2.114           1.6912          1.3552          1.1144          0.8512          0.602           0.3416          0.21336         0.10472         0.07028         0.05628         0.04564         0.0378          0.02884         0.020412        0.010864        0.00672         0.00448         0.0021756       0.0010192       0.0002268       0.00009884      0.00003668      0.00001036      
         109 2.478           2.5116          2.5284          2.7916          2.7804          2.758           2.7048          2.5872          2.3548          2.1224          1.6968          1.358           1.1144          0.8484          0.5964          0.3388          0.2128          0.10696         0.07308         0.05908         0.0476          0.0392          0.0294          0.02058         0.010808        0.006692        0.004424        0.002156        0.0009996       0.0002226       0.000098        0.00003556      0.000009772     
         110 2.4808          2.5172          2.534           2.7972          2.7916          2.7664          2.716           2.5956          2.366           2.1308          1.7024          1.358           1.1144          0.8456          0.5908          0.3332          0.2128          0.10976         0.07616         0.06216         0.04984         0.0406          0.02968         0.020776        0.010808        0.006636        0.004368        0.0021364       0.00098         0.00021756      0.0000966       0.00003472      0.000009352     
         111 2.4864          2.52            2.5368          2.8             2.8             2.7776          2.7272          2.6068          2.3772          2.1392          1.7052          1.3608          1.1144          0.8428          0.588           0.3304          0.21364         0.11312         0.07952         0.06524         0.05236         0.04228         0.03024         0.021           0.01078         0.006608        0.004312        0.0021196       0.0009632       0.00021364      0.00009576      0.00003472      0.000009268     
         112 2.4892          2.5228          2.5424          2.828           2.8             2.786           2.7384          2.618           2.3856          2.1476          1.7108          1.3636          1.1144          0.84            0.5852          0.3276          0.21504         0.11676         0.08316         0.0686          0.05488         0.04368         0.0308          0.021196        0.010752        0.00658         0.004256        0.0021          0.0009464       0.00020944      0.00009352      0.00003444      0.00000938      
         113 2.492           2.5284          2.548           2.828           2.828           2.7972          2.7468          2.6264          2.394           2.156           1.7164          1.3664          1.1172          0.84            0.5796          0.3276          0.21728         0.12096         0.08736         0.07252         0.0574          0.04508         0.03136         0.02142         0.010752        0.006552        0.004228        0.0020832       0.0009324       0.00020636      0.00009128      0.00003416      0.000009268     
         114 2.4948          2.5312          2.5536          2.828           2.828           2.8             2.758           2.6376          2.4052          2.1644          1.722           1.3692          1.1172          0.8372          0.5768          0.3248          0.22008         0.12544         0.09156         0.07644         0.0602          0.04676         0.03192         0.021644        0.010752        0.006552        0.004172        0.0020608       0.0009156       0.00020328      0.00008876      0.00003304      0.000008876     
         115 2.4976          2.5368          2.5592          2.828           2.828           2.828           2.7692          2.6488          2.4136          2.1728          1.7276          1.372           1.1172          0.8344          0.5712          0.3248          0.22372         0.13048         0.09632         0.08036         0.06328         0.04844         0.03248         0.021868        0.01078         0.006524        0.004144        0.0020384       0.0008988       0.00020048      0.00008624      0.00003192      0.0000084       
         116 2.5032          2.5396          2.562           2.856           2.856           2.828           2.7776          2.6572          2.4248          2.1784          1.7304          1.3748          1.1172          0.8316          0.5656          0.3276          0.22792         0.13608         0.10136         0.08484         0.06608         0.05012         0.03304         0.022092        0.01078         0.006524        0.004116        0.0020104       0.0008848       0.00019796      0.00008484      0.0000308       0.000008176     
         117 2.506           2.5424          2.5676          2.856           2.856           2.828           2.786           2.6684          2.4332          2.1868          1.736           1.3776          1.12            0.8316          0.56            0.3276          0.23268         0.14224         0.10696         0.0896          0.06944         0.0518          0.0336          0.022316        0.010836        0.006496        0.004088        0.0019824       0.000868        0.00019488      0.00008344      0.00002996      0.00000826      
         118 2.5088          2.548           2.5732          2.856           2.856           2.828           2.7972          2.6796          2.4416          2.1952          1.7416          1.3804          1.12            0.8316          0.5544          0.3304          0.23856         0.14868         0.11256         0.09436         0.07252         0.05376         0.03416         0.022512        0.010864        0.006468        0.004032        0.0019516       0.000854        0.00019236      0.00008316      0.00002996      0.000008316     
         119 2.5116          2.5508          2.576           2.856           2.856           2.856           2.8             2.688           2.45            2.2036          1.7472          1.3832          1.12            0.8288          0.5516          0.3332          0.24472         0.1554          0.11844         0.0994          0.07616         0.05544         0.035           0.022736        0.010892        0.00644         0.004004        0.0019236       0.0008372       0.00018844      0.00008232      0.00002996      0.00000812      
         120 2.5144          2.5564          2.5816          2.884           2.884           2.856           2.828           2.6992          2.4612          2.212           1.7528          1.3832          1.1228          0.8288          0.546           0.336           0.25172         0.16268         0.12488         0.10472         0.07952         0.0574          0.03556         0.022904        0.010948        0.006412        0.004004        0.0019012       0.000826        0.00018536      0.00008204      0.00002996      0.0000077       
         121 2.5172          2.5592          2.5844          2.884           2.884           2.856           2.828           2.7076          2.4696          2.2204          1.7556          1.3888          1.1228          0.826           0.5432          0.3388          0.25928         0.17052         0.13132         0.11004         0.08316         0.05936         0.03612         0.023128        0.011004        0.006384        0.003976        0.0018816       0.0008176       0.000182        0.00008064      0.00002912      0.000007364     
         122 2.52            2.562           2.59            2.884           2.884           2.884           2.828           2.7188          2.478           2.2288          1.7612          1.3888          1.1256          0.826           0.5404          0.3444          0.2674          0.17836         0.13804         0.11564         0.0868          0.06104         0.03668         0.023324        0.01106         0.006328        0.003948        0.0018648       0.0008092       0.0001792       0.00007896      0.00002828      0.000007336     
         123 2.5228          2.5648          2.5928          2.884           2.912           2.884           2.856           2.7272          2.4864          2.2344          1.7668          1.3944          1.1256          0.826           0.5404          0.35            0.27608         0.18676         0.14532         0.12152         0.09072         0.063           0.03752         0.023492        0.011088        0.0063          0.00392         0.0018508       0.0008036       0.00017696      0.00007728      0.0000273       0.000007448     
         124 2.5256          2.5704          2.5984          2.912           2.912           2.884           2.856           2.7384          2.4976          2.2428          1.7724          1.3972          1.1256          0.826           0.5376          0.3556          0.2856          0.19516         0.1526          0.1274          0.09464         0.06496         0.03808         0.023688        0.011116        0.006272        0.003892        0.0018396       0.000798        0.00017472      0.00007532      0.000026516     0.000007448     
         125 2.5312          2.5732          2.604           2.912           2.912           2.912           2.856           2.7468          2.506           2.2484          1.7752          1.4             1.1284          0.826           0.5376          0.3612          0.294           0.20412         0.16016         0.13356         0.09856         0.0672          0.03864         0.023884        0.011144        0.006216        0.003864        0.0018312       0.0007952       0.00017332      0.00007448      0.000026432     0.000007168     
         126 2.534           2.576           2.6068          2.912           2.912           2.912           2.884           2.7552          2.5144          2.2568          1.7808          1.4028          1.1284          0.826           0.5348          0.3696          0.3052          0.21364         0.168           0.14            0.10248         0.06916         0.03948         0.024108        0.011172        0.006216        0.003808        0.00182         0.0007896       0.00017108      0.00007336      0.000026404     0.000006776     
         127 2.5368          2.5788          2.6096          2.912           2.94            2.912           2.884           2.7636          2.5228          2.2652          1.7864          1.4056          1.1312          0.8204          0.5348          0.378           0.3164          0.22316         0.17612         0.14644         0.10668         0.07112         0.04004         0.024304        0.011172        0.006188        0.00378         0.0018088       0.000784        0.00016996      0.00007336      0.0000266       0.000006608     
         128 2.5396          2.5844          2.6152          2.94            2.94            2.912           2.884           2.7748          2.5312          2.2736          1.792           1.4056          1.1312          0.8148          0.5348          0.3864          0.3276          0.23324         0.18452         0.15316         0.11088         0.07336         0.0406          0.024528        0.0112          0.006188        0.003752        0.0017948       0.0007784       0.00016744      0.0000728       0.000026124     0.000006692     
         129 2.5424          2.5872          2.618           2.94            2.94            2.94            2.884           2.7832          2.5396          2.2792          1.7948          1.4112          1.134           0.812           0.5376          0.3948          0.3416          0.2436          0.1932          0.15988         0.11508         0.07532         0.04116         0.024752        0.0112          0.00616         0.003724        0.001778        0.00077         0.00016604      0.00007252      0.00002548      0.000006804     
         130 2.5452          2.59            2.6236          2.94            2.94            2.94            2.912           2.7916          2.548           2.2876          1.8004          1.414           1.134           0.8064          0.5376          0.4032          0.3528          0.25424         0.20188         0.16688         0.11956         0.07756         0.04172         0.024976        0.011228        0.00616         0.003696        0.0017612       0.0007616       0.00016408      0.0000714       0.000024472     0.000006692     
         131 2.548           2.5928          2.6264          2.94            2.968           2.94            2.912           2.8             2.5564          2.296           1.806           1.4168          1.1368          0.8036          0.5404          0.4116          0.3668          0.26516         0.21056         0.17388         0.12404         0.07952         0.04256         0.0252          0.011228        0.00616         0.003668        0.0017416       0.0007532       0.0001624       0.00007         0.000023772     0.000006356     
         132 2.5508          2.5984          2.6292          2.968           2.968           2.968           2.912           2.8             2.5648          2.3016          1.8116          1.4196          1.1368          0.8008          0.5404          0.4228          0.378           0.27636         0.2198          0.18116         0.12824         0.08176         0.04312         0.025424        0.011256        0.006188        0.00364         0.001722        0.0007448       0.00016128      0.0000686       0.00002352      0.000006076     
         133 2.5536          2.6012          2.6348          2.968           2.968           2.968           2.94            2.828           2.5704          2.31            1.8144          1.4224          1.1396          0.7952          0.5432          0.434           0.392           0.2884          0.22904         0.18844         0.13272         0.08372         0.04368         0.025648        0.011284        0.00616         0.00364         0.0017024       0.0007364       0.0001596       0.0000672       0.00002352      0.000006048     
         134 2.5564          2.604           2.6376          2.968           2.968           2.968           2.94            2.828           2.5788          2.3156          1.82            1.4252          1.1396          0.7924          0.546           0.4452          0.406           0.2996          0.23828         0.19572         0.1372          0.08596         0.04424         0.025844        0.011312        0.00616         0.00364         0.0016856       0.0007308       0.00015904      0.00006636      0.000023828     0.000006216     
         135 2.5564          2.6068          2.6432          2.968           2.996           2.968           2.94            2.828           2.5872          2.3212          1.8256          1.428           1.1424          0.7896          0.5488          0.4564          0.4172          0.3108          0.2478          0.20328         0.14196         0.08792         0.04508         0.026068        0.011368        0.00616         0.00364         0.0016716       0.000728        0.00015764      0.00006552      0.000023604     0.000006272     
         136 2.5592          2.6096          2.646           2.968           2.996           2.996           2.94            2.856           2.5956          2.3296          1.8284          1.4308          1.1424          0.7868          0.5516          0.4676          0.4312          0.322           0.25732         0.21084         0.14644         0.09016         0.04564         0.026292        0.011396        0.006132        0.003612        0.0016632       0.0007252       0.00015736      0.0000658       0.00002324      0.000006048     
         137 2.562           2.6124          2.6488          2.996           2.996           2.996           2.968           2.856           2.6012          2.3352          1.834           1.4336          1.1452          0.784           0.5544          0.4788          0.4452          0.336           0.26712         0.2184          0.15092         0.09212         0.0462          0.026488        0.011424        0.006132        0.003612        0.0016576       0.0007224       0.00015596      0.00006552      0.000022316     0.000005712     
         138 2.5648          2.6152          2.6516          2.996           2.996           2.996           2.968           2.856           2.6096          2.3408          1.8396          1.4364          1.1452          0.784           0.56            0.4928          0.4592          0.3472          0.27664         0.22596         0.15568         0.09436         0.04676         0.026656        0.011452        0.006104        0.003612        0.001652        0.0007224       0.00015484      0.00006524      0.0000217       0.000005572     
         139 2.5676          2.618           2.6544          2.996           3.024           2.996           2.968           2.856           2.618           2.3492          1.8424          1.4392          1.148           0.7812          0.5628          0.504           0.4732          0.3612          0.2856          0.23352         0.16016         0.09632         0.0476          0.026852        0.011508        0.006076        0.003612        0.001652        0.0007196       0.00015344      0.0000644       0.000021336     0.000005656     
         140 2.5704          2.6208          2.66            2.996           3.024           3.024           2.968           2.884           2.6236          2.3548          1.848           1.442           1.148           0.7784          0.5684          0.518           0.4872          0.3724          0.2968          0.24136         0.16464         0.09828         0.04816         0.02702         0.011536        0.006048        0.003584        0.0016492       0.0007168       0.00015204      0.00006328      0.000021392     0.000005824     
         141 2.5704          2.6236          2.6628          2.996           3.024           3.024           2.996           2.884           2.632           2.3604          1.8508          1.4448          1.1508          0.7784          0.5712          0.532           0.5012          0.3864          0.3052          0.24892         0.16912         0.10052         0.04872         0.027216        0.011564        0.00602         0.003584        0.0016464       0.0007112       0.00015092      0.00006216      0.000021728     0.000005768     
         142 2.5732          2.6264          2.6656          3.024           3.024           3.024           2.996           2.884           2.6376          2.366           1.8564          1.4476          1.148           0.7756          0.5768          0.5432          0.5152          0.3976          0.3164          0.25676         0.1736          0.10248         0.04928         0.027384        0.011564        0.005992        0.003556        0.001638        0.0007028       0.00014924      0.00006076      0.000021728     0.00000546      
         143 2.576           2.6292          2.6684          3.024           3.024           3.024           2.996           2.884           2.646           2.3716          1.8592          1.4504          1.1452          0.7728          0.5824          0.5572          0.532           0.4116          0.3276          0.26432         0.17808         0.10444         0.04984         0.027552        0.011592        0.005992        0.003528        0.0016324       0.0006972       0.00014868      0.0000602       0.000021588     0.000005208     
         144 2.5788          2.632           2.6712          3.024           3.052           3.052           2.996           2.912           2.6488          2.3772          1.8648          1.4504          1.1424          0.7728          0.588           0.5712          0.546           0.4228          0.336           0.27216         0.18256         0.1064          0.05068         0.027692        0.011592        0.005964        0.0035          0.0016184       0.0006888       0.000147        0.00005964      0.000020776     0.000005208     
         145 2.5788          2.6348          2.674           3.024           3.052           3.052           3.024           2.912           2.6572          2.3828          1.8676          1.4532          1.1396          0.7728          0.5936          0.5852          0.56            0.4368          0.3472          0.27972         0.18704         0.10836         0.05124         0.02786         0.011592        0.005964        0.0035          0.0016044       0.0006832       0.00014644      0.00005992      0.000020216     0.000005404     
         146 2.5816          2.6376          2.6768          3.024           3.052           3.052           3.024           2.912           2.6628          2.3884          1.8704          1.456           1.1368          0.77            0.5964          0.5992          0.574           0.448           0.3556          0.2884          0.19124         0.11032         0.0518          0.028           0.011592        0.005964        0.003472        0.0015876       0.0006776       0.00014532      0.00005992      0.000019656     0.000005488     
         147 2.5844          2.6404          2.6796          3.024           3.052           3.052           3.024           2.912           2.6684          2.394           1.876           1.4588          1.134           0.77            0.602           0.6104          0.5908          0.462           0.3668          0.294           0.19572         0.11228         0.05208         0.02828         0.011592        0.005964        0.003472        0.0015764       0.0006776       0.00014476      0.00005992      0.00001974      0.00000532      
         148 2.5844          2.6432          2.6824          3.052           3.052           3.052           3.024           2.94            2.6768          2.3996          1.8788          1.4616          1.1312          0.77            0.6076          0.6244          0.6048          0.4732          0.3752          0.3024          0.19992         0.11424         0.05264         0.02828         0.011592        0.005992        0.003472        0.0015624       0.0006748       0.00014364      0.00005936      0.00002002      0.000005012     
         149 2.5872          2.646           2.6852          3.052           3.08            3.08            3.052           2.94            2.6796          2.4052          1.8816          1.4644          1.1284          0.77            0.6132          0.6356          0.6188          0.4872          0.3836          0.308           0.20412         0.11592         0.0532          0.02856         0.011592        0.005992        0.003472        0.001554        0.0006748       0.0001428       0.00005824      0.000020272     0.000004844     
         150 2.59            2.6488          2.6852          3.052           3.08            3.08            3.052           2.94            2.6852          2.4108          1.8844          1.4672          1.1284          0.77            0.6188          0.6468          0.6356          0.4984          0.3948          0.3164          0.20832         0.11788         0.05376         0.02856         0.011592        0.005992        0.003472        0.0015456       0.0006776       0.00014224      0.0000574       0.000020272     0.000004984     
         151 2.59            2.6488          2.688           3.052           3.08            3.08            3.052           2.94            2.6908          2.4136          1.89            1.4672          1.1256          0.7672          0.6272          0.6608          0.6496          0.5096          0.4032          0.3248          0.21224         0.11984         0.05432         0.02884         0.011592        0.005992        0.003472        0.0015428       0.0006776       0.00014056      0.00005628      0.000019628     0.00000518      
         152 2.5928          2.6516          2.6908          3.052           3.08            3.08            3.052           2.94            2.6964          2.4192          1.8928          1.47            1.1228          0.7672          0.6328          0.672           0.6636          0.5236          0.4116          0.3304          0.21616         0.12152         0.0546          0.02912         0.01162         0.005992        0.0035          0.0015428       0.0006776       0.00014056      0.000056        0.000019068     0.000005208     
         153 2.5928          2.6544          2.6936          3.052           3.08            3.08            3.052           2.968           2.702           2.4248          1.8956          1.4728          1.12            0.7672          0.6384          0.6832          0.6776          0.5348          0.4228          0.3388          0.22036         0.1232          0.05516         0.02912         0.011648        0.005992        0.0035          0.0015456       0.0006748       0.00013916      0.00005544      0.000018368     0.000004928     
         154 2.5956          2.6572          2.6964          3.052           3.08            3.08            3.08            2.968           2.7076          2.4276          1.8984          1.4728          1.12            0.7672          0.644           0.6944          0.6916          0.546           0.4312          0.3444          0.224           0.12488         0.05572         0.0294          0.011676        0.005964        0.0035          0.0015484       0.000672        0.00013888      0.000056        0.000018452     0.000004676     
         155 2.5956          2.66            2.6992          3.08            3.108           3.108           3.08            2.968           2.7132          2.4332          1.9012          1.4756          1.1172          0.7672          0.6496          0.7056          0.7056          0.5572          0.4396          0.35            0.22764         0.12656         0.056           0.02968         0.011704        0.005936        0.0035          0.0015484       0.0006664       0.00013776      0.00005628      0.00001862      0.000004648     
         156 2.5956          2.66            2.6992          3.08            3.108           3.108           3.08            2.968           2.716           2.4388          1.904           1.4784          1.1172          0.77            0.6552          0.7168          0.7196          0.5684          0.448           0.3556          0.23128         0.12796         0.05656         0.02968         0.011732        0.005936        0.0035          0.0015484       0.0006608       0.00013748      0.00005656      0.000019124     0.000004872     
         157 2.5984          2.6628          2.702           3.08            3.108           3.108           3.08            2.968           2.7216          2.4416          1.9068          1.4812          1.1144          0.77            0.6608          0.728           0.7308          0.5796          0.4564          0.364           0.23492         0.12964         0.05684         0.02996         0.011788        0.005908        0.003472        0.0015428       0.0006524       0.00013692      0.000056        0.000019292     0.00000504      
         158 2.6012          2.6656          2.7048          3.08            3.108           3.108           3.08            2.968           2.7244          2.4444          1.9096          1.4812          1.1144          0.77            0.6664          0.7392          0.7448          0.5908          0.4648          0.3696          0.23828         0.13104         0.0574          0.02996         0.011816        0.00588         0.003444        0.0015372       0.0006468       0.00013608      0.00005516      0.0000189       0.000004872     
         159 2.6012          2.6656          2.7048          3.08            3.108           3.108           3.08            2.996           2.73            2.4472          1.9124          1.484           1.1116          0.77            0.672           0.7504          0.756           0.5992          0.4732          0.3752          0.24164         0.13244         0.05768         0.02996         0.011844        0.005852        0.003444        0.0015232       0.000644        0.00013608      0.0000546       0.000018368     0.000004564     
         160 2.6012          2.6684          2.7048          3.08            3.108           3.108           3.08            2.996           2.7328          2.4528          1.9152          1.4868          1.1116          0.77            0.6748          0.7588          0.7672          0.6104          0.4788          0.3808          0.24472         0.13384         0.05824         0.03024         0.011844        0.005852        0.003416        0.001512        0.000644        0.00013496      0.00005348      0.000017584     0.000004368     
         161 2.604           2.6712          2.7076          3.08            3.108           3.108           3.108           2.996           2.7356          2.4556          1.918           1.4868          1.1088          0.77            0.6804          0.7672          0.7784          0.6188          0.4872          0.3864          0.2478          0.13524         0.05852         0.03024         0.011844        0.005824        0.003416        0.0014952       0.0006468       0.00013496      0.00005348      0.000017584     0.000004536     
         162 2.604           2.6712          2.7104          3.08            3.108           3.108           3.108           2.996           2.7412          2.4584          1.9208          1.4868          1.1088          0.77            0.686           0.7784          0.7896          0.6272          0.4928          0.392           0.2506          0.13636         0.0588          0.03024         0.011872        0.005824        0.003388        0.001484        0.0006468       0.00013384      0.00005292      0.00001764      0.000004788     
         163 2.6068          2.674           2.7104          3.08            3.108           3.136           3.108           2.996           2.744           2.4612          1.9236          1.4896          1.1088          0.77            0.6916          0.7868          0.8008          0.6356          0.5012          0.3976          0.2534          0.13748         0.05936         0.03052         0.011844        0.005852        0.003388        0.0014728       0.0006524       0.00013412      0.00005376      0.000018312     0.000004844     
         164 2.6068          2.674           2.7132          3.08            3.136           3.136           3.108           2.996           2.7468          2.464           1.9236          1.4896          1.106           0.77            0.6944          0.7952          0.812           0.644           0.5068          0.4004          0.2562          0.13888         0.05964         0.03052         0.011844        0.005852        0.003388        0.00147         0.0006524       0.00013356      0.00005404      0.000018592     0.000004564     
         165 2.6068          2.6768          2.7132          3.108           3.136           3.136           3.108           2.996           2.7496          2.4668          1.9264          1.4924          1.106           0.7728          0.7             0.8036          0.8204          0.6524          0.5124          0.406           0.25872         0.14            0.05992         0.03052         0.011816        0.00588         0.003416        0.0014672       0.0006552       0.00013356      0.00005432      0.00001848      0.000004256     
         166 2.6068          2.6768          2.7132          3.108           3.136           3.136           3.108           2.996           2.7524          2.4696          1.9292          1.4924          1.1032          0.7728          0.7028          0.812           0.8316          0.6608          0.518           0.4088          0.26096         0.14084         0.0602          0.0308          0.011788        0.005908        0.003416        0.0014728       0.0006552       0.00013328      0.00005432      0.000017892     0.000004256     
         167 2.6096          2.6796          2.716           3.108           3.136           3.136           3.108           3.024           2.7552          2.4724          1.9292          1.4952          1.1032          0.7728          0.7084          0.8176          0.84            0.6664          0.5236          0.4144          0.2632          0.14168         0.06048         0.0308          0.011788        0.005908        0.003444        0.0014812       0.0006496       0.00013272      0.0000532       0.000017024     0.000004536     
         168 2.6096          2.6796          2.716           3.108           3.136           3.136           3.108           3.024           2.758           2.4724          1.932           1.4952          1.1032          0.7728          0.7112          0.826           0.8484          0.6748          0.5292          0.4172          0.26544         0.1428          0.06076         0.0308          0.011788        0.005936        0.003444        0.0014896       0.000644        0.00013356      0.00005264      0.000016828     0.000004816     
         169 2.6096          2.6796          2.7188          3.108           3.136           3.136           3.108           3.024           2.7608          2.4752          1.932           1.498           1.1032          0.7728          0.714           0.8316          0.854           0.6804          0.532           0.4228          0.26712         0.14336         0.06076         0.0308          0.011788        0.005936        0.003472        0.0015008       0.0006356       0.00013244      0.00005124      0.000016772     0.000004648     
         170 2.6096          2.6824          2.7188          3.108           3.136           3.136           3.108           3.024           2.7636          2.478           1.9348          1.498           1.1032          0.7728          0.7168          0.8372          0.8624          0.686           0.5376          0.4256          0.2688          0.1442          0.06104         0.0308          0.011788        0.005936        0.003472        0.0015064       0.00063         0.00013328      0.00005152      0.000017752     0.000004284     
         171 2.6096          2.6824          2.7188          3.108           3.136           3.136           3.108           3.024           2.7636          2.478           1.9348          1.498           1.1004          0.7756          0.7196          0.8428          0.868           0.6916          0.5404          0.4284          0.27076         0.14504         0.06132         0.03108         0.011816        0.005908        0.003472        0.0015092       0.0006244       0.00013244      0.00005124      0.0000182       0.000004032     
         172 2.6124          2.6824          2.7188          3.108           3.136           3.136           3.108           3.024           2.7664          2.4808          1.9348          1.498           1.1004          0.7756          0.7224          0.8484          0.8736          0.6944          0.5432          0.4284          0.27188         0.1456          0.06132         0.03108         0.011844        0.005908        0.003444        0.0015064       0.0006216       0.000133        0.00005236      0.000018592     0.000004256     
         173 2.6124          2.6852          2.7216          3.108           3.136           3.136           3.136           3.024           2.7664          2.4808          1.9376          1.5008          1.1004          0.7756          0.7252          0.8512          0.8792          0.7             0.546           0.4312          0.27328         0.14616         0.0616          0.03108         0.011872        0.00588         0.003444        0.001498        0.0006216       0.00013244      0.0000532       0.000017892     0.000004704     
         174 2.6124          2.6852          2.7216          3.108           3.136           3.136           3.136           3.024           2.7692          2.4836          1.9376          1.5008          1.1004          0.7756          0.728           0.8568          0.882           0.7028          0.5488          0.434           0.27468         0.14644         0.0616          0.03136         0.011928        0.005824        0.003416        0.0014812       0.0006272       0.00013272      0.00005376      0.000016856     0.000004872     
         175 2.6124          2.6852          2.7216          3.108           3.136           3.136           3.136           3.024           2.7692          2.4836          1.9376          1.5008          1.1004          0.7756          0.728           0.8596          0.8848          0.7056          0.5516          0.434           0.27552         0.147           0.0616          0.03136         0.011956        0.005796        0.003388        0.0014616       0.0006356       0.000133        0.00005404      0.000016128     0.00000448      
         176 2.6124          2.6852          2.7216          3.108           3.136           3.136           3.136           3.024           2.772           2.4864          1.9404          1.5008          1.1004          0.7756          0.7308          0.8624          0.8904          0.7084          0.5544          0.4368          0.27636         0.14728         0.06188         0.03136         0.012012        0.005768        0.00336         0.0014392       0.000644        0.00013216      0.00005236      0.000015764     0.000003892     
         177 2.6124          2.6852          2.7216          3.108           3.136           3.136           3.136           3.024           2.772           2.4864          1.9404          1.5008          1.1004          0.7756          0.7308          0.8624          0.8904          0.7112          0.5544          0.4368          0.27692         0.14756         0.06188         0.03136         0.01204         0.005712        0.003332        0.0014196       0.0006552       0.00013384      0.00005152      0.00001708      0.000003864     
         178 2.6124          2.6852          2.7216          3.108           3.136           3.164           3.136           3.024           2.772           2.4864          1.9404          1.5036          1.0976          0.7756          0.7336          0.8652          0.8932          0.7112          0.5572          0.4396          0.2772          0.14784         0.06188         0.03136         0.012068        0.005684        0.003304        0.0014028       0.0006608       0.00013216      0.00004872      0.000018144     0.000004452     
         179 2.6124          2.6852          2.7216          3.108           3.136           3.164           3.136           3.024           2.772           2.4864          1.9404          1.5008          1.1004          0.7756          0.7336          0.8652          0.8932          0.714           0.5572          0.4396          0.27776         0.14784         0.06188         0.03164         0.012096        0.005684        0.003276        0.0013944       0.000672        0.00013496      0.000049        0.000020496     0.0000056       
         180 2.6124          2.6852          2.7216          3.108           3.136           3.164           3.136           3.024           2.772           2.4864          1.9404          1.5008          1.1004          0.7756          0.7336          0.8652          0.8932          0.714           0.5572          0.4396          0.27776         0.14784         0.06188         0.03164         0.012096        0.005684        0.003276        0.001386        0.0006664       0.00013048      0.00004564      0.000019992     0.0000063       
