 181          33 KTC
             0.10000         0.15000         0.20000         0.30000         0.40000         0.50000         0.70000          1.0000          1.5000          2.0000          3.0000          4.0000          5.0000          7.0000          10.000          15.000          20.000          30.000          40.000          50.000          70.000          100.00          150.00          200.00          300.00          400.00          500.00          700.00          1000.0          2000.0          3000.0          5000.0          10000.    
           0 8204            12320           16408           24612           32760           41160           57400           82040           123200          164080          246120          327600          411600          574000          820400          1232000         1640800         2461200         3276000         4116000         5740000         8204000         12320000        16408000        24612000        32760000        41160000        57400000        82040000        164080000       246120000       411600000       820400000       
           1 7504            10192           11956           13412           13216           12348           10360           7980            5628            4312            2912            2195.2          1761.2          1260            882             588             442.4           294             220.92          176.68          126.28          88.48           58.8            44.24           29.4            22.092          17.668          12.628          8.848           4.424           2.94            1.7668          0.8848          
           2 5992            6692            6608            5656            4732            3976            2996            2150.4          1456            1097.6          733.6           551.6           442.4           316.4           220.92          147.28          110.6           73.64           55.16           44.24           31.64           22.092          14.728          11.06           7.364           5.516           4.424           3.164           2.2092          1.106           0.7364          0.4424          0.22092         
           3 4480            4284            3780            2884            2284.8          1873.2          1369.2          971.6           652.4           490             327.6           245.28          196.28          140.28          98.28           65.52           49              32.76           24.556          19.656          14.028          9.828           6.552           4.9             3.276           2.4556          1.9656          1.4028          0.9828          0.49            0.3276          0.19656         0.09828         
           4 3304            2828            2366            1713.6          1324.4          1075.2          778.4           548.8           366.8           275.8           183.96          138.04          110.6           78.96           55.16           36.96           27.636          18.424          13.804          11.06           7.896           5.516           3.696           2.7636          1.8424          1.3804          1.106           0.7896          0.5516          0.27636         0.18424         0.1106          0.05516         
           5 2472.4          1979.6          1596            1125.6          862.4           694.4           501.2           352.8           235.48          176.68          117.88          88.48           70.84           50.4            35.28           23.576          17.696          11.788          8.848           7.084           5.04            3.528           2.3576          1.7696          1.1788          0.8848          0.7084          0.504           0.3528          0.17696         0.11788         0.07084         0.03528         
           6 1890            1444.8          1142.4          792.4           602             484.4           350             245             163.52          122.64          81.76           61.32           49              35              24.556          16.38           12.292          8.176           6.132           4.9             3.5             2.4556          1.638           1.2292          0.8176          0.6132          0.49            0.35            0.24556         0.12292         0.08176         0.049           0.024556        
           7 1481.2          1097.6          856.8           588             445.2           358.4           256.76          180.04          120.4           90.16           60.2            45.08           36.12           25.788          18.06           12.04           9.016           6.02            4.508           3.612           2.5788          1.806           1.204           0.9016          0.602           0.4508          0.3612          0.25788         0.1806          0.09016         0.0602          0.03612         0.01806         
           8 1184.4          856.8           663.6           453.6           341.6           274.68          196.84          138.04          92.12           69.16           46.2            34.44           27.664          19.768          13.832          9.212           6.916           4.62            3.444           2.7664          1.9768          1.3832          0.9212          0.6916          0.462           0.3444          0.27664         0.19768         0.13832         0.06916         0.0462          0.027664        0.013832        
           9 966             688.8           529.2           358.4           271.04          217.56          155.68          109.2           72.8            54.6            36.4            27.328          21.868          15.624          10.92           7.28            5.46            3.64            2.7328          2.1868          1.5624          1.092           0.728           0.546           0.364           0.27328         0.21868         0.15624         0.1092          0.0546          0.0364          0.021868        0.01092         
          10 800.8           562.8           431.2           291.2           220.08          176.4           126.28          88.48           59.08           44.24           29.4            22.148          17.724          12.656          8.848           5.908           4.424           2.94            2.2148          1.7724          1.2656          0.8848          0.5908          0.4424          0.294           0.22148         0.17724         0.12656         0.08848         0.04424         0.0294          0.017724        0.008848        
          11 672             470.4           358.4           241.92          182             145.88          104.44          73.08           48.72           36.68           24.416          18.312          14.644          10.472          7.336           4.872           3.668           2.4416          1.8312          1.4644          1.0472          0.7336          0.4872          0.3668          0.24416         0.18312         0.14644         0.10472         0.07336         0.03668         0.024416        0.014644        0.007336        
          12 574             397.6           302.4           203.56          153.16          122.92          87.92           61.6            41.16           30.8            20.524          15.4            12.32           8.792           6.16            4.116           3.08            2.0524          1.54            1.232           0.8792          0.616           0.4116          0.308           0.20524         0.154           0.1232          0.08792         0.0616          0.0308          0.020524        0.01232         0.00616         
          13 492.8           341.6           258.44          173.88          130.76          104.72          75.04           52.36           35              26.264          17.5            13.132          10.5            7.504           5.264           3.5             2.6264          1.75            1.3132          1.05            0.7504          0.5264          0.35            0.26264         0.175           0.13132         0.105           0.07504         0.05264         0.026264        0.0175          0.0105          0.005264        
          14 428.4           294             223.44          150.08          112.84          90.44           64.68           45.36           30.24           22.652          15.092          11.34           9.072           6.468           4.536           3.024           2.2652          1.5092          1.134           0.9072          0.6468          0.4536          0.3024          0.22652         0.15092         0.1134          0.09072         0.06468         0.04536         0.022652        0.015092        0.009072        0.004536        
          15 378             257.88          195.16          131.04          98.56           78.96           56.28           39.48           26.32           19.74           13.16           9.884           7.896           5.656           3.948           2.632           1.974           1.316           0.9884          0.7896          0.5656          0.3948          0.2632          0.1974          0.1316          0.09884         0.07896         0.05656         0.03948         0.01974         0.01316         0.007896        0.003948        
          16 333.2           227.36          171.92          115.36          86.52           69.44           49.56           34.72           23.156          17.36           11.592          8.68            6.944           4.956           3.472           2.3156          1.736           1.1592          0.868           0.6944          0.4956          0.3472          0.23156         0.1736          0.11592         0.0868          0.06944         0.04956         0.03472         0.01736         0.011592        0.006944        0.003472        
          17 296.8           201.88          152.6           102.2           76.72           61.6            43.96           30.8            20.524          15.4            10.276          7.7             6.16            4.396           3.08            2.0524          1.54            1.0276          0.77            0.616           0.4396          0.308           0.20524         0.154           0.10276         0.077           0.0616          0.04396         0.0308          0.0154          0.010276        0.00616         0.00308         
          18 266             180.6           136.36          91.28           68.6            54.88           39.2            27.496          18.34           13.748          9.156           6.888           5.488           3.92            2.7496          1.834           1.3748          0.9156          0.6888          0.5488          0.392           0.27496         0.1834          0.13748         0.09156         0.06888         0.05488         0.0392          0.027496        0.013748        0.009156        0.005488        0.0027496       
          19 239.96          162.4           122.64          82.04           61.6            49.28           35.28           24.696          16.464          12.348          8.232           6.188           4.928           3.528           2.4696          1.6464          1.2348          0.8232          0.6188          0.4928          0.3528          0.24696         0.16464         0.12348         0.08232         0.06188         0.04928         0.03528         0.024696        0.012348        0.008232        0.004928        0.0024696       
          20 217.28          147             110.88          74.2            55.72           44.52           31.92           22.316          14.868          11.172          7.448           5.572           4.452           3.192           2.2316          1.4868          1.1172          0.7448          0.5572          0.4452          0.3192          0.22316         0.14868         0.11172         0.07448         0.05572         0.04452         0.03192         0.022316        0.011172        0.007448        0.004452        0.0022316       
          21 197.68          133.56          100.8           67.48           50.68           40.6            28.84           20.272          13.496          10.136          6.748           5.068           4.06            2.884           2.0272          1.3496          1.0136          0.6748          0.5068          0.406           0.2884          0.20272         0.13496         0.10136         0.06748         0.05068         0.0406          0.02884         0.020272        0.010136        0.006748        0.00406         0.0020272       
          22 180.88          122.08          91.84           61.6            46.2            36.96           26.404          18.48           12.32           9.24            6.16            4.62            3.696           2.6404          1.848           1.232           0.924           0.616           0.462           0.3696          0.26404         0.1848          0.1232          0.0924          0.0616          0.0462          0.03696         0.026404        0.01848         0.00924         0.00616         0.003696        0.001848        
          23 165.76          111.72          84.28           56.28           42.28           33.88           24.164          16.94           11.284          8.456           5.656           4.228           3.388           2.4192          1.694           1.1284          0.8456          0.5656          0.4228          0.3388          0.24192         0.1694          0.11284         0.08456         0.05656         0.04228         0.03388         0.024192        0.01694         0.008456        0.005656        0.003388        0.001694        
          24 152.88          103.04          77.56           51.8            38.92           31.08           22.232          15.568          10.388          7.784           5.18            3.892           3.108           2.2232          1.5568          1.0388          0.7784          0.518           0.3892          0.3108          0.22232         0.15568         0.10388         0.07784         0.0518          0.03892         0.03108         0.022232        0.015568        0.007784        0.00518         0.003108        0.0015568       
          25 141.12          94.92           71.4            47.88           35.84           28.84           20.524          14.364          9.576           7.196           4.788           3.584           2.884           2.0524          1.4364          0.9576          0.7196          0.4788          0.3584          0.2884          0.20524         0.14364         0.09576         0.07196         0.04788         0.03584         0.02884         0.020524        0.014364        0.007196        0.004788        0.002884        0.0014364       
          26 130.76          87.92           66.36           44.24           33.32           26.572          18.984          13.3            8.876           6.636           4.424           3.332           2.66            1.9012          1.33            0.8876          0.6636          0.4424          0.3332          0.266           0.19012         0.133           0.08876         0.06636         0.04424         0.03332         0.0266          0.019012        0.0133          0.006636        0.004424        0.00266         0.00133         
          27 121.52          81.76           61.6            41.16           30.8            24.696          17.64           12.348          8.232           6.188           4.116           3.08            2.4696          1.764           1.2348          0.8232          0.6188          0.4116          0.308           0.24696         0.1764          0.12348         0.08232         0.06188         0.04116         0.0308          0.024696        0.01764         0.012348        0.006188        0.004116        0.0024696       0.0012348       
          28 113.4           76.16           57.4            38.36           28.84           22.988          16.436          11.508          7.672           5.74            3.836           2.884           2.2988          1.6436          1.1508          0.7672          0.574           0.3836          0.2884          0.22988         0.16436         0.11508         0.07672         0.0574          0.03836         0.02884         0.022988        0.016436        0.011508        0.00574         0.003836        0.0022988       0.0011508       
          29 105.84          71.12           53.48           35.84           26.824          21.448          15.344          10.724          7.168           5.376           3.584           2.6824          2.1476          1.5344          1.0724          0.7168          0.5376          0.3584          0.26824         0.21476         0.15344         0.10724         0.07168         0.05376         0.03584         0.026824        0.021476        0.015344        0.010724        0.005376        0.003584        0.0021476       0.0010724       
          30 99.12           66.64           50.12           33.32           25.088          20.076          14.336          10.052          6.692           5.012           3.36            2.5116          2.0104          1.4364          1.0052          0.6692          0.5012          0.336           0.25116         0.20104         0.14364         0.10052         0.06692         0.05012         0.0336          0.025116        0.020104        0.014364        0.010052        0.005012        0.00336         0.0020104       0.0010052       
          31 93.24           62.44           47.04           31.36           23.548          18.844          13.468          9.436           6.272           4.704           3.136           2.3548          1.8844          1.3468          0.9436          0.6272          0.4704          0.3136          0.23548         0.18844         0.13468         0.09436         0.06272         0.04704         0.03136         0.023548        0.018844        0.013468        0.009436        0.004704        0.003136        0.0018844       0.0009436       
          32 87.64           58.8            44.24           29.4            22.12           17.696          12.656          8.848           5.908           4.424           2.94            2.2148          1.7724          1.2656          0.8848          0.5908          0.4424          0.294           0.22148         0.17724         0.12656         0.08848         0.05908         0.04424         0.0294          0.022148        0.017724        0.012656        0.008848        0.004424        0.00294         0.0017724       0.0008848       
          33 82.6            55.44           41.72           27.776          20.832          16.688          11.928          8.344           5.572           4.172           2.7804          2.086           1.6688          1.1928          0.8344          0.5572          0.4172          0.27804         0.2086          0.16688         0.11928         0.08344         0.05572         0.04172         0.027804        0.02086         0.016688        0.011928        0.008344        0.004172        0.0027804       0.0016688       0.0008344       
          34 78.12           52.36           39.2            26.208          19.684          15.736          11.256          7.868           5.236           3.948           2.6236          1.9684          1.5736          1.1256          0.7868          0.5236          0.3948          0.26236         0.19684         0.15736         0.11256         0.07868         0.05236         0.03948         0.026236        0.019684        0.015736        0.011256        0.007868        0.003948        0.0026236       0.0015736       0.0007868       
          35 73.64           49.28           37.24           24.78           18.592          14.868          10.64           7.448           4.956           3.724           2.4808          1.862           1.4896          1.064           0.7448          0.4956          0.3724          0.24808         0.1862          0.14896         0.1064          0.07448         0.04956         0.03724         0.024808        0.01862         0.014896        0.01064         0.007448        0.003724        0.0024808       0.0014896       0.0007448       
          36 70              46.76           35.28           23.464          17.612          14.084          10.08           7.056           4.704           3.528           2.3492          1.7612          1.4084          1.008           0.7056          0.4704          0.3528          0.23492         0.17612         0.14084         0.1008          0.07056         0.04704         0.03528         0.023492        0.017612        0.014084        0.01008         0.007056        0.003528        0.0023492       0.0014084       0.0007056       
          37 66.36           44.52           33.32           22.26           16.688          13.356          9.548           6.692           4.452           3.332           2.2288          1.6716          1.3356          0.9548          0.6692          0.4452          0.3332          0.22288         0.16716         0.13356         0.09548         0.06692         0.04452         0.03332         0.022288        0.016716        0.013356        0.009548        0.006692        0.003332        0.0022288       0.0013356       0.0006692       
          38 63              42.28           31.64           21.14           15.876          12.684          9.072           6.356           4.228           3.164           2.1168          1.5876          1.2712          0.9072          0.6356          0.4228          0.3164          0.21168         0.15876         0.12712         0.09072         0.06356         0.04228         0.03164         0.021168        0.015876        0.012712        0.009072        0.006356        0.003164        0.0021168       0.0012712       0.0006356       
          39 59.92           40.04           30.24           20.104          15.092          12.068          8.624           6.048           4.032           3.024           2.0132          1.5092          1.2068          0.8624          0.6048          0.4032          0.3024          0.20132         0.15092         0.12068         0.08624         0.06048         0.04032         0.03024         0.020132        0.015092        0.012068        0.008624        0.006048        0.003024        0.0020132       0.0012068       0.0006048       
          40 57.12           38.36           28.84           19.152          14.364          11.508          8.204           5.74            3.836           2.884           1.918           1.4392          1.1508          0.8232          0.574           0.3836          0.2884          0.1918          0.14392         0.11508         0.08232         0.0574          0.03836         0.02884         0.01918         0.014392        0.011508        0.008232        0.00574         0.002884        0.001918        0.0011508       0.000574        
          41 54.6            36.4            27.384          18.284          13.72           10.976          7.84            5.488           3.668           2.744           1.8284          1.372           1.0976          0.784           0.5488          0.3668          0.2744          0.18284         0.1372          0.10976         0.0784          0.05488         0.03668         0.02744         0.018284        0.01372         0.010976        0.00784         0.005488        0.002744        0.0018284       0.0010976       0.0005488       
          42 52.08           34.72           26.152          17.444          13.104          10.472          7.476           5.236           3.5             2.6208          1.7472          1.3104          1.0472          0.7476          0.5236          0.35            0.26208         0.17472         0.13104         0.10472         0.07476         0.05236         0.035           0.026208        0.017472        0.013104        0.010472        0.007476        0.005236        0.0026208       0.0017472       0.0010472       0.0005236       
          43 49.84           33.32           25.004          16.688          12.516          10.024          7.168           5.012           3.332           2.506           1.6688          1.2516          1.0024          0.7168          0.5012          0.3332          0.2506          0.16688         0.12516         0.10024         0.07168         0.05012         0.03332         0.02506         0.016688        0.012516        0.010024        0.007168        0.005012        0.002506        0.0016688       0.0010024       0.0005012       
          44 47.6            31.92           23.94           15.988          11.984          9.576           6.86            4.788           3.192           2.3968          1.5988          1.1984          0.9604          0.686           0.4788          0.3192          0.23968         0.15988         0.11984         0.09604         0.0686          0.04788         0.03192         0.023968        0.015988        0.011984        0.009604        0.00686         0.004788        0.0023968       0.0015988       0.0009604       0.0004788       
          45 45.64           30.52           22.932          15.316          11.48           9.184           6.552           4.592           3.052           2.2988          1.5316          1.148           0.9184          0.6552          0.4592          0.3052          0.22988         0.15316         0.1148          0.09184         0.06552         0.04592         0.03052         0.022988        0.015316        0.01148         0.009184        0.006552        0.004592        0.0022988       0.0015316       0.0009184       0.0004592       
          46 43.96           29.4            22.008          14.672          11.004          8.82            6.3             4.396           2.94            2.2036          1.47            1.1032          0.882           0.63            0.4396          0.294           0.22036         0.147           0.11032         0.0882          0.063           0.04396         0.0294          0.022036        0.0147          0.011032        0.00882         0.0063          0.004396        0.0022036       0.00147         0.000882        0.0004396       
          47 42              28.28           21.14           14.112          10.584          8.456           6.048           4.228           2.828           2.1168          1.4112          1.0584          0.8456          0.6048          0.4228          0.2828          0.21168         0.14112         0.10584         0.08456         0.06048         0.04228         0.02828         0.021168        0.014112        0.010584        0.008456        0.006048        0.004228        0.0021168       0.0014112       0.0008456       0.0004228       
          48 40.32           26.908          20.216          13.468          10.108          8.092           5.768           4.06            2.6964          2.0244          1.3496          1.0108          0.8092          0.5768          0.406           0.26964         0.20244         0.13496         0.10108         0.08092         0.05768         0.0406          0.026964        0.020244        0.013496        0.010108        0.008092        0.005768        0.00406         0.0020244       0.0013496       0.0008092       0.000406        
          49 38.08           25.396          19.068          12.712          9.548           7.644           5.46            3.808           2.5452          1.9096          1.274           0.9548          0.7644          0.546           0.3808          0.25452         0.19096         0.1274          0.09548         0.07644         0.0546          0.03808         0.025452        0.019096        0.01274         0.009548        0.007644        0.00546         0.003808        0.0019096       0.001274        0.0007644       0.0003808       
          50 35.84           23.996          18.004          12.012          9.016           7.224           5.152           3.612           2.4052          1.8032          1.2012          0.9016          0.7224          0.5152          0.3612          0.24052         0.18032         0.12012         0.09016         0.07224         0.05152         0.03612         0.024052        0.018032        0.012012        0.009016        0.007224        0.005152        0.003612        0.0018032       0.0012012       0.0007224       0.0003612       
          51 33.88           22.708          17.052          11.368          8.54            6.832           4.872           3.416           2.2736          1.7052          1.1368          0.854           0.6832          0.4872          0.3416          0.22736         0.17052         0.11368         0.0854          0.06832         0.04872         0.03416         0.022736        0.017052        0.011368        0.00854         0.006832        0.004872        0.003416        0.0017052       0.0011368       0.0006832       0.0003416       
          52 32.2            21.504          16.156          10.78           8.064           6.468           4.62            3.22            2.156           1.6156          1.078           0.8092          0.6468          0.462           0.322           0.2156          0.16156         0.1078          0.08092         0.06468         0.0462          0.0322          0.02156         0.016156        0.01078         0.008092        0.006468        0.00462         0.00322         0.0016156       0.001078        0.0006468       0.000322        
          53 30.52           20.384          15.316          10.22           7.672           6.132           4.368           3.052           2.044           1.5316          1.022           0.7672          0.6132          0.4368          0.3052          0.2044          0.15316         0.1022          0.07672         0.06132         0.04368         0.03052         0.02044         0.015316        0.01022         0.007672        0.006132        0.004368        0.003052        0.0015316       0.001022        0.0006132       0.0003052       
          54 29.12           19.376          14.532          9.688           7.28            5.824           4.144           2.912           1.9404          1.456           0.9688          0.728           0.5824          0.4144          0.2912          0.19404         0.1456          0.09688         0.0728          0.05824         0.04144         0.02912         0.019404        0.01456         0.009688        0.00728         0.005824        0.004144        0.002912        0.001456        0.0009688       0.0005824       0.0002912       
          55 27.552          18.396          13.804          9.212           6.916           5.544           3.948           2.7664          1.8424          1.3832          0.9212          0.6916          0.5544          0.3948          0.27664         0.18424         0.13832         0.09212         0.06916         0.05544         0.03948         0.027664        0.018424        0.013832        0.009212        0.006916        0.005544        0.003948        0.0027664       0.0013832       0.0009212       0.0005544       0.00027664      
          56 26.208          17.5            13.132          8.764           6.58            5.264           3.752           2.632           1.7528          1.316           0.8764          0.658           0.5264          0.3752          0.2632          0.17556         0.1316          0.08764         0.0658          0.05264         0.03752         0.02632         0.017556        0.01316         0.008764        0.00658         0.005264        0.003752        0.002632        0.001316        0.0008764       0.0005264       0.0002632       
          57 24.976          16.688          12.516          8.344           6.272           5.012           3.584           2.506           1.6716          1.2544          0.8344          0.6272          0.5012          0.3584          0.2506          0.16716         0.12544         0.08344         0.06272         0.05012         0.03584         0.02506         0.016716        0.012544        0.008344        0.006272        0.005012        0.003584        0.002506        0.0012544       0.0008344       0.0005012       0.0002506       
          58 23.8            15.904          11.928          7.952           5.964           4.788           3.416           2.3884          1.5932          1.1956          0.7952          0.5964          0.4788          0.3416          0.23884         0.15932         0.11956         0.07952         0.05964         0.04788         0.03416         0.023884        0.015932        0.011956        0.007952        0.005964        0.004788        0.003416        0.0023884       0.0011956       0.0007952       0.0004788       0.00023884      
          59 22.736          15.176          11.396          7.588           5.712           4.564           3.248           2.2792          1.5204          1.1396          0.7588          0.5712          0.4564          0.3248          0.22792         0.15204         0.11396         0.07588         0.05712         0.04564         0.03248         0.022792        0.015204        0.011396        0.007588        0.005712        0.004564        0.003248        0.0022792       0.0011396       0.0007588       0.0004564       0.00022792      
          60 21.7            14.504          10.892          7.252           5.432           4.368           3.108           2.1784          1.4532          1.0892          0.7252          0.5432          0.4368          0.3108          0.21784         0.14532         0.10892         0.07252         0.05432         0.04368         0.03108         0.021784        0.014532        0.010892        0.007252        0.005432        0.004368        0.003108        0.0021784       0.0010892       0.0007252       0.0004368       0.00021784      
          61 20.748          13.86           10.416          6.944           5.208           4.172           2.968           2.0832          1.3888          1.0416          0.6944          0.5208          0.4172          0.2968          0.20832         0.13888         0.10416         0.06944         0.05208         0.04172         0.02968         0.020832        0.013888        0.010416        0.006944        0.005208        0.004172        0.002968        0.0020832       0.0010416       0.0006944       0.0004172       0.00020832      
          62 19.88           13.272          9.968           6.636           4.984           3.976           2.856           1.9936          1.3272          0.9968          0.6636          0.4984          0.3976          0.2856          0.19936         0.133           0.09968         0.06636         0.04984         0.03976         0.02856         0.019936        0.0133          0.009968        0.006636        0.004984        0.003976        0.002856        0.0019936       0.0009968       0.0006636       0.0003976       0.00019936      
          63 19.04           12.712          9.548           6.356           4.76            3.808           2.7272          1.9096          1.2712          0.9548          0.6356          0.476           0.3808          0.27272         0.19096         0.12712         0.09548         0.06356         0.0476          0.03808         0.027272        0.019096        0.012712        0.009548        0.006356        0.00476         0.003808        0.0027272       0.0019096       0.0009548       0.0006356       0.0003808       0.00019096      
          64 18.256          12.18           9.128           6.104           4.564           3.668           2.6124          1.8284          1.2208          0.9156          0.6104          0.4564          0.3668          0.26152         0.18284         0.12208         0.09156         0.06104         0.04564         0.03668         0.026152        0.018284        0.012208        0.009156        0.006104        0.004564        0.003668        0.0026152       0.0018284       0.0009156       0.0006104       0.0003668       0.00018284      
          65 17.5            11.676          8.764           5.852           4.396           3.5             2.5088          1.7556          1.1704          0.8764          0.5852          0.4396          0.35            0.25088         0.17556         0.11704         0.08764         0.05852         0.04396         0.035           0.025088        0.017556        0.011704        0.008764        0.005852        0.004396        0.0035          0.0025088       0.0017556       0.0008764       0.0005852       0.00035         0.00017556      
          66 16.8            11.228          8.428           5.628           4.2             3.36            2.408           1.6856          1.1228          0.8428          0.5628          0.42            0.336           0.2408          0.16856         0.11228         0.08428         0.05628         0.042           0.0336          0.02408         0.016856        0.011228        0.008428        0.005628        0.0042          0.00336         0.002408        0.0016856       0.0008428       0.0005628       0.000336        0.00016856      
          67 16.156          10.78           8.092           5.404           4.06            3.248           2.3128          1.6184          1.0808          0.8092          0.5404          0.406           0.3248          0.23128         0.16184         0.10808         0.08092         0.05404         0.0406          0.03248         0.023128        0.016184        0.010808        0.008092        0.005404        0.00406         0.003248        0.0023128       0.0016184       0.0008092       0.0005404       0.0003248       0.00016184      
          68 15.54           10.36           7.784           5.18            3.892           3.108           2.2232          1.5568          1.0388          0.7784          0.518           0.3892          0.3108          0.22232         0.15568         0.10388         0.07784         0.0518          0.03892         0.03108         0.022232        0.015568        0.010388        0.007784        0.00518         0.003892        0.003108        0.0022232       0.0015568       0.0007784       0.000518        0.0003108       0.00015568      
          69 14.952          9.968           7.476           4.984           3.752           2.996           2.1392          1.498           0.9996          0.7504          0.4984          0.3752          0.2996          0.21392         0.1498          0.09996         0.07504         0.04984         0.03752         0.02996         0.021392        0.01498         0.009996        0.007504        0.004984        0.003752        0.002996        0.0021392       0.001498        0.0007504       0.0004984       0.0002996       0.0001498       
          70 14.392          9.604           7.196           4.816           3.612           2.884           2.0608          1.442           0.9632          0.7224          0.4816          0.3612          0.2884          0.20608         0.1442          0.09632         0.07224         0.04816         0.03612         0.02884         0.020608        0.01442         0.009632        0.007224        0.004816        0.003612        0.002884        0.0020608       0.001442        0.0007224       0.0004816       0.0002884       0.0001442       
          71 13.86           9.268           6.944           4.62            3.472           2.7804          1.9852          1.3916          0.9268          0.6944          0.4648          0.3472          0.27804         0.19852         0.13916         0.09268         0.06944         0.04648         0.03472         0.027804        0.019852        0.013916        0.009268        0.006944        0.004648        0.003472        0.0027804       0.0019852       0.0013916       0.0006944       0.0004648       0.00027804      0.00013916      
          72 13.384          8.932           6.692           4.48            3.36            2.6824          1.9152          1.3412          0.8932          0.6692          0.448           0.336           0.26824         0.19152         0.13412         0.08932         0.06692         0.0448          0.0336          0.026824        0.019152        0.013412        0.008932        0.006692        0.00448         0.00336         0.0026824       0.0019152       0.0013412       0.0006692       0.000448        0.00026824      0.00013412      
          73 12.908          8.624           6.468           4.312           3.22            2.5872          1.848           1.2936          0.8624          0.6468          0.4312          0.3248          0.25872         0.1848          0.12936         0.08624         0.06468         0.04312         0.03248         0.025872        0.01848         0.012936        0.008624        0.006468        0.004312        0.003248        0.0025872       0.001848        0.0012936       0.0006468       0.0004312       0.00025872      0.00012936      
          74 12.46           8.316           6.244           4.172           3.136           2.4976          1.7836          1.2488          0.8316          0.6244          0.4172          0.3136          0.24976         0.17836         0.12488         0.08316         0.06244         0.04172         0.03136         0.024976        0.017836        0.012488        0.008316        0.006244        0.004172        0.003136        0.0024976       0.0017836       0.0012488       0.0006244       0.0004172       0.00024976      0.00012488      
          75 12.04           8.036           6.02            4.032           3.024           2.4136          1.7248          1.2068          0.8036          0.6048          0.4032          0.3024          0.24136         0.17248         0.12068         0.08036         0.06048         0.04032         0.03024         0.024136        0.017248        0.012068        0.008036        0.006048        0.004032        0.003024        0.0024136       0.0017248       0.0012068       0.0006048       0.0004032       0.00024136      0.00012068      
          76 11.648          7.784           5.824           3.892           2.912           2.3324          1.666           1.1676          0.7784          0.5824          0.3892          0.2912          0.23324         0.1666          0.11676         0.07784         0.05824         0.03892         0.02912         0.023324        0.01666         0.011676        0.007784        0.005824        0.003892        0.002912        0.0023324       0.001666        0.0011676       0.0005824       0.0003892       0.00023324      0.00011676      
          77 11.256          7.504           5.628           3.752           2.828           2.2568          1.6128          1.1284          0.7532          0.5656          0.3752          0.2828          0.22568         0.16128         0.11284         0.07532         0.05656         0.03752         0.02828         0.022568        0.016128        0.011284        0.007532        0.005656        0.003752        0.002828        0.0022568       0.0016128       0.0011284       0.0005656       0.0003752       0.00022568      0.00011284      
          78 10.892          7.28            5.46            3.64            2.73            2.184           1.5596          1.092           0.728           0.546           0.364           0.273           0.2184          0.15596         0.1092          0.0728          0.0546          0.0364          0.0273          0.02184         0.015596        0.01092         0.00728         0.00546         0.00364         0.00273         0.002184        0.0015596       0.001092        0.000546        0.000364        0.0002184       0.0001092       
          79 10.556          7.056           5.292           3.528           2.6432          2.1168          1.512           1.0584          0.7056          0.5292          0.3528          0.2646          0.21168         0.1512          0.10584         0.07056         0.05292         0.03528         0.02646         0.021168        0.01512         0.010584        0.007056        0.005292        0.003528        0.002646        0.0021168       0.001512        0.0010584       0.0005292       0.0003528       0.00021168      0.00010584      
          80 10.22           6.832           5.124           3.416           2.562           2.0496          1.4644          1.0248          0.6832          0.5124          0.3416          0.2562          0.20496         0.14644         0.10248         0.06832         0.05124         0.03416         0.02562         0.020496        0.014644        0.010248        0.006832        0.005124        0.003416        0.002562        0.0020496       0.0014644       0.0010248       0.0005124       0.0003416       0.00020496      0.00010248      
          81 9.912           6.608           4.956           3.304           2.4836          1.988           1.4196          0.994           0.6636          0.4956          0.3304          0.24836         0.1988          0.14196         0.0994          0.06636         0.04956         0.03304         0.024836        0.01988         0.014196        0.00994         0.006636        0.004956        0.003304        0.0024836       0.001988        0.0014196       0.000994        0.0004956       0.0003304       0.0001988       0.0000994       
          82 9.632           6.412           4.816           3.22            2.4108          1.9292          1.3776          0.9632          0.644           0.4816          0.322           0.24108         0.19292         0.13776         0.09632         0.0644          0.04816         0.0322          0.024108        0.019292        0.013776        0.009632        0.00644         0.004816        0.00322         0.0024108       0.0019292       0.0013776       0.0009632       0.0004816       0.000322        0.00019292      0.00009632      
          83 9.352           6.244           4.676           3.108           2.338           1.8704          1.3356          0.9352          0.6244          0.4676          0.3108          0.23408         0.18704         0.13356         0.09352         0.06244         0.04676         0.03108         0.023408        0.018704        0.013356        0.009352        0.006244        0.004676        0.003108        0.0023408       0.0018704       0.0013356       0.0009352       0.0004676       0.0003108       0.00018704      0.00009352      
          84 9.072           6.048           4.536           3.024           2.2708          1.8172          1.2992          0.91            0.6048          0.4536          0.3024          0.22708         0.18172         0.12992         0.091           0.06048         0.04536         0.03024         0.022708        0.018172        0.012992        0.0091          0.006048        0.004536        0.003024        0.0022708       0.0018172       0.0012992       0.00091         0.0004536       0.0003024       0.00018172      0.000091        
          85 8.82            5.88            4.424           2.94            2.2064          1.7668          1.26            0.882           0.588           0.4424          0.294           0.22064         0.17668         0.12628         0.0882          0.0588          0.04424         0.0294          0.022064        0.017668        0.012628        0.00882         0.00588         0.004424        0.00294         0.0022064       0.0017668       0.0012628       0.000882        0.0004424       0.000294        0.00017668      0.0000882       
          86 8.568           5.712           4.284           2.856           2.1448          1.7164          1.2264          0.8596          0.5712          0.4284          0.2856          0.21448         0.17164         0.12264         0.08596         0.05712         0.04284         0.02856         0.021448        0.017164        0.012264        0.008596        0.005712        0.004284        0.002856        0.0021448       0.0017164       0.0012264       0.0008596       0.0004284       0.0002856       0.00017164      0.00008596      
          87 8.344           5.572           4.172           2.7832          2.086           1.6688          1.1928          0.8344          0.5572          0.4172          0.27832         0.2086          0.16688         0.11928         0.08344         0.05572         0.04172         0.027832        0.02086         0.016688        0.011928        0.008344        0.005572        0.004172        0.0027832       0.002086        0.0016688       0.0011928       0.0008344       0.0004172       0.00027832      0.00016688      0.00008344      
          88 8.12            5.404           4.06            2.7076          2.03            1.624           1.1592          0.812           0.5404          0.406           0.27076         0.203           0.1624          0.11592         0.0812          0.05404         0.0406          0.027076        0.0203          0.01624         0.011592        0.00812         0.005404        0.00406         0.0027076       0.00203         0.001624        0.0011592       0.000812        0.000406        0.00027076      0.0001624       0.0000812       
          89 7.896           5.264           3.948           2.6348          1.9768          1.582           1.1284          0.7896          0.5264          0.3948          0.26348         0.19768         0.1582          0.11284         0.07896         0.05264         0.03948         0.026348        0.019768        0.01582         0.011284        0.007896        0.005264        0.003948        0.0026348       0.0019768       0.001582        0.0011284       0.0007896       0.0003948       0.00026348      0.0001582       0.00007896      
          90 7.7             5.124           3.836           2.5676          1.9264          1.54            1.1004          0.77            0.5124          0.3864          0.25676         0.19264         0.154           0.11004         0.077           0.05124         0.03864         0.025676        0.019264        0.0154          0.011004        0.0077          0.005124        0.003864        0.0025676       0.0019264       0.00154         0.0011004       0.00077         0.0003864       0.00025676      0.000154        0.000077        
          91 7.504           5.012           3.752           2.5004          1.876           1.5008          1.0724          0.7504          0.5012          0.3752          0.25004         0.1876          0.15008         0.10724         0.07504         0.05012         0.03752         0.025004        0.01876         0.015008        0.010724        0.007504        0.005012        0.003752        0.0025004       0.001876        0.0015008       0.0010724       0.0007504       0.0003752       0.00025004      0.00015008      0.00007504      
          92 7.308           4.872           3.668           2.4388          1.8284          1.4616          1.0444          0.7308          0.4872          0.3668          0.24388         0.18284         0.14616         0.10444         0.07308         0.04872         0.03668         0.024388        0.018284        0.014616        0.010444        0.007308        0.004872        0.003668        0.0024388       0.0018284       0.0014616       0.0010444       0.0007308       0.0003668       0.00024388      0.00014616      0.00007308      
          93 7.112           4.76            3.556           2.3772          1.7836          1.428           1.0192          0.714           0.476           0.3556          0.23772         0.17836         0.1428          0.10192         0.0714          0.0476          0.03556         0.023772        0.017836        0.01428         0.010192        0.00714         0.00476         0.003556        0.0023772       0.0017836       0.001428        0.0010192       0.000714        0.0003556       0.00023772      0.0001428       0.0000714       
          94 6.944           4.648           3.472           2.3184          1.7388          1.3916          0.994           0.6972          0.4648          0.3472          0.23212         0.17388         0.13916         0.0994          0.06972         0.04648         0.03472         0.023212        0.017388        0.013916        0.00994         0.006972        0.004648        0.003472        0.0023212       0.0017388       0.0013916       0.000994        0.0006972       0.0003472       0.00023212      0.00013916      0.00006972      
          95 6.776           4.536           3.388           2.2652          1.6996          1.358           0.9716          0.6804          0.4536          0.3388          0.22652         0.16996         0.1358          0.09716         0.06804         0.04536         0.03388         0.022652        0.016996        0.01358         0.009716        0.006804        0.004536        0.003388        0.0022652       0.0016996       0.001358        0.0009716       0.0006804       0.0003388       0.00022652      0.0001358       0.00006804      
          96 6.636           4.424           3.304           2.212           1.6576          1.3272          0.9464          0.6636          0.4424          0.3304          0.2212          0.16576         0.13272         0.09464         0.06636         0.04424         0.03304         0.02212         0.016576        0.013272        0.009464        0.006636        0.004424        0.003304        0.002212        0.0016576       0.0013272       0.0009464       0.0006636       0.0003304       0.0002212       0.00013272      0.00006636      
          97 6.468           4.312           3.248           2.1588          1.6212          1.2964          0.9268          0.6468          0.4312          0.3248          0.21616         0.16212         0.12964         0.09268         0.06468         0.04312         0.03248         0.021616        0.016212        0.012964        0.009268        0.006468        0.004312        0.003248        0.0021616       0.0016212       0.0012964       0.0009268       0.0006468       0.0003248       0.00021616      0.00012964      0.00006468      
          98 6.328           4.228           3.164           2.1112          1.582           1.2656          0.9044          0.6328          0.4228          0.3164          0.21112         0.15848         0.12656         0.09044         0.06328         0.04228         0.03164         0.021112        0.015848        0.012656        0.009044        0.006328        0.004228        0.003164        0.0021112       0.0015848       0.0012656       0.0009044       0.0006328       0.0003164       0.00021112      0.00012656      0.00006328      
          99 6.188           4.116           3.108           2.0636          1.5484          1.2376          0.8848          0.6188          0.4116          0.3108          0.20636         0.15484         0.12376         0.08848         0.06188         0.04116         0.03108         0.020636        0.015484        0.012376        0.008848        0.006188        0.004116        0.003108        0.0020636       0.0015484       0.0012376       0.0008848       0.0006188       0.0003108       0.00020636      0.00012376      0.00006188      
         100 6.048           4.032           3.024           2.0188          1.5148          1.2124          0.8652          0.6048          0.4032          0.3024          0.20188         0.15148         0.12124         0.08652         0.06048         0.04032         0.03024         0.020188        0.015148        0.012124        0.008652        0.006048        0.004032        0.003024        0.0020188       0.0015148       0.0012124       0.0008652       0.0006048       0.0003024       0.00020188      0.00012124      0.00006048      
         101 5.908           3.948           2.968           1.974           1.4812          1.1844          0.8456          0.5936          0.3948          0.2968          0.19768         0.14812         0.11844         0.08456         0.05936         0.03948         0.02968         0.019768        0.014812        0.011844        0.008456        0.005936        0.003948        0.002968        0.0019768       0.0014812       0.0011844       0.0008456       0.0005936       0.0002968       0.00019768      0.00011844      0.00005936      
         102 5.796           3.864           2.912           1.932           1.4504          1.1592          0.8288          0.5796          0.3864          0.2912          0.19348         0.14504         0.11592         0.08288         0.05796         0.03864         0.02912         0.019348        0.014504        0.011592        0.008288        0.005796        0.003864        0.002912        0.0019348       0.0014504       0.0011592       0.0008288       0.0005796       0.0002912       0.00019348      0.00011592      0.00005796      
         103 5.684           3.78            2.828           1.8928          1.4196          1.1368          0.812           0.5684          0.378           0.2828          0.18928         0.14196         0.11368         0.0812          0.05684         0.0378          0.02828         0.018928        0.014196        0.011368        0.00812         0.005684        0.00378         0.002828        0.0018928       0.0014196       0.0011368       0.000812        0.0005684       0.0002828       0.00018928      0.00011368      0.00005684      
         104 5.544           3.696           2.7804          1.8536          1.3916          1.1116          0.7952          0.5572          0.3696          0.27832         0.18536         0.13916         0.11116         0.07952         0.05572         0.03696         0.027832        0.018536        0.013916        0.011116        0.007952        0.005572        0.003696        0.0027832       0.0018536       0.0013916       0.0011116       0.0007952       0.0005572       0.00027832      0.00018536      0.00011116      0.00005572      
         105 5.432           3.64            2.7244          1.8172          1.3636          1.0892          0.7784          0.546           0.364           0.27272         0.18172         0.13636         0.10892         0.07784         0.0546          0.0364          0.027272        0.018172        0.013636        0.010892        0.007784        0.00546         0.00364         0.0027272       0.0018172       0.0013636       0.0010892       0.0007784       0.000546        0.00027272      0.00018172      0.00010892      0.0000546       
         106 5.348           3.556           2.6712          1.7808          1.3356          1.0696          0.7644          0.5348          0.3556          0.26712         0.17808         0.13356         0.10696         0.07644         0.05348         0.03556         0.026712        0.017808        0.013356        0.010696        0.007644        0.005348        0.003556        0.0026712       0.0017808       0.0013356       0.0010696       0.0007644       0.0005348       0.00026712      0.00017808      0.00010696      0.00005348      
         107 5.236           3.5             2.6208          1.7472          1.3104          1.0472          0.7476          0.5236          0.35            0.26208         0.17472         0.13104         0.10472         0.07476         0.05236         0.035           0.026208        0.017472        0.013104        0.010472        0.007476        0.005236        0.0035          0.0026208       0.0017472       0.0013104       0.0010472       0.0007476       0.0005236       0.00026208      0.00017472      0.00010472      0.00005236      
         108 5.124           3.416           2.5704          1.7136          1.2852          1.0276          0.7336          0.5152          0.3416          0.25704         0.17136         0.12852         0.10276         0.07336         0.05152         0.03416         0.025704        0.017136        0.012852        0.010276        0.007336        0.005152        0.003416        0.0025704       0.0017136       0.0012852       0.0010276       0.0007336       0.0005152       0.00025704      0.00017136      0.00010276      0.00005152      
         109 5.04            3.36            2.5228          1.6828          1.2628          1.008           0.7196          0.504           0.336           0.25228         0.16828         0.12628         0.1008          0.07196         0.0504          0.0336          0.025228        0.016828        0.012628        0.01008         0.007196        0.00504         0.00336         0.0025228       0.0016828       0.0012628       0.001008        0.0007196       0.000504        0.00025228      0.00016828      0.0001008       0.0000504       
         110 4.956           3.304           2.4752          1.652           1.2376          0.9912          0.7084          0.4956          0.3304          0.2478          0.1652          0.12376         0.09912         0.07084         0.04956         0.03304         0.02478         0.01652         0.012376        0.009912        0.007084        0.004956        0.003304        0.002478        0.001652        0.0012376       0.0009912       0.0007084       0.0004956       0.0002478       0.0001652       0.00009912      0.00004956      
         111 4.872           3.248           2.4304          1.6212          1.2152          0.9716          0.6944          0.4872          0.3248          0.24332         0.16212         0.12152         0.09716         0.06944         0.04872         0.03248         0.024332        0.016212        0.012152        0.009716        0.006944        0.004872        0.003248        0.0024332       0.0016212       0.0012152       0.0009716       0.0006944       0.0004872       0.00024332      0.00016212      0.00009716      0.00004872      
         112 4.76            3.192           2.3884          1.5932          1.1956          0.9548          0.6832          0.4788          0.3192          0.23884         0.15932         0.11956         0.09548         0.06832         0.04788         0.03192         0.023884        0.015932        0.011956        0.009548        0.006832        0.004788        0.003192        0.0023884       0.0015932       0.0011956       0.0009548       0.0006832       0.0004788       0.00023884      0.00015932      0.00009548      0.00004788      
         113 4.704           3.136           2.3464          1.5652          1.1732          0.938           0.672           0.4704          0.3136          0.23464         0.15652         0.11732         0.0938          0.0672          0.04704         0.03136         0.023464        0.015652        0.011732        0.00938         0.00672         0.004704        0.003136        0.0023464       0.0015652       0.0011732       0.000938        0.000672        0.0004704       0.00023464      0.00015652      0.0000938       0.00004704      
         114 4.62            3.08            2.3072          1.5372          1.1536          0.924           0.658           0.462           0.308           0.23072         0.15372         0.11536         0.0924          0.0658          0.0462          0.0308          0.023072        0.015372        0.011536        0.00924         0.00658         0.00462         0.00308         0.0023072       0.0015372       0.0011536       0.000924        0.000658        0.000462        0.00023072      0.00015372      0.0000924       0.0000462       
         115 4.536           3.024           2.268           1.512           1.134           0.9072          0.6496          0.4536          0.3024          0.2268          0.1512          0.1134          0.09072         0.06496         0.04536         0.03024         0.02268         0.01512         0.01134         0.009072        0.006496        0.004536        0.003024        0.002268        0.001512        0.001134        0.0009072       0.0006496       0.0004536       0.0002268       0.0001512       0.00009072      0.00004536      
         116 4.452           2.968           2.2316          1.4868          1.1172          0.8932          0.6384          0.4452          0.2968          0.22316         0.14868         0.11172         0.08932         0.06384         0.04452         0.02968         0.022316        0.014868        0.011172        0.008932        0.006384        0.004452        0.002968        0.0022316       0.0014868       0.0011172       0.0008932       0.0006384       0.0004452       0.00022316      0.00014868      0.00008932      0.00004452      
         117 4.396           2.94            2.1952          1.4644          1.0976          0.8792          0.6272          0.4396          0.294           0.21952         0.14644         0.10976         0.08792         0.06272         0.04396         0.0294          0.021952        0.014644        0.010976        0.008792        0.006272        0.004396        0.00294         0.0021952       0.0014644       0.0010976       0.0008792       0.0006272       0.0004396       0.00021952      0.00014644      0.00008792      0.00004396      
         118 4.312           2.884           2.1616          1.442           1.0808          0.8652          0.6188          0.4312          0.2884          0.21616         0.1442          0.10808         0.08652         0.06188         0.04312         0.02884         0.021616        0.01442         0.010808        0.008652        0.006188        0.004312        0.002884        0.0021616       0.001442        0.0010808       0.0008652       0.0006188       0.0004312       0.00021616      0.0001442       0.00008652      0.00004312      
         119 4.256           2.828           2.128           1.4196          1.064           0.8512          0.6076          0.4256          0.2828          0.2128          0.14196         0.1064          0.08512         0.06076         0.04256         0.02828         0.02128         0.014196        0.01064         0.008512        0.006076        0.004256        0.002828        0.002128        0.0014196       0.001064        0.0008512       0.0006076       0.0004256       0.0002128       0.00014196      0.00008512      0.00004256      
         120 4.2             2.7944          2.0944          1.3972          1.0472          0.8372          0.5992          0.42            0.27944         0.20972         0.13972         0.10472         0.08372         0.05992         0.042           0.027944        0.020972        0.013972        0.010472        0.008372        0.005992        0.0042          0.0027944       0.0020972       0.0013972       0.0010472       0.0008372       0.0005992       0.00042         0.00020972      0.00013972      0.00008372      0.000042        
         121 4.116           2.7524          2.0636          1.3776          1.0332          0.826           0.5908          0.4116          0.27524         0.20636         0.13776         0.10332         0.0826          0.05908         0.04116         0.027524        0.020636        0.013776        0.010332        0.00826         0.005908        0.004116        0.0027524       0.0020636       0.0013776       0.0010332       0.000826        0.0005908       0.0004116       0.00020636      0.00013776      0.0000826       0.00004116      
         122 4.06            2.7104          2.0356          1.3552          1.0164          0.8148          0.5824          0.406           0.27132         0.20356         0.13552         0.10164         0.08148         0.05824         0.0406          0.027132        0.020356        0.013552        0.010164        0.008148        0.005824        0.00406         0.0027132       0.0020356       0.0013552       0.0010164       0.0008148       0.0005824       0.000406        0.00020356      0.00013552      0.00008148      0.0000406       
         123 4.004           2.674           2.0048          1.3384          1.0024          0.8036          0.574           0.4004          0.2674          0.20048         0.13384         0.10024         0.08036         0.0574          0.04004         0.02674         0.020048        0.013384        0.010024        0.008036        0.00574         0.004004        0.002674        0.0020048       0.0013384       0.0010024       0.0008036       0.000574        0.0004004       0.00020048      0.00013384      0.00008036      0.00004004      
         124 3.948           2.6348          1.9768          1.3188          0.9884          0.7924          0.5656          0.3948          0.26376         0.19768         0.13188         0.09884         0.07924         0.05656         0.03948         0.026376        0.019768        0.013188        0.009884        0.007924        0.005656        0.003948        0.0026376       0.0019768       0.0013188       0.0009884       0.0007924       0.0005656       0.0003948       0.00019768      0.00013188      0.00007924      0.00003948      
         125 3.892           2.5984          1.9488          1.2992          0.9744          0.7812          0.5572          0.3892          0.26012         0.19516         0.12992         0.09744         0.07812         0.05572         0.03892         0.026012        0.019516        0.012992        0.009744        0.007812        0.005572        0.003892        0.0026012       0.0019516       0.0012992       0.0009744       0.0007812       0.0005572       0.0003892       0.00019516      0.00012992      0.00007812      0.00003892      
         126 3.836           2.5648          1.9236          1.2824          0.9632          0.77            0.5488          0.3836          0.25648         0.19236         0.12824         0.09632         0.077           0.05488         0.03836         0.025648        0.019236        0.012824        0.009632        0.0077          0.005488        0.003836        0.0025648       0.0019236       0.0012824       0.0009632       0.00077         0.0005488       0.0003836       0.00019236      0.00012824      0.000077        0.00003836      
         127 3.808           2.5312          1.8984          1.2656          0.9492          0.7588          0.5432          0.3808          0.25312         0.18984         0.12656         0.09492         0.07588         0.05432         0.03808         0.025312        0.018984        0.012656        0.009492        0.007588        0.005432        0.003808        0.0025312       0.0018984       0.0012656       0.0009492       0.0007588       0.0005432       0.0003808       0.00018984      0.00012656      0.00007588      0.00003808      
         128 3.752           2.4976          1.8732          1.2488          0.938           0.7504          0.5348          0.3752          0.25004         0.1876          0.12488         0.0938          0.07504         0.05348         0.03752         0.025004        0.01876         0.012488        0.00938         0.007504        0.005348        0.003752        0.0025004       0.001876        0.0012488       0.000938        0.0007504       0.0005348       0.0003752       0.0001876       0.00012488      0.00007504      0.00003752      
         129 3.696           2.4668          1.8508          1.2348          0.9268          0.7392          0.5292          0.3696          0.24696         0.18508         0.12348         0.09268         0.07392         0.05292         0.03696         0.024696        0.018508        0.012348        0.009268        0.007392        0.005292        0.003696        0.0024696       0.0018508       0.0012348       0.0009268       0.0007392       0.0005292       0.0003696       0.00018508      0.00012348      0.00007392      0.00003696      
         130 3.64            2.436           1.8284          1.218           0.9156          0.7308          0.5236          0.3668          0.24388         0.18284         0.1218          0.09156         0.07308         0.05236         0.03668         0.024388        0.018284        0.01218         0.009156        0.007308        0.005236        0.003668        0.0024388       0.0018284       0.001218        0.0009156       0.0007308       0.0005236       0.0003668       0.00018284      0.0001218       0.00007308      0.00003668      
         131 3.612           2.408           1.806           1.204           0.9044          0.7224          0.5152          0.3612          0.2408          0.1806          0.1204          0.09044         0.07224         0.05152         0.03612         0.02408         0.01806         0.01204         0.009044        0.007224        0.005152        0.003612        0.002408        0.001806        0.001204        0.0009044       0.0007224       0.0005152       0.0003612       0.0001806       0.0001204       0.00007224      0.00003612      
         132 3.556           2.38            1.7864          1.19            0.8932          0.714           0.5096          0.3584          0.238           0.17864         0.119           0.08932         0.0714          0.05096         0.03584         0.0238          0.017864        0.0119          0.008932        0.00714         0.005096        0.003584        0.00238         0.0017864       0.00119         0.0008932       0.000714        0.0005096       0.0003584       0.00017864      0.000119        0.0000714       0.00003584      
         133 3.528           2.352           1.764           1.176           0.882           0.7056          0.504           0.3528          0.23548         0.1764          0.1176          0.0882          0.07056         0.0504          0.03528         0.023548        0.01764         0.01176         0.00882         0.007056        0.00504         0.003528        0.0023548       0.001764        0.001176        0.000882        0.0007056       0.000504        0.0003528       0.0001764       0.0001176       0.00007056      0.00003528      
         134 3.5             2.3268          1.7444          1.1648          0.8736          0.6972          0.4984          0.35            0.23268         0.17444         0.11648         0.08736         0.06972         0.04984         0.035           0.023268        0.017444        0.011648        0.008736        0.006972        0.004984        0.0035          0.0023268       0.0017444       0.0011648       0.0008736       0.0006972       0.0004984       0.00035         0.00017444      0.00011648      0.00006972      0.000035        
         135 3.444           2.3016          1.7248          1.1508          0.8624          0.6916          0.4928          0.3444          0.23016         0.17276         0.11508         0.08624         0.06916         0.04928         0.03444         0.023016        0.017276        0.011508        0.008624        0.006916        0.004928        0.003444        0.0023016       0.0017276       0.0011508       0.0008624       0.0006916       0.0004928       0.0003444       0.00017276      0.00011508      0.00006916      0.00003444      
         136 3.416           2.2764          1.708           1.1396          0.854           0.6832          0.4872          0.3416          0.22764         0.1708          0.11396         0.0854          0.06832         0.04872         0.03416         0.022764        0.01708         0.011396        0.00854         0.006832        0.004872        0.003416        0.0022764       0.001708        0.0011396       0.000854        0.0006832       0.0004872       0.0003416       0.0001708       0.00011396      0.00006832      0.00003416      
         137 3.388           2.254           1.6912          1.1256          0.8456          0.6748          0.4816          0.3388          0.2254          0.16912         0.11256         0.08456         0.06748         0.04816         0.03388         0.02254         0.016912        0.011256        0.008456        0.006748        0.004816        0.003388        0.002254        0.0016912       0.0011256       0.0008456       0.0006748       0.0004816       0.0003388       0.00016912      0.00011256      0.00006748      0.00003388      
         138 3.332           2.2288          1.6716          1.1144          0.8372          0.6692          0.4788          0.336           0.22316         0.16744         0.11144         0.08372         0.06692         0.04788         0.0336          0.022316        0.016744        0.011144        0.008372        0.006692        0.004788        0.00336         0.0022316       0.0016744       0.0011144       0.0008372       0.0006692       0.0004788       0.000336        0.00016744      0.00011144      0.00006692      0.0000336       
         139 3.304           2.2092          1.6548          1.1032          0.8288          0.6636          0.4732          0.3304          0.22092         0.16576         0.11032         0.08288         0.06636         0.04732         0.03304         0.022092        0.016576        0.011032        0.008288        0.006636        0.004732        0.003304        0.0022092       0.0016576       0.0011032       0.0008288       0.0006636       0.0004732       0.0003304       0.00016576      0.00011032      0.00006636      0.00003304      
         140 3.276           2.1868          1.6408          1.0948          0.8204          0.6552          0.4676          0.3276          0.21868         0.16408         0.10948         0.08204         0.06552         0.04676         0.03276         0.021868        0.016408        0.010948        0.008204        0.006552        0.004676        0.003276        0.0021868       0.0016408       0.0010948       0.0008204       0.0006552       0.0004676       0.0003276       0.00016408      0.00010948      0.00006552      0.00003276      
         141 3.248           2.1672          1.624           1.0836          0.812           0.6496          0.4648          0.3248          0.21672         0.1624          0.10836         0.0812          0.06496         0.04648         0.03248         0.021672        0.01624         0.010836        0.00812         0.006496        0.004648        0.003248        0.0021672       0.001624        0.0010836       0.000812        0.0006496       0.0004648       0.0003248       0.0001624       0.00010836      0.00006496      0.00003248      
         142 3.22            2.1476          1.61            1.0724          0.8064          0.644           0.4592          0.322           0.21476         0.161           0.10724         0.08064         0.0644          0.04592         0.0322          0.021476        0.0161          0.010724        0.008064        0.00644         0.004592        0.00322         0.0021476       0.00161         0.0010724       0.0008064       0.000644        0.0004592       0.000322        0.000161        0.00010724      0.0000644       0.0000322       
         143 3.192           2.128           1.596           1.064           0.798           0.6384          0.4564          0.3192          0.2128          0.1596          0.1064          0.0798          0.06384         0.04564         0.03192         0.02128         0.01596         0.01064         0.00798         0.006384        0.004564        0.003192        0.002128        0.001596        0.001064        0.000798        0.0006384       0.0004564       0.0003192       0.0001596       0.0001064       0.00006384      0.00003192      
         144 3.164           2.1084          1.582           1.0556          0.7924          0.6328          0.4508          0.3164          0.21112         0.1582          0.10556         0.07924         0.06328         0.04508         0.03164         0.021112        0.01582         0.010556        0.007924        0.006328        0.004508        0.003164        0.0021112       0.001582        0.0010556       0.0007924       0.0006328       0.0004508       0.0003164       0.0001582       0.00010556      0.00006328      0.00003164      
         145 3.136           2.0916          1.568           1.0472          0.784           0.6272          0.448           0.3136          0.20916         0.1568          0.10472         0.0784          0.06272         0.0448          0.03136         0.020916        0.01568         0.010472        0.00784         0.006272        0.00448         0.003136        0.0020916       0.001568        0.0010472       0.000784        0.0006272       0.000448        0.0003136       0.0001568       0.00010472      0.00006272      0.00003136      
         146 3.108           2.0748          1.5568          1.0388          0.7784          0.6216          0.4452          0.3108          0.20748         0.15568         0.10388         0.07784         0.06216         0.04452         0.03108         0.020748        0.015568        0.010388        0.007784        0.006216        0.004452        0.003108        0.0020748       0.0015568       0.0010388       0.0007784       0.0006216       0.0004452       0.0003108       0.00015568      0.00010388      0.00006216      0.00003108      
         147 3.08            2.058           1.5428          1.0304          0.7728          0.6188          0.4424          0.308           0.2058          0.15456         0.10304         0.07728         0.06188         0.04424         0.0308          0.02058         0.015456        0.010304        0.007728        0.006188        0.004424        0.00308         0.002058        0.0015456       0.0010304       0.0007728       0.0006188       0.0004424       0.000308        0.00015456      0.00010304      0.00006188      0.0000308       
         148 3.052           2.044           1.5316          1.022           0.7672          0.6132          0.4368          0.3052          0.2044          0.15316         0.1022          0.07672         0.06132         0.04368         0.03052         0.02044         0.015316        0.01022         0.007672        0.006132        0.004368        0.003052        0.002044        0.0015316       0.001022        0.0007672       0.0006132       0.0004368       0.0003052       0.00015316      0.0001022       0.00006132      0.00003052      
         149 3.052           2.0272          1.5204          1.0136          0.7616          0.6076          0.434           0.3052          0.20272         0.15204         0.10136         0.07616         0.06076         0.0434          0.03052         0.020272        0.015204        0.010136        0.007616        0.006076        0.00434         0.003052        0.0020272       0.0015204       0.0010136       0.0007616       0.0006076       0.000434        0.0003052       0.00015204      0.00010136      0.00006076      0.00003052      
         150 3.024           2.0132          1.5092          1.008           0.756           0.6048          0.4312          0.3024          0.20132         0.15092         0.1008          0.0756          0.06048         0.04312         0.03024         0.020132        0.015092        0.01008         0.00756         0.006048        0.004312        0.003024        0.0020132       0.0015092       0.001008        0.000756        0.0006048       0.0004312       0.0003024       0.00015092      0.0001008       0.00006048      0.00003024      
         151 2.996           1.9992          1.5008          0.9996          0.7504          0.5992          0.4284          0.2996          0.19992         0.15008         0.09996         0.07504         0.05992         0.04284         0.02996         0.019992        0.015008        0.009996        0.007504        0.005992        0.004284        0.002996        0.0019992       0.0015008       0.0009996       0.0007504       0.0005992       0.0004284       0.0002996       0.00015008      0.00009996      0.00005992      0.00002996      
         152 2.968           1.9852          1.4896          0.994           0.7448          0.5964          0.4256          0.2968          0.1988          0.14896         0.0994          0.07448         0.05964         0.04256         0.02968         0.01988         0.014896        0.00994         0.007448        0.005964        0.004256        0.002968        0.001988        0.0014896       0.000994        0.0007448       0.0005964       0.0004256       0.0002968       0.00014896      0.0000994       0.00005964      0.00002968      
         153 2.968           1.974           1.4812          0.9884          0.7392          0.5936          0.4228          0.2968          0.1974          0.14812         0.09884         0.07392         0.05936         0.04228         0.02968         0.01974         0.014812        0.009884        0.007392        0.005936        0.004228        0.002968        0.001974        0.0014812       0.0009884       0.0007392       0.0005936       0.0004228       0.0002968       0.00014812      0.00009884      0.00005936      0.00002968      
         154 2.94            1.9628          1.47            0.98            0.7364          0.588           0.42            0.294           0.19628         0.14728         0.098           0.07364         0.0588          0.042           0.0294          0.019628        0.014728        0.0098          0.007364        0.00588         0.0042          0.00294         0.0019628       0.0014728       0.00098         0.0007364       0.000588        0.00042         0.000294        0.00014728      0.000098        0.0000588       0.0000294       
         155 2.912           1.9488          1.4616          0.9744          0.7308          0.5852          0.4172          0.2912          0.19516         0.14616         0.09744         0.07308         0.05852         0.04172         0.02912         0.019516        0.014616        0.009744        0.007308        0.005852        0.004172        0.002912        0.0019516       0.0014616       0.0009744       0.0007308       0.0005852       0.0004172       0.0002912       0.00014616      0.00009744      0.00005852      0.00002912      
         156 2.912           1.9376          1.4532          0.9688          0.728           0.5824          0.4144          0.2912          0.19404         0.1456          0.09688         0.0728          0.05824         0.04144         0.02912         0.019404        0.01456         0.009688        0.00728         0.005824        0.004144        0.002912        0.0019404       0.001456        0.0009688       0.000728        0.0005824       0.0004144       0.0002912       0.0001456       0.00009688      0.00005824      0.00002912      
         157 2.884           1.9292          1.4476          0.9632          0.7224          0.5796          0.4144          0.2884          0.19292         0.14476         0.09632         0.07224         0.05796         0.04144         0.02884         0.019292        0.014476        0.009632        0.007224        0.005796        0.004144        0.002884        0.0019292       0.0014476       0.0009632       0.0007224       0.0005796       0.0004144       0.0002884       0.00014476      0.00009632      0.00005796      0.00002884      
         158 2.884           1.918           1.4392          0.9604          0.7196          0.5768          0.4116          0.2884          0.1918          0.14392         0.09604         0.07196         0.05768         0.04116         0.02884         0.01918         0.014392        0.009604        0.007196        0.005768        0.004116        0.002884        0.001918        0.0014392       0.0009604       0.0007196       0.0005768       0.0004116       0.0002884       0.00014392      0.00009604      0.00005768      0.00002884      
         159 2.856           1.9096          1.4308          0.9548          0.7168          0.574           0.4088          0.2856          0.19096         0.14308         0.09548         0.07168         0.0574          0.04088         0.02856         0.019096        0.014308        0.009548        0.007168        0.00574         0.004088        0.002856        0.0019096       0.0014308       0.0009548       0.0007168       0.000574        0.0004088       0.0002856       0.00014308      0.00009548      0.0000574       0.00002856      
         160 2.856           1.8984          1.4252          0.9492          0.714           0.5712          0.406           0.2856          0.19012         0.14252         0.09492         0.0714          0.05712         0.0406          0.02856         0.019012        0.014252        0.009492        0.00714         0.005712        0.00406         0.002856        0.0019012       0.0014252       0.0009492       0.000714        0.0005712       0.000406        0.0002856       0.00014252      0.00009492      0.00005712      0.00002856      
         161 2.828           1.89            1.4196          0.9464          0.7084          0.5684          0.406           0.2828          0.18928         0.14196         0.09464         0.07084         0.05684         0.0406          0.02828         0.018928        0.014196        0.009464        0.007084        0.005684        0.00406         0.002828        0.0018928       0.0014196       0.0009464       0.0007084       0.0005684       0.000406        0.0002828       0.00014196      0.00009464      0.00005684      0.00002828      
         162 2.828           1.8844          1.414           0.9408          0.7056          0.5656          0.4032          0.2828          0.18844         0.1414          0.09408         0.07056         0.05656         0.04032         0.02828         0.018844        0.01414         0.009408        0.007056        0.005656        0.004032        0.002828        0.0018844       0.001414        0.0009408       0.0007056       0.0005656       0.0004032       0.0002828       0.0001414       0.00009408      0.00005656      0.00002828      
         163 2.8             1.876           1.4056          0.938           0.7028          0.5628          0.4032          0.2828          0.1876          0.14084         0.0938          0.07028         0.05628         0.04032         0.02828         0.01876         0.014084        0.00938         0.007028        0.005628        0.004032        0.002828        0.001876        0.0014084       0.000938        0.0007028       0.0005628       0.0004032       0.0002828       0.00014084      0.0000938       0.00005628      0.00002828      
         164 2.8             1.8676          1.4028          0.9352          0.7             0.56            0.4004          0.28            0.18704         0.14028         0.09352         0.07            0.056           0.04004         0.028           0.018704        0.014028        0.009352        0.007           0.0056          0.004004        0.0028          0.0018704       0.0014028       0.0009352       0.0007          0.00056         0.0004004       0.00028         0.00014028      0.00009352      0.000056        0.000028        
         165 2.7916          1.862           1.3972          0.9324          0.6972          0.56            0.4004          0.27944         0.1862          0.13972         0.09324         0.06972         0.056           0.04004         0.027944        0.01862         0.013972        0.009324        0.006972        0.0056          0.004004        0.0027944       0.001862        0.0013972       0.0009324       0.0006972       0.00056         0.0004004       0.00027944      0.00013972      0.00009324      0.000056        0.000027944     
         166 2.7832          1.8564          1.3916          0.9268          0.6972          0.5572          0.3976          0.27832         0.18564         0.13916         0.09268         0.06972         0.05572         0.03976         0.027832        0.018564        0.013916        0.009268        0.006972        0.005572        0.003976        0.0027832       0.0018564       0.0013916       0.0009268       0.0006972       0.0005572       0.0003976       0.00027832      0.00013916      0.00009268      0.00005572      0.000027832     
         167 2.7748          1.8508          1.3888          0.924           0.6944          0.5544          0.3976          0.27748         0.18508         0.13888         0.0924          0.06944         0.05544         0.03976         0.027748        0.018508        0.013888        0.00924         0.006944        0.005544        0.003976        0.0027748       0.0018508       0.0013888       0.000924        0.0006944       0.0005544       0.0003976       0.00027748      0.00013888      0.0000924       0.00005544      0.000027748     
         168 2.7664          1.8452          1.3832          0.9212          0.6916          0.5544          0.3948          0.27692         0.18452         0.13832         0.0924          0.06916         0.05544         0.03948         0.027692        0.018452        0.013832        0.00924         0.006916        0.005544        0.003948        0.0027692       0.0018452       0.0013832       0.000924        0.0006916       0.0005544       0.0003948       0.00027692      0.00013832      0.0000924       0.00005544      0.000027692     
         169 2.758           1.8396          1.3804          0.9212          0.6888          0.5516          0.3948          0.27608         0.18396         0.13804         0.09212         0.06888         0.05516         0.03948         0.027608        0.018396        0.013804        0.009212        0.006888        0.005516        0.003948        0.0027608       0.0018396       0.0013804       0.0009212       0.0006888       0.0005516       0.0003948       0.00027608      0.00013804      0.00009212      0.00005516      0.000027608     
         170 2.7524          1.834           1.3776          0.9184          0.6888          0.5516          0.3948          0.27552         0.18368         0.13776         0.09184         0.06888         0.05516         0.03948         0.027552        0.018368        0.013776        0.009184        0.006888        0.005516        0.003948        0.0027552       0.0018368       0.0013776       0.0009184       0.0006888       0.0005516       0.0003948       0.00027552      0.00013776      0.00009184      0.00005516      0.000027552     
         171 2.7468          1.8312          1.3748          0.9156          0.686           0.5488          0.392           0.27468         0.18312         0.13748         0.09156         0.0686          0.05488         0.0392          0.027468        0.018312        0.013748        0.009156        0.00686         0.005488        0.00392         0.0027468       0.0018312       0.0013748       0.0009156       0.000686        0.0005488       0.000392        0.00027468      0.00013748      0.00009156      0.00005488      0.000027468     
         172 2.7412          1.8284          1.372           0.9128          0.686           0.5488          0.392           0.2744          0.18284         0.1372          0.09156         0.0686          0.05488         0.0392          0.02744         0.018284        0.01372         0.009156        0.00686         0.005488        0.00392         0.002744        0.0018284       0.001372        0.0009156       0.000686        0.0005488       0.000392        0.0002744       0.0001372       0.00009156      0.00005488      0.00002744      
         173 2.7356          1.8256          1.3692          0.9128          0.6832          0.5488          0.392           0.27384         0.18256         0.13692         0.09128         0.06832         0.05488         0.0392          0.027384        0.018256        0.013692        0.009128        0.006832        0.005488        0.00392         0.0027384       0.0018256       0.0013692       0.0009128       0.0006832       0.0005488       0.000392        0.00027384      0.00013692      0.00009128      0.00005488      0.000027384     
         174 2.7328          1.8228          1.3664          0.91            0.6832          0.546           0.3892          0.27328         0.18228         0.13664         0.091           0.06832         0.0546          0.03892         0.027328        0.018228        0.013664        0.0091          0.006832        0.00546         0.003892        0.0027328       0.0018228       0.0013664       0.00091         0.0006832       0.000546        0.0003892       0.00027328      0.00013664      0.000091        0.0000546       0.000027328     
         175 2.7272          1.82            1.3636          0.91            0.6832          0.546           0.3892          0.273           0.182           0.13664         0.091           0.06832         0.0546          0.03892         0.0273          0.0182          0.013664        0.0091          0.006832        0.00546         0.003892        0.00273         0.00182         0.0013664       0.00091         0.0006832       0.000546        0.0003892       0.000273        0.00013664      0.000091        0.0000546       0.0000273       
         176 2.7244          1.8172          1.3636          0.91            0.6832          0.546           0.3892          0.27272         0.18172         0.13636         0.091           0.06832         0.0546          0.03892         0.027272        0.018172        0.013636        0.0091          0.006832        0.00546         0.003892        0.0027272       0.0018172       0.0013636       0.00091         0.0006832       0.000546        0.0003892       0.00027272      0.00013636      0.000091        0.0000546       0.000027272     
         177 2.7244          1.8172          1.3636          0.9072          0.6804          0.546           0.3892          0.27244         0.18172         0.13636         0.09072         0.06804         0.0546          0.03892         0.027244        0.018172        0.013636        0.009072        0.006804        0.00546         0.003892        0.0027244       0.0018172       0.0013636       0.0009072       0.0006804       0.000546        0.0003892       0.00027244      0.00013636      0.00009072      0.0000546       0.000027244     
         178 2.7216          1.8144          1.3608          0.9072          0.6804          0.546           0.3892          0.27244         0.18172         0.13608         0.09072         0.06804         0.0546          0.03892         0.027244        0.018172        0.013608        0.009072        0.006804        0.00546         0.003892        0.0027244       0.0018172       0.0013608       0.0009072       0.0006804       0.000546        0.0003892       0.00027244      0.00013608      0.00009072      0.0000546       0.000027244     
         179 2.7216          1.8144          1.3608          0.9072          0.6804          0.5432          0.3892          0.27244         0.18144         0.13608         0.09072         0.06804         0.0546          0.03892         0.027244        0.018144        0.013608        0.009072        0.006804        0.00546         0.003892        0.0027244       0.0018144       0.0013608       0.0009072       0.0006804       0.000546        0.0003892       0.00027244      0.00013608      0.00009072      0.0000546       0.000027244     
         180 2.7216          1.8144          1.3608          0.9072          0.6804          0.5432          0.3892          0.27216         0.18144         0.13608         0.09072         0.06804         0.05432         0.03892         0.027216        0.018144        0.013608        0.009072        0.006804        0.005432        0.003892        0.0027216       0.0018144       0.0013608       0.0009072       0.0006804       0.0005432       0.0003892       0.00027216      0.00013608      0.00009072      0.00005432      0.000027216     
