# 1
# 1e9
# 1
# 360.
# 3377
12.58	0
12.61	2.67029015499975
12.64	10.6811597199999
12.66	16.0217394299998
12.69	24.0326089949999
12.71	29.3731887050003
12.74	37.38405827
12.77	45.3949278349996
12.79	50.7355075449996
12.82	58.7463771100001
12.84	64.0869568199996
12.87	72.0978263849997
12.9	80.1086959499999
12.92	85.4492756599998
12.95	93.4601452249995
12.97	98.8007249349998
13	106.8115945
13.02	112.15217421
13.05	120.163043775
13.08	128.17391334
13.1	133.51449305
13.13	141.525362615
13.15	146.865942325
13.18	154.87681189
13.21	162.887681455
13.23	168.228261165
13.26	176.23913073
13.28	181.57971044
13.31	189.590580005
13.34	197.60144957
13.36	202.94202928
13.39	210.952898845
13.41	216.293478555
13.44	224.30434812
13.47	232.315217685
13.49	237.655797395
13.52	245.66666696
13.54	251.007246669999
13.57	259.018116235
13.59	264.358695945
13.62	272.36956551
13.65	280.380435075
13.67	285.721014785
13.7	293.73188435
13.72	299.07246406
13.75	307.083333625
13.78	315.094203189999
13.8	320.4347829
13.83	328.445652465
13.85	333.786232175
13.88	341.79710174
13.91	349.807971305
13.93	355.148551015
13.96	363.15942058
13.98	368.50000029
14.01	376.510869855
14.03	381.851449565
14.06	389.86231913
14.09	397.873188695
14.11	403.213768405
14.14	411.22463797
14.16	416.56521768
14.19	424.576087245
14.22	432.58695681
14.24	437.92753652
14.27	445.938406085
14.29	451.278985795
14.32	459.28985536
14.35	467.300724925
14.37	472.641304634999
14.4	480.6521742
14.42	485.99275391
14.45	494.003623475
14.47	499.344203185
14.5	507.35507275
14.53	515.365942315
14.55	520.706522025
14.58	528.71739159
14.6	534.0579713
14.63	542.068840865
14.66	550.07971043
14.68	555.42029014
14.71	563.431159705
14.73	568.771739415
14.76	576.78260898
14.79	584.793478545
14.81	590.134058255
14.84	598.14492782
14.86	603.48550753
14.89	611.496377095
14.92	619.50724666
14.94	624.847826369999
14.97	632.858695935
14.99	638.199275645
15.02	646.21014521
15.04	651.55072492
15.07	659.561594485
15.1	667.57246405
15.12	672.91304376
15.15	680.923913325
15.17	686.264493035
15.2	694.275362599999
15.23	702.286232165
15.25	707.626811875
15.28	715.63768144
15.3	720.97826115
15.33	728.989130715
15.36	737
15.38	751
15.41	734
15.43	709
15.46	726
15.48	745
15.51	736
15.54	723
15.56	729
15.59	714
15.61	793
15.64	758
15.67	761
15.69	707
15.72	753
15.74	741
15.77	754
15.8	718
15.82	743
15.85	770
15.87	752
15.9	735
15.92	719
15.95	745
15.98	746
16	776
16.03	754
16.05	766
16.08	802
16.11	758
16.13	776
16.16	717
16.18	699
16.21	774
16.24	748
16.26	752
16.29	745
16.31	797
16.34	790
16.37	769
16.39	733
16.42	766
16.44	769
16.47	755
16.49	774
16.52	755
16.55	734
16.57	781
16.6	774
16.62	806
16.65	766
16.68	767
16.7	814
16.73	804
16.75	839
16.78	775
16.81	767
16.83	786
16.86	785
16.88	818
16.91	793
16.93	826
16.96	809
16.99	790
17.01	796
17.04	834
17.06	787
17.09	799
17.12	843
17.14	766
17.17	817
17.19	790
17.22	807
17.25	803
17.27	796
17.3	809
17.32	770
17.35	750
17.38	788
17.4	813
17.43	811
17.45	780
17.48	780
17.5	767
17.53	797
17.56	808
17.58	799
17.61	830
17.63	804
17.66	822
17.69	772
17.71	802
17.74	806
17.76	799
17.79	810
17.82	798
17.84	799
17.87	774
17.89	772
17.92	771
17.94	794
17.97	802
18	790
18.02	809
18.05	843
18.07	824
18.1	830
18.13	770
18.15	806
18.18	821
18.2	787
18.23	760
18.26	845
18.28	805
18.31	805
18.33	770
18.36	774
18.38	821
18.41	783
18.44	786
18.46	787
18.49	739
18.51	748
18.54	706
18.57	760
18.59	782
18.62	790
18.64	725
18.67	778
18.7	796
18.72	772
18.75	740
18.77	782
18.8	781
18.83	738
18.85	820
18.88	732
18.9	731
18.93	759
18.95	771
18.98	752
19.01	761
19.03	749
19.06	747
19.08	766
19.11	765
19.14	761
19.16	785
19.19	749
19.21	762
19.24	763
19.27	750
19.29	733
19.32	735
19.34	735
19.37	755
19.39	699
19.42	775
19.45	763
19.47	747
19.5	754
19.52	742
19.55	704
19.58	778
19.6	789
19.63	725
19.65	745
19.68	737
19.71	740
19.73	730
19.76	743
19.78	721
19.81	714
19.84	695
19.86	678
19.89	710
19.91	703
19.94	719
19.96	709
19.99	678
20.02	773
20.04	728
20.07	683
20.09	680
20.12	675
20.15	741
20.17	699
20.2	706
20.22	684
20.25	722
20.28	697
20.3	734
20.33	695
20.35	669
20.38	737
20.4	714
20.43	669
20.46	695
20.48	698
20.51	682
20.53	724
20.56	729
20.59	696
20.61	686
20.64	676
20.66	693
20.69	701
20.72	651
20.74	693
20.77	643
20.79	653
20.82	659
20.84	658
20.87	657
20.9	638
20.92	699
20.95	666
20.97	653
21	639
21.03	665
21.05	714
21.08	593
21.1	677
21.13	634
21.16	670
21.18	646
21.21	631
21.23	675
21.26	641
21.29	665
21.31	665
21.34	625
21.36	650
21.39	632
21.41	654
21.44	672
21.47	637
21.49	658
21.52	687
21.54	658
21.57	617
21.6	643
21.62	635
21.65	645
21.67	646
21.7	673
21.73	597
21.75	619
21.78	650
21.8	622
21.83	637
21.85	614
21.88	617
21.91	642
21.93	626
21.96	602
21.98	638
22.01	551
22.04	655
22.06	654
22.09	591
22.11	674
22.14	574
22.17	642
22.19	614
22.22	630
22.24	624
22.27	576
22.29	623
22.32	561
22.35	635
22.37	612
22.4	588
22.42	595
22.45	633
22.48	593
22.5	593
22.53	609
22.55	568
22.58	617
22.61	578
22.63	618
22.66	591
22.68	604
22.71	566
22.74	598
22.76	601
22.79	523
22.81	573
22.84	560
22.86	607
22.89	592
22.92	614
22.94	611
22.97	599
22.99	584
23.02	566
23.05	589
23.07	622
23.1	592
23.12	588
23.15	566
23.18	558
23.2	557
23.23	631
23.25	596
23.28	582
23.3	617
23.33	581
23.36	582
23.38	622
23.41	586
23.43	546
23.46	601
23.49	599
23.51	618
23.54	605
23.56	544
23.59	590
23.62	568
23.64	592
23.67	596
23.69	581
23.72	564
23.75	572
23.77	614
23.8	564
23.82	567
23.85	572
23.87	549
23.9	522
23.93	578
23.95	556
23.98	596
24	540
24.03	572
24.06	553
24.08	543
24.11	556
24.13	552
24.16	557
24.19	556
24.21	600
24.24	555
24.26	589
24.29	607
24.31	580
24.34	570
24.37	515
24.39	585
24.42	563
24.44	579
24.47	533
24.5	545
24.52	505
24.55	601
24.57	537
24.6	590
24.63	543
24.65	559
24.68	569
24.7	586
24.73	571
24.75	582
24.78	533
24.81	525
24.83	545
24.86	539
24.88	543
24.91	540
24.94	551
24.96	522
24.99	569
25.01	540
25.04	560
25.07	492
25.09	542
25.12	537
25.14	533
25.17	565
25.2	528
25.22	560
25.25	560
25.27	523
25.3	575
25.32	556
25.35	569
25.38	545
25.4	524
25.43	526
25.45	509
25.48	528
25.51	530
25.53	554
25.56	554
25.58	531
25.61	523
25.64	555
25.66	505
25.69	508
25.71	531
25.74	531
25.76	511
25.79	515
25.82	538
25.84	506
25.87	515
25.89	515
25.92	515
25.95	552
25.97	516
26	500
26.02	473
26.05	491
26.08	485
26.1	486
26.13	493
26.15	488
26.18	491
26.21	462
26.23	492
26.26	496
26.28	518
26.31	503
26.33	486
26.36	481
26.39	499
26.41	516
26.44	493
26.46	496
26.49	500
26.52	478
26.54	504
26.57	505
26.59	485
26.62	535
26.65	522
26.67	476
26.7	498
26.72	496
26.75	518
26.77	485
26.8	523
26.83	477
26.85	512
26.88	505
26.9	507
26.93	506
26.96	473
26.98	453
27.01	485
27.03	467
27.06	510
27.09	462
27.11	486
27.14	466
27.16	450
27.19	481
27.21	462
27.24	491
27.27	494
27.29	492
27.32	466
27.34	504
27.37	519
27.4	475
27.42	500
27.45	452
27.47	435
27.5	474
27.53	490
27.55	444
27.58	475
27.6	456
27.63	504
27.66	479
27.68	459
27.71	491
27.73	460
27.76	450
27.78	478
27.81	465
27.84	464
27.86	467
27.89	478
27.91	494
27.94	503
27.97	468
27.99	488
28.02	479
28.04	500
28.07	502
28.1	495
28.12	493
28.15	447
28.17	480
28.2	431
28.22	474
28.25	497
28.28	508
28.3	493
28.33	506
28.35	475
28.38	488
28.41	487
28.43	469
28.46	474
28.48	445
28.51	444
28.54	438
28.56	397
28.59	447
28.61	452
28.64	436
28.66	416
28.69	466
28.72	445
28.74	430
28.77	459
28.79	393
28.82	440
28.85	464
28.87	461
28.9	444
28.92	439
28.95	426
28.98	444
29	450
29.03	445
29.05	456
29.08	437
29.11	429
29.13	432
29.16	424
29.18	429
29.21	444
29.23	432
29.26	461
29.29	423
29.31	447
29.34	440
29.36	418
29.39	406
29.42	459
29.44	465
29.47	429
29.49	443
29.52	423
29.55	414
29.57	437
29.6	419
29.62	442
29.65	433
29.67	411
29.7	440
29.73	420
29.75	403
29.78	407
29.8	411
29.83	417
29.86	428
29.88	422
29.91	400
29.93	419
29.96	420
29.99	415
30.01	405
30.04	360
30.06	398
30.09	445
30.12	401
30.14	418
30.17	373
30.19	404
30.22	412
30.24	391
30.27	412
30.3	388
30.32	413
30.35	403
30.37	407
30.4	411
30.43	409
30.45	408
30.48	393
30.5	426
30.53	416
30.56	390
30.58	403
30.61	402
30.63	392
30.66	392
30.68	398
30.71	395
30.74	376
30.76	388
30.79	360
30.81	397
30.84	370
30.87	360
30.89	367
30.92	383
30.94	363
30.97	426
31	360
31.02	362
31.05	348
31.07	388
31.1	402
31.12	389
31.15	368
31.18	416
31.2	384
31.23	376
31.25	378
31.28	376
31.31	404
31.33	407
31.36	369
31.38	383
31.41	370
31.44	360
31.46	379
31.49	377
31.51	374
31.54	403
31.57	362
31.59	345
31.62	376
31.64	376
31.67	339
31.69	348
31.72	384
31.75	365
31.77	415
31.8	386
31.82	374
31.85	386
31.88	383
31.9	380
31.93	377
31.95	352
31.98	408
32.01	342
32.03	414
32.06	345
32.08	378
32.11	376
32.13	391
32.16	363
32.19	401
32.21	402
32.24	374
32.26	356
32.29	363
32.32	363
32.34	347
32.37	373
32.39	382
32.42	345
32.45	379
32.47	369
32.5	350
32.52	385
32.55	373
32.58	358
32.6	387
32.63	384
32.65	357
32.68	384
32.7	367
32.73	361
32.76	374
32.78	400
32.81	344
32.83	382
32.86	374
32.89	383
32.91	350
32.94	365
32.96	373
32.99	405
33.02	356
33.04	326
33.07	376
33.09	379
33.12	392
33.14	346
33.17	367
33.2	378
33.22	371
33.25	377
33.27	411
33.3	360
33.33	357
33.35	335
33.38	373
33.4	398
33.43	370
33.46	344
33.48	370
33.51	368
33.53	377
33.56	343
33.58	339
33.61	313
33.64	357
33.66	349
33.69	325
33.71	383
33.74	377
33.77	395
33.79	372
33.82	395
33.84	343
33.87	355
33.9	353
33.92	367
33.95	382
33.97	383
34	349
34.03	342
34.05	333
34.08	356
34.1	366
34.13	391
34.15	338
34.18	337
34.21	302
34.23	370
34.26	376
34.28	332
34.31	369
34.34	322
34.36	325
34.39	342
34.41	343
34.44	372
34.47	334
34.49	360
34.52	353
34.54	357
34.57	377
34.59	367
34.62	350
34.65	346
34.67	334
34.7	335
34.72	339
34.75	368
34.78	355
34.8	365
34.83	328
34.85	334
34.88	365
34.91	339
34.93	316
34.96	306
34.98	366
35.01	298
35.03	333
35.06	357
35.09	345
35.11	341
35.14	301
35.16	315
35.19	322
35.22	312
35.24	322
35.27	322
35.29	354
35.32	344
35.35	332
35.37	278
35.4	295
35.42	338
35.45	343
35.48	319
35.5	315
35.53	323
35.55	349
35.58	298
35.6	361
35.63	349
35.66	357
35.68	341
35.71	358
35.73	342
35.76	328
35.79	331
35.81	297
35.84	320
35.86	341
35.89	296
35.92	337
35.94	317
35.97	289
35.99	315
36.02	333
36.04	331
36.07	318
36.1	335
36.12	337
36.15	341
36.17	300
36.2	337
36.23	312
36.25	345
36.28	315
36.3	310
36.33	318
36.36	305
36.38	339
36.41	307
36.43	348
36.46	334
36.49	303
36.51	326
36.54	295
36.56	311
36.59	342
36.61	381
36.64	289
36.67	356
36.69	338
36.72	311
36.74	287
36.77	294
36.8	299
36.82	309
36.85	294
36.87	296
36.9	290
36.93	357
36.95	311
36.98	297
37	307
37.03	327
37.05	285
37.08	311
37.11	263
37.13	313
37.16	326
37.18	306
37.21	311
37.24	336
37.26	308
37.29	310
37.31	301
37.34	328
37.37	329
37.39	312
37.42	306
37.44	307
37.47	307
37.49	310
37.52	317
37.55	275
37.57	317
37.6	305
37.62	334
37.65	320
37.68	288
37.7	291
37.73	303
37.75	292
37.78	316
37.81	313
37.83	330
37.86	338
37.88	291
37.91	279
37.94	289
37.96	270
37.99	295
38.01	282
38.04	248
38.06	284
38.09	299
38.12	305
38.14	287
38.17	317
38.19	300
38.22	286
38.25	294
38.27	289
38.3	278
38.32	296
38.35	297
38.38	294
38.4	280
38.43	258
38.45	284
38.48	290
38.5	273
38.53	274
38.56	267
38.58	312
38.61	287
38.63	272
38.66	289
38.69	316
38.71	290
38.74	259
38.76	323
38.79	279
38.82	297
38.84	228
38.87	257
38.89	261
38.92	262
38.94	268
38.97	279
39	281
39.02	272
39.05	243
39.07	268
39.1	278
39.13	263
39.15	273
39.18	255
39.2	288
39.23	263
39.26	306
39.28	275
39.31	276
39.33	299
39.36	272
39.39	298
39.41	300
39.44	274
39.46	296
39.49	280
39.51	288
39.54	276
39.57	278
39.59	270
39.62	282
39.64	251
39.67	271
39.7	244
39.72	249
39.75	280
39.77	251
39.8	294
39.83	266
39.85	244
39.88	295
39.9	282
39.93	244
39.95	277
39.98	242
40.01	293
40.03	266
40.06	277
40.08	252
40.11	253
40.14	251
40.16	258
40.19	248
40.21	249
40.24	234
40.27	249
40.29	247
40.32	283
40.34	268
40.37	278
40.4	226
40.42	242
40.45	264
40.47	285
40.5	241
40.52	280
40.55	268
40.58	281
40.6	253
40.63	259
40.65	254
40.68	261
40.71	265
40.73	258
40.76	270
40.78	268
40.81	256
40.84	300
40.86	310
40.89	274
40.91	243
40.94	273
40.96	242
40.99	253
41.02	276
41.04	226
41.07	245
41.09	253
41.12	284
41.15	260
41.17	252
41.2	247
41.22	239
41.25	233
41.28	255
41.3	252
41.33	271
41.35	251
41.38	239
41.4	267
41.43	261
41.46	248
41.48	206
41.51	258
41.53	247
41.56	279
41.59	239
41.61	249
41.64	247
41.66	243
41.69	285
41.72	265
41.74	282
41.77	253
41.79	257
41.82	251
41.85	260
41.87	266
41.9	242
41.92	218
41.95	246
41.97	222
42	258
42.03	227
42.05	221
42.08	244
42.1	223
42.13	218
42.16	224
42.18	214
42.21	222
42.23	207
42.26	234
42.29	201
42.31	252
42.34	228
42.36	209
42.39	205
42.41	225
42.44	218
42.47	222
42.49	216
42.52	218
42.54	230
42.57	226
42.6	236
42.62	240
42.65	216
42.67	242
42.7	223
42.73	234
42.75	233
42.78	235
42.8	227
42.83	238
42.86	236
42.88	241
42.91	220
42.93	238
42.96	216
42.98	229
43.01	234
43.04	235
43.06	243
43.09	234
43.11	209
43.14	193
43.17	219
43.19	225
43.22	234
43.24	216
43.27	191
43.3	247
43.32	184
43.35	236
43.37	247
43.4	192
43.42	231
43.45	269
43.48	215
43.5	227
43.53	202
43.55	233
43.58	244
43.61	200
43.63	234
43.66	207
43.68	171
43.71	235
43.74	213
43.76	211
43.79	229
43.81	198
43.84	226
43.86	197
43.89	201
43.92	228
43.94	210
43.97	218
43.99	205
44.02	217
44.05	211
44.07	202
44.1	201
44.12	200
44.15	187
44.18	210
44.2	214
44.23	203
44.25	185
44.28	208
44.31	216
44.33	192
44.36	231
44.38	234
44.41	217
44.43	216
44.46	215
44.49	175
44.51	213
44.54	180
44.56	201
44.59	200
44.62	208
44.64	173
44.67	186
44.69	212
44.72	205
44.75	194
44.77	206
44.8	202
44.82	200
44.85	192
44.87	182
44.9	202
44.93	193
44.95	213
44.98	213
45	188
45.03	210
45.06	211
45.08	195
45.11	201
45.13	202
45.16	188
45.19	174
45.21	203
45.24	205
45.26	210
45.29	227
45.31	182
45.34	179
45.37	185
45.39	182
45.42	196
45.44	228
45.47	181
45.5	178
45.52	183
45.55	178
45.57	192
45.6	174
45.63	194
45.65	189
45.68	198
45.7	165
45.73	196
45.76	200
45.78	204
45.81	186
45.83	166
45.86	207
45.88	181
45.91	167
45.94	196
45.96	173
45.99	199
46.01	183
46.04	182
46.07	191
46.09	161
46.12	194
46.14	172
46.17	176
46.2	193
46.22	166
46.25	196
46.27	180
46.3	193
46.32	175
46.35	201
46.38	163
46.4	185
46.43	164
46.45	187
46.48	208
46.51	180
46.53	185
46.56	174
46.58	190
46.61	176
46.64	172
46.66	161
46.69	155
46.71	174
46.74	186
46.77	175
46.79	185
46.82	175
46.84	193
46.87	182
46.89	164
46.92	207
46.95	174
46.97	162
47	191
47.02	176
47.05	170
47.08	196
47.1	161
47.13	155
47.15	157
47.18	166
47.21	145
47.23	151
47.26	194
47.28	161
47.31	157
47.33	159
47.36	174
47.39	171
47.41	169
47.44	174
47.46	162
47.49	151
47.52	174
47.54	164
47.57	167
47.59	173
47.62	160
47.65	170
47.67	170
47.7	175
47.72	178
47.75	178
47.77	166
47.8	165
47.83	137
47.85	178
47.88	164
47.9	162
47.93	164
47.96	139
47.98	141
48.01	159
48.03	170
48.06	185
48.09	164
48.11	162
48.14	186
48.16	177
48.19	185
48.22	170
48.24	173
48.27	192
48.29	143
48.32	174
48.34	152
48.37	170
48.4	169
48.42	173
48.45	150
48.47	132
48.5	171
48.53	166
48.55	174
48.58	156
48.6	197
48.63	195
48.66	159
48.68	155
48.71	152
48.73	154
48.76	181
48.78	160
48.81	148
48.84	156
48.86	166
48.89	160
48.91	151
48.94	169
48.97	151
48.99	157
49.02	136
49.04	163
49.07	167
49.1	158
49.12	149
49.15	143
49.17	163
49.2	136
49.23	161
49.25	145
49.28	146
49.3	139
49.33	144
49.35	140
49.38	173
49.41	170
49.43	142
49.46	141
49.48	171
49.51	184
49.54	156
49.56	137
49.59	158
49.61	135
49.64	145
49.67	166
49.69	169
49.72	129
49.74	141
49.77	167
49.79	137
49.82	169
49.85	139
49.87	151
49.9	166
49.92	126
49.95	130
49.98	149
50	154
50.03	153
50.05	138
50.08	135
50.11	156
50.13	134
50.16	130
50.18	130
50.21	146
50.23	143
50.26	132
50.29	124
50.31	133
50.34	131
50.36	146
50.39	154
50.42	123
50.44	144
50.47	124
50.49	153
50.52	131
50.55	128
50.57	161
50.6	145
50.62	128
50.65	138
50.68	152
50.7	140
50.73	155
50.75	137
50.78	146
50.8	131
50.83	126
50.86	164
50.88	131
50.91	120
50.93	132
50.96	146
50.99	117
51.01	142
51.04	141
51.06	119
51.09	127
51.12	133
51.14	154
51.17	129
51.19	120
51.22	138
51.24	147
51.27	137
51.3	147
51.32	147
51.35	142
51.37	139
51.4	123
51.43	121
51.45	149
51.48	133
51.5	120
51.53	126
51.56	109
51.58	129
51.61	105
51.63	131
51.66	142
51.68	146
51.71	126
51.74	142
51.76	121
51.79	136
51.81	129
51.84	145
51.87	111
51.89	139
51.92	146
51.94	135
51.97	130
52	142
52.02	140
52.05	148
52.07	102
52.1	133
52.13	123
52.15	127
52.18	129
52.2	131
52.23	93
52.25	149
52.28	130
52.31	125
52.33	133
52.36	126
52.38	128
52.41	117
52.44	124
52.46	128
52.49	130
52.51	110
52.54	139
52.57	110
52.59	117
52.62	128
52.64	154
52.67	119
52.69	111
52.72	133
52.75	123
52.77	123
52.8	130
52.82	151
52.85	145
52.88	131
52.9	115
52.93	133
52.95	132
52.98	131
53.01	105
53.03	131
53.06	132
53.08	149
53.11	146
53.14	111
53.16	128
53.19	131
53.21	121
53.24	125
53.26	150
53.29	106
53.32	123
53.34	130
53.37	93
53.39	134
53.42	118
53.45	123
53.47	99
53.5	110
53.52	105
53.55	133
53.58	107
53.6	129
53.63	124
53.65	116
53.68	127
53.7	144
53.73	117
53.76	129
53.78	100
53.81	123
53.83	112
53.86	112
53.89	113
53.91	110
53.94	94
53.96	113
53.99	101
54.02	116
54.04	131
54.07	125
54.09	126
54.12	122
54.14	134
54.17	97
54.2	92
54.22	122
54.25	113
54.27	130
54.3	99
54.33	126
54.35	98
54.38	113
54.4	112
54.43	121
54.46	103
54.48	124
54.51	118
54.53	119
54.56	121
54.59	114
54.61	113
54.64	109
54.66	108
54.69	105
54.71	117
54.74	134
54.77	86
54.79	105
54.82	108
54.84	104
54.87	109
54.9	110
54.92	117
54.95	102
54.97	110
55	118
55.03	132
55.05	108
55.08	102
55.1	100
55.13	108
55.15	99
55.18	110
55.21	110
55.23	86
55.26	111
55.28	97
55.31	113
55.34	82
55.36	104
55.39	105
55.41	80
55.44	105
55.47	100
55.49	91
55.52	110
55.54	93
55.57	97
55.6	110
55.62	85
55.65	109
55.67	85
55.7	85
55.72	101
55.75	113
55.78	108
55.8	107
55.83	102
55.85	97
55.88	128
55.91	81
55.93	105
55.96	108
55.98	88
56.01	96
56.04	97
56.06	104
56.09	114
56.11	104
56.14	99
56.16	85
56.19	80
56.22	98
56.24	113
56.27	86
56.29	87
56.32	111
56.35	99
56.37	97
56.4	101
56.42	90
56.45	73
56.48	95
56.5	92
56.53	82
56.55	85
56.58	94
56.6	109
56.63	109
56.66	112
56.68	88
56.71	91
56.73	97
56.76	101
56.79	99
56.81	91
56.84	102
56.86	95
56.89	78
56.92	109
56.94	98
56.97	95
56.99	91
57.02	96
57.05	92
57.07	103
57.1	88
57.12	116
57.15	85
57.17	99
57.2	95
57.23	93
57.25	90
57.28	95
57.3	104
57.33	104
57.36	103
57.38	105
57.41	93
57.43	78
57.46	102
57.49	100
57.51	83
57.54	99
57.56	83
57.59	69
57.61	99
57.64	89
57.67	73
57.69	98
57.72	81
57.74	87
57.77	80
57.8	85
57.82	88
57.85	94
57.87	97
57.9	107
57.93	83
57.95	85
57.98	113
58	78
58.03	74
58.05	81
58.08	81
58.11	96
58.13	85
58.16	86
58.18	80
58.21	83
58.24	95
58.26	87
58.29	112
58.31	76
58.34	89
58.37	82
58.39	83
58.42	78
58.44	79
58.47	78
58.5	66
58.52	75
58.55	88
58.57	91
58.6	83
58.62	86
58.65	86
58.68	90
58.7	87
58.73	90
58.75	95
58.78	76
58.81	98
58.83	79
58.86	81
58.88	88
58.91	82
58.94	98
58.96	92
58.99	76
59.01	85
59.04	88
59.06	97
59.09	99
59.12	75
59.14	73
59.17	72
59.19	77
59.22	108
59.25	77
59.27	88
59.3	81
59.32	97
59.35	79
59.38	75
59.4	78
59.43	85
59.45	90
59.48	70
59.51	74
59.53	76
59.56	76
59.58	84
59.61	82
59.63	86
59.66	79
59.69	93
59.71	85
59.74	69
59.76	72
59.79	79
59.82	92
59.84	89
59.87	84
59.89	80
59.92	73
59.95	63
59.97	76
60	71
60.02	89
60.05	91
60.07	77
60.1	77
60.13	95
60.15	73
60.18	80
60.2	82
60.23	77
60.26	73
60.28	87
60.31	103
60.33	83
60.36	70
60.39	88
60.41	73
60.44	66
60.46	64
60.49	84
60.51	74
60.54	77
60.57	71
60.59	76
60.62	80
60.64	97
60.67	65
60.7	67
60.72	72
60.75	95
60.77	52
60.8	77
60.83	77
60.85	78
60.88	82
60.9	60
60.93	87
60.96	67
60.98	63
61.01	76
61.03	74
61.06	67
61.08	59
61.11	79
61.14	78
61.16	82
61.19	61
61.21	68
61.24	61
61.27	65
61.29	67
61.32	66
61.34	87
61.37	86
61.4	92
61.42	86
61.45	78
61.47	86
61.5	86
61.52	77
61.55	70
61.58	76
61.6	71
61.63	57
61.65	69
61.68	76
61.71	70
61.73	70
61.76	74
61.78	55
61.81	79
61.84	74
61.86	55
61.89	65
61.91	73
61.94	63
61.97	73
61.99	77
62.02	65
62.04	60
62.07	60
62.09	83
62.12	53
62.15	61
62.17	70
62.2	68
62.22	68
62.25	70
62.28	58
62.3	63
62.33	59
62.35	71
62.38	84
62.41	69
62.43	68
62.46	78
62.48	54
62.51	74
62.53	71
62.56	64
62.59	59
62.61	75
62.64	79
62.66	52
62.69	73
62.72	62
62.74	55
62.77	58
62.79	67
62.82	57
62.85	62
62.87	79
62.9	61
62.92	68
62.95	59
62.97	66
63	47
63.03	84
63.05	68
63.08	57
63.1	78
63.13	70
63.16	73
63.18	64
63.21	71
63.23	89
63.26	70
63.29	58
63.31	79
63.34	76
63.36	60
63.39	61
63.42	71
63.44	50
63.47	46
63.49	67
63.52	45
63.54	52
63.57	80
63.6	54
63.62	60
63.65	65
63.67	72
63.7	57
63.73	75
63.75	84
63.78	70
63.8	55
63.83	71
63.86	55
63.88	46
63.91	63
63.93	62
63.96	67
63.98	54
64.01	65
64.04	58
64.06	48
64.09	64
64.11	60
64.14	66
64.17	63
64.19	53
64.22	57
64.24	64
64.27	62
64.3	65
64.32	48
64.35	70
64.37	75
64.4	62
64.42	57
64.45	61
64.48	53
64.5	62
64.53	71
64.55	62
64.58	65
64.61	45
64.63	68
64.66	70
64.68	60
64.71	61
64.74	68
64.76	62
64.79	51
64.81	69
64.84	55
64.87	59
64.89	61
64.92	65
64.94	59
64.97	72
64.99	50
65.02	60
65.05	58
65.07	59
65.1	41
65.12	53
65.15	65
65.18	50
65.2	56
65.23	47
65.25	69
65.28	62
65.31	45
65.33	47
65.36	44
65.38	48
65.41	42
65.43	58
65.46	67
65.49	47
65.51	66
65.54	61
65.56	58
65.59	70
65.62	49
65.64	56
65.67	52
65.69	62
65.72	78
65.75	52
65.77	51
65.8	72
65.82	34
65.85	50
65.88	49
65.9	62
65.93	48
65.95	50
65.98	48
66	64
66.03	64
66.06	55
66.08	70
66.11	46
66.13	55
66.16	62
66.19	58
66.21	46
66.24	52
66.26	36
66.29	54
66.32	47
66.34	49
66.37	49
66.39	51
66.42	41
66.44	41
66.47	50
66.5	50
66.52	45
66.55	59
66.57	48
66.6	55
66.63	68
66.65	49
66.68	61
66.7	55
66.73	52
66.76	51
66.78	64
66.81	52
66.83	55
66.86	62
66.88	67
66.91	46
66.94	47
66.96	60
66.99	41
67.01	52
67.04	53
67.07	67
67.09	34
67.12	55
67.14	61
67.17	56
67.2	44
67.22	53
67.25	45
67.27	55
67.3	42
67.33	67
67.35	41
67.38	46
67.4	53
67.43	43
67.45	53
67.48	47
67.51	42
67.53	56
67.56	51
67.58	51
67.61	44
67.64	52
67.66	59
67.69	39
67.71	55
67.74	55
67.77	54
67.79	39
67.82	39
67.84	41
67.87	43
67.89	45
67.92	40
67.95	48
67.97	47
68	36
68.02	44
68.05	52
68.08	30
68.1	41
68.13	48
68.15	52
68.18	45
68.21	38
68.23	49
68.26	55
68.28	39
68.31	49
68.34	37
68.36	44
68.39	42
68.41	41
68.44	44
68.46	42
68.49	38
68.52	44
68.54	56
68.57	30
68.59	47
68.62	51
68.65	38
68.67	45
68.7	39
68.72	35
68.75	42
68.78	41
68.8	42
68.83	44
68.85	45
68.88	38
68.9	54
68.93	36
68.96	45
68.98	46
69.01	46
69.03	44
69.06	44
69.09	33
69.11	38
69.14	34
69.16	40
69.19	60
69.22	42
69.24	30
69.27	42
69.29	46
69.32	39
69.34	32
69.37	49
69.4	38
69.42	39
69.45	43
69.47	38
69.5	32
69.53	29
69.55	41
69.58	42
69.6	39
69.63	42
69.66	53
69.68	42
69.71	37
69.73	38
69.76	50
69.79	37
69.81	40
69.84	45
69.86	55
69.89	42
69.91	46
69.94	37
69.97	39
69.99	61
70.02	40
70.04	29
70.07	35
70.1	52
70.12	44
70.15	30
70.17	44
70.2	40
70.23	38
70.25	32
70.28	36
70.3	22
70.33	56
70.35	41
70.38	39
70.41	34
70.43	39
70.46	48
70.48	36
70.51	28
70.54	25
70.56	38
70.59	40
70.61	33
70.64	47
70.67	39
70.69	40
70.72	38
70.74	41
70.77	30
70.79	45
70.82	40
70.85	37
70.87	22
70.9	41
70.92	43
70.95	25
70.98	40
71	40
71.03	30
71.05	36
71.08	28
71.11	43
71.13	32
71.16	35
71.18	40
71.21	48
71.24	30
71.26	44
71.29	40
71.31	29
71.34	38
71.36	35
71.39	34
71.42	35
71.44	42
71.47	32
71.49	35
71.52	36
71.55	50
71.57	50
71.6	52
71.62	59
71.65	34
71.68	56
71.7	37
71.73	42
71.75	41
71.78	40
71.8	27
71.83	33
71.86	32
71.88	38
71.91	41
71.93	37
71.96	43
71.99	26
72.01	34
72.04	36
72.06	42
72.09	34
72.12	17
72.14	24
72.17	34
72.19	33
72.22	37
72.25	35
72.27	24
72.3	45
72.32	27
72.35	27
72.37	23
72.4	41
72.43	44
72.45	21
72.48	28
72.5	54
72.53	36
72.56	29
72.58	25
72.61	56
72.63	25
72.66	26
72.69	29
72.71	38
72.74	33
72.76	39
72.79	36
72.81	29
72.84	41
72.87	26
72.89	36
72.92	27
72.94	32
72.97	31
73	39
73.02	34
73.05	25
73.07	32
73.1	28
73.13	39
73.15	33
73.18	27
73.2	29
73.23	38
73.25	35
73.28	32
73.31	26
73.33	37
73.36	36
73.38	32
73.41	27
73.44	30
73.46	33
73.49	14
73.51	31
73.54	30
73.57	31
73.59	47
73.62	36
73.64	32
73.67	27
73.7	26
73.72	27
73.75	33
73.77	27
73.8	37
73.82	39
73.85	27
73.88	44
73.9	31
73.93	27
73.95	24
73.98	35
74.01	24
74.03	31
74.06	44
74.08	39
74.11	30
74.14	29
74.16	41
74.19	42
74.21	24
74.24	36
74.26	34
74.29	44
74.32	28
74.34	37
74.37	32
74.39	25
74.42	38
74.45	33
74.47	38
74.5	41
74.52	29
74.55	36
74.58	34
74.6	39
74.63	33
74.65	25
74.68	35
74.71	27
74.73	23
74.76	27
74.78	17
74.81	29
74.83	33
74.86	26
74.89	19
74.91	38
74.94	30
74.96	42
74.99	17
75.02	29
75.04	37
75.07	28
75.09	43
75.12	28
75.15	30
75.17	50
75.2	23
75.22	30
75.25	23
75.27	30
75.3	21
75.33	28
75.35	24
75.38	26
75.4	14
75.43	36
75.46	30
75.48	44
75.51	32
75.53	39
75.56	31
75.59	38
75.61	27
75.64	25
75.66	32
75.69	29
75.71	36
75.74	35
75.77	38
75.79	25
75.82	21
75.84	13
75.87	28
75.9	24
75.92	15
75.95	42
75.97	27
76	21
76.03	22
76.05	36
76.08	21
76.1	32
76.13	24
76.16	23
76.18	29
76.21	13
76.23	37
76.26	31
76.28	22
76.31	15
76.34	48
76.36	29
76.39	25
76.41	25
76.44	18
76.47	31
76.49	28
76.52	28
76.54	35
76.57	39
76.6	20
76.62	26
76.65	29
76.67	22
76.7	27
76.72	23
76.75	25
76.78	41
76.8	37
76.83	35
76.85	34
76.88	37
76.91	29
76.93	22
76.96	27
76.98	35
77.01	31
77.04	19
77.06	17
77.09	40
77.11	19
77.14	25
77.16	21
77.19	31
77.22	26
77.24	23
77.27	41
77.29	34
77.32	18
77.35	25
77.37	29
77.4	21
77.42	33
77.45	33
77.48	23
77.5	25
77.53	20
77.55	28
77.58	14
77.61	22
77.63	38
77.66	26
77.68	23
77.71	29
77.73	23
77.76	30
77.79	31
77.81	21
77.84	44
77.86	30
77.89	19
77.92	26
77.94	25
77.97	18
77.99	17
78.02	26
78.05	19
78.07	27
78.1	13
78.12	23
78.15	20
78.17	19
78.2	21
78.23	25
78.25	35
78.28	31
78.3	21
78.33	31
78.36	28
78.38	16
78.41	20
78.43	18
78.46	19
78.49	26
78.51	24
78.54	20
78.56	27
78.59	16
78.62	9
78.64	33
78.67	25
78.69	24
78.72	25
78.74	33
78.77	25
78.8	8
78.82	27
78.85	27
78.87	22
78.9	19
78.93	28
78.95	31
78.98	25
79	25
79.03	26
79.06	31
79.08	38
79.11	16
79.13	27
79.16	30
79.18	22
79.21	18
79.24	21
79.26	26
79.29	23
79.31	21
79.34	35
79.37	22
79.39	17
79.42	9
79.44	23
79.47	24
79.5	33
79.52	31
79.55	27
79.57	23
79.6	24
79.62	24
79.65	28
79.68	21
79.7	14
79.73	28
79.75	15
79.78	14
79.81	34
79.83	25
79.86	24
79.88	31
79.91	25
79.94	23
79.96	20
79.99	24
80.01	18
80.04	20
80.07	15
80.09	10
80.12	20
80.14	23
80.17	29
80.19	27
80.22	13
80.25	20
80.27	34
80.3	25
80.32	13
80.35	18
80.38	27
80.4	39
80.43	19
80.45	39
80.48	20
80.51	7
80.53	15
80.56	19
80.58	20
80.61	30
80.63	19
80.66	28
80.69	20
80.71	29
80.74	31
80.76	31
80.79	25
80.82	25
80.84	3
80.87	18
80.89	13
80.92	28
80.95	19
80.97	23
81	22
81.02	26
81.05	5
81.07	25
81.1	29
81.13	21
81.15	22
81.18	18
81.2	38
81.23	23
81.26	14
81.28	20
81.31	17
81.33	15
81.36	22
81.39	22
81.41	18
81.44	24
81.46	21
81.49	22
81.52	19
81.54	16
81.57	18
81.59	28
81.62	23
81.64	15
81.67	16
81.7	24
81.72	23
81.75	15
81.77	24
81.8	15
81.83	15
81.85	6
81.88	23
81.9	20
81.93	21
81.96	26
81.98	14
82.01	20
82.03	9
82.06	29
82.08	8
82.11	12
82.14	22
82.16	8
82.19	17
82.21	18
82.24	22
82.27	16
82.29	24
82.32	16
82.34	15
82.37	15
82.4	22
82.42	25
82.45	13
82.47	16
82.5	12
82.53	14
82.55	10
82.58	20
82.6	22
82.63	18
82.65	14
82.68	13
82.71	25
82.73	8
82.76	10
82.78	12
82.81	18
82.84	23
82.86	30
82.89	28
82.91	13
82.94	12
82.97	18
82.99	19
83.02	11
83.04	35
83.07	15
83.09	20
83.12	28
83.15	24
83.17	25
83.2	20
83.22	14
83.25	29
83.28	17
83.3	14
83.33	20
83.35	14
83.38	10
83.41	26
83.43	9
83.46	18
83.48	5
83.51	15
83.53	9
83.56	15
83.59	14
83.61	17
83.64	19
83.66	13
83.69	12
83.72	15
83.74	29
83.77	11
83.79	7
83.82	13
83.85	23
83.87	28
83.9	24
83.92	12
83.95	9
83.98	14
84	22
84.03	17
84.05	18
84.08	24
84.1	15
84.13	8
84.16	20
84.18	9
84.21	18
84.23	26
84.26	16
84.29	19
84.31	21
84.34	17
84.36	15
84.39	21
84.42	21
84.44	11
84.47	7
84.49	23
84.52	20
84.54	26
84.57	20
84.6	9
84.62	6
84.65	12
84.67	13
84.7	19
84.73	7
84.75	19
84.78	3
84.8	7
84.83	22
84.86	11
84.88	14
84.91	0
84.93	23
84.96	11
84.99	20
85.01	8
85.04	12
85.06	10
85.09	15
85.11	8
85.14	26
85.17	14
85.19	19
85.22	14
85.24	25
85.27	23
85.3	10
85.32	16
85.35	14
85.37	13
85.4	18
85.43	26
85.45	20
85.48	22
85.5	19
85.53	10
85.55	21
85.58	6
85.61	11
85.63	9
85.66	21
85.68	20
85.71	6
85.74	26
85.76	24
85.79	19
85.81	13
85.84	20
85.87	13
85.89	13
85.92	19
85.94	8
85.97	13
85.99	1
86.02	11
86.05	18
86.07	18
86.1	12
86.12	10
86.15	9
86.18	6
86.2	7
86.23	7
86.25	11
86.28	20
86.31	27
86.33	18
86.36	10
86.38	1
86.41	17
86.44	20
86.46	15
86.49	12
86.51	9
86.54	9
86.56	5
86.59	22
86.62	10
86.64	13
86.67	23
86.69	16
86.72	22
86.75	7
86.77	8
86.8	9
86.82	12
86.85	14
86.88	13
86.9	6
86.93	10
86.95	12
86.98	10
87	3
87.03	18
87.06	11
87.08	6
87.11	16
87.13	7
87.16	15
87.19	11
87.21	18
87.24	14
87.26	6
87.29	11
87.32	9
87.34	9
87.37	11
87.39	8
87.42	19
87.44	12
87.47	14
87.5	7
87.52	5
87.55	4
87.57	22
87.6	9
87.63	10
87.65	5
87.68	10
87.7	11
87.73	18
87.76	9
87.78	8
87.81	17
87.83	16
87.86	14
87.89	10
87.91	21
87.94	10
87.96	23
87.99	7
88.01	8
88.04	14
88.07	6
88.09	16
88.12	11
88.14	6
88.17	13
88.2	13
88.22	4
88.25	7
88.27	9
88.3	9
88.33	9
88.35	10
88.38	13
88.4	11
88.43	13
88.45	11
88.48	8
88.51	17
88.53	13
88.56	15
88.58	4
88.61	12
88.64	16
88.66	7
88.69	3
88.71	13
88.74	10
88.77	13
88.79	11
88.82	8
88.84	13
88.87	5
88.9	15
88.92	6
88.95	16
88.97	19
89	4
89.02	18
89.05	15
89.08	10
89.1	5
89.13	11
89.15	1
89.18	9
89.21	12
89.23	9
89.26	18
89.28	7
89.31	5
89.34	24
89.36	10
89.39	6
89.41	7
89.44	18
89.46	3
89.49	8
89.52	16
89.54	11
89.57	6
89.59	4
89.62	0
89.65	2
89.67	18
89.7	5
89.72	11
89.75	12
89.78	0
89.8	17
89.83	2
89.85	15
89.88	8
89.9	6
89.93	7
89.96	3
89.98	0
90.01	6
90.03	2
90.06	9
90.09	11
90.11	6
90.14	15
90.16	7
90.19	13
90.22	12
90.24	3
90.27	12
90.29	9
90.32	17
90.35	13
90.37	11
90.4	8
90.42	4
90.45	10
90.47	14
90.5	5
90.53	6
90.55	4
90.58	0
90.6	17
90.63	12
90.66	4
90.68	13
90.71	11
90.73	13
90.76	8
90.79	5
90.81	10
90.84	15
90.86	0
90.89	6
90.91	13
90.94	15
90.97	8
90.99	17
91.02	7
91.04	14
91.07	3
91.1	6
91.12	14
91.15	20
91.17	8
91.2	7
91.23	10
91.25	13
91.28	19
91.3	15
91.33	15
91.36	11
91.38	11
91.41	7
91.43	6
91.46	7
91.48	13
91.51	17
91.54	8
91.56	11
91.59	4
91.61	19
91.64	5
91.67	8
91.69	16
91.72	14
91.74	14
91.77	8
91.8	8
91.82	11
91.85	4
91.87	3
91.9	3
91.92	10
91.95	18
91.98	12
92	10
92.03	4
92.05	6
92.08	16
92.11	5
92.13	4
92.16	6
92.18	7
92.21	5
92.24	14
92.26	1
92.29	11
92.31	18
92.34	3
92.36	11
92.39	7
92.42	3
92.44	5
92.47	9
92.49	12
92.52	4
92.55	3
92.57	33
92.6	16
92.62	2
92.65	10
92.68	6
92.7	18
92.73	7
92.75	14
92.78	20
92.81	21
92.83	10
92.86	13
92.88	11
92.91	17
92.93	9
92.96	5
92.99	7
93.01	7
93.04	2
93.06	9
93.09	8
93.12	10
93.14	15
93.17	11
93.19	12
93.22	7
93.25	18
93.27	16
93.3	0
93.32	10
93.35	13
93.37	13
93.4	4
93.43	6
93.45	6
93.48	7
93.5	7
93.53	12
93.56	4
93.58	8
93.61	4
93.63	14
93.66	4
93.69	6
93.71	0
93.74	8
93.76	22
93.79	3
93.81	10
93.84	10
93.87	14
93.89	4
93.92	3
93.94	6
93.97	5
94	10
94.02	12
94.05	15
94.07	1
94.1	1
94.13	8
94.15	7
94.18	12
94.2	13
94.23	11
94.26	0
94.28	0
94.31	5
94.33	11
94.36	5
94.38	10
94.41	10
94.44	0
94.46	13
94.49	4
94.51	17
94.54	6
94.57	17
94.59	12
94.62	5
94.64	15
94.67	8
94.7	13
94.72	11
94.75	4
94.77	9
94.8	10
94.82	6
94.85	8
94.88	15
94.9	13
94.93	0
94.95	2
94.98	7
95.01	0
95.03	3
95.06	7
95.08	6
95.11	2
95.14	10
95.16	15
95.19	3
95.21	7
95.24	9
95.27	6
95.29	6
95.32	7
95.34	15
95.37	0
95.39	12
95.42	1
95.45	3
95.47	11
95.5	16
95.52	10
95.55	0
95.58	8
95.6	6
95.63	2
95.65	11
95.68	0
95.71	16
95.73	0
95.76	11
95.78	3
95.81	7
95.83	5
95.86	0
95.89	0
95.91	1
95.94	12
95.96	5
95.99	6
96.02	2
96.04	10
96.07	3
96.09	5
96.12	2
96.15	9
96.17	11
96.2	3
96.22	5
96.25	0
96.27	2
96.3	6
96.33	9
96.35	0
96.38	3
96.4	0
96.43	5
96.46	0
96.48	14
96.51	7
96.53	10
96.56	5
96.59	1
96.61	7
96.64	8
96.66	7
96.69	13
96.72	7
96.74	0
96.77	3
96.79	6
96.82	8
96.84	2
96.87	0
96.9	9
96.92	0
96.95	12
96.97	16
97	4
97.03	9
97.05	3
97.08	4
97.1	5
97.13	6
97.16	1
97.18	0
97.21	0
97.23	12
97.26	11
97.28	12
97.31	1
97.34	0
97.36	0
97.39	5
97.41	3
97.44	8
97.47	5
97.49	9
97.52	1
97.54	5
97.57	10
97.6	10
97.62	4
97.65	7
97.67	15
97.7	7
97.73	1
97.75	2
97.78	5
97.8	11
97.83	5
97.85	9
97.88	12
97.91	14
97.93	9
97.96	11
97.98	4
98.01	0
98.04	5
98.06	1
98.09	14
98.11	2
98.14	12
98.17	0
98.19	9
98.22	10
98.24	1
98.27	2
98.29	6
98.32	1
98.35	6
98.37	0
98.4	4
98.42	11
98.45	13
98.48	0
98.5	0
98.53	3
98.55	8
98.58	3
98.61	6
98.63	12
98.66	0
98.68	2
98.71	7
98.73	0
98.76	12
98.79	4
98.81	9
98.84	12
98.86	2
98.89	11
98.92	14
98.94	7
98.97	0
98.99	0
99.02	2
99.05	2
99.07	2
99.1	1
99.12	8
99.15	4
99.18	10
99.2	14
99.23	9
99.25	0
99.28	0
99.3	12
99.33	3
99.36	10
99.38	0
99.41	0
99.43	0
99.46	11
99.49	5
99.51	1
99.54	9
99.56	6
99.59	7
99.62	3
99.64	5
99.67	5
99.69	0
99.72	0
99.74	4
99.77	7
99.8	5
99.82	7
99.85	2
99.87	4
99.9	0
99.93	7
99.95	1
99.98	3
100	7
