# 1
# 1e9
# 1
# 360.
# 52
49.1407898809473	49.7978114065468
57.2150287449873	57.1421733812341
67.0274204622556	65.7908259345624
78.8094216706212	75.8340836255414
93.5108269584476	87.6576552152483
112.333819838613	101.527925484998
130.441703302996	113.335312733757
153.108586051964	127.051173631998
180.4443237923		141.010201583206
212.648604120255	154.426838328809
250.08423778527		168.554776369984
293.895071590122	181.837452617355
345.845481104312	195.188159537813
399.253920198379	207.067070106566
470.103061329422	221.622418390668
555.525683601453	238.594690904093
660.019591306294	257.839625625975
779.376483148732	279.560794150773
939.248129469103	294.658735245329
1108.35840693547	315.348006572202
1299.28389933538	365.99879521566
1540.63993259721	402.920615400959
1816.25783314173	455.561275319791
2151.27550239344	505.812642652131
2511.95703577237	568.908780247419
2985.11460977182	648.048851498132
3502.7144953564		715.343898721525
4154.64208035624	796.450343485223
4972.53396658276	898.523180570625
5806.26046808839	985.000271950596
6724.0549991169		1064.32550558162
7796.20432249489	1139.72557039509
9309.63556421819	1174.9182834825
10343.0165506127	1212.6865422923
15000	1301.97370693579
20000	1374.43062205279
30000	1476.55290819568
40000	1549.00982331268
50000	1605.21177298123
100000	1779.79097424112
150000	1881.91326038401
200000	1954.37017550101
300000	2056.4924616439
400000	2128.9493767609
500000	2185.15132642946
1000000	2359.73052768935
1500000	2461.85281383224
2000000	2534.30972894924
3000000	2636.43201509213
4000000	2708.88893020913
5000000	2765.09087987768
6000000	2811.01121635202
