#  Energy   Elastic     Ionisation   ElectronicExc       Dissociation  VibrationalExc RotationalExc   Attachment      factor_gl    
0.10        29.96       0            0                    0	             0         602                0          7.57111982E-02
0.15        30.24       0            0                    0	             0         445.2              0          7.57111982E-02
0.20        30.24       0            0                    0	             0         358.4              0          7.57111982E-02
0.30        32.76       0            0                    0	             0         262.36             0          7.57111982E-02
0.40        32.48       0            0                    0	             0         208.88             0          7.57111982E-02
0.50        31.92       0            0                    0	             2.25      174.72             0          7.57111982E-02
0.70        31.36       0            0                    0	             1.9       133                0          7.57111982E-02
1           29.96       0            0                    0	             0.87      99.12              0          7.57111982E-02     
1.5         27.552      0            0                    0	             0.625     70.56              0          9.94253010E-02   
2           25.312      0            0                    0	             0.52      55.44              0          0.120978996      
3           21.28       0            0                    0	             0.47      39.2               0          0.160930201      
4           17.976      0            0                    0	             0.535     30.52              0.001      0.200000003      
5           15.54       0            0                    0	             0.59      25.256             0.00129    0.238620698      
7           13.552      0            0.00211              0	             0.685     18.844             0.0367     0.300869375      
10          11.872      0            0.0109               0	             0.505     13.804             0.00419    0.378553510      
15          9.996       0.133        0.0823               0.2915	     0.32      9.66               0.001      0.482533157      
20          8.428       0.4596       0.24                 0.8572	     0.18      7.476              0.001      0.556112528      
30          6.188       1.0868       0.307                1.8262	     0.08      5.208              0          0.664263189      
40          5.068       1.5293       0.391                1.7197	     0.045     4.032              0          0.757251978      
50          4.368       1.862        0.336                1.526	             0.0288    3.304              0          0.840105414      
70          3.472       2.1476       0.267                1.1694	     0.0147    2.4416             0          0.944591582      
100         2.73        2.3128       0.209                0.7262	     0.0072    1.7696             0          0.990460932      
150         2.072       2.1616       0.12589886565114     0.4789011343         0         1.2264           0          0.999145806      
200         1.708       1.9404       0.08367116175919     0.3923288382         0         0.9436           0          0.999854922      
300         1.302       1.6072       0.04536675546079     0.2934332445         0         0.6524           0          0.999989808      
400         1.0696      1.3664       0.02855510081731     0.2402448992         0         0.5012           0          0.999998569      
500         0.9156      1.2012       0.01988151385046     0.2013184861         0         0.4088           0          0.999999702      
700         0.7224      0.9268       0.01079233001278     0.19360767           0         0.2996           0          1.00000000      
1000        0.5544      0.7112       0.00570488882993     0.1594951112         0         0.21588          0          1.00000000      
1500        0.396       0.5124       0.00269059185109     0.1149094081         0         0.147            0          1.00000000      
2000        0.3192      0.406        0.00157834806712     0.0992216519         0         0.11368          0          1.00000000      
3000        0.22764     0.294        0.00074818215089     0.0664518178         0         0.07812          0          1.00000000      
4000        0.175       0.2366       0.00044577201524     0.038954228          0         0.0598           0          1.00000000      
5000        0.14644     0.19656      0.0002933063639      0.0349866936         0         0.04872          0          1.00000000      
7000        0.109       0.138        0.0001449            0.0338551            0         0.0357           0          1.00000000      
10000       0.07952     0.103        7.45E-05             0.0215255            0         0.02548          0          1.00000000      
15000       0.051805    0.072842     2.824E-05            0.0084117844002      0        0.0179629755998   0          1.00000000   
20000       0.0396456   0.0571768    2.016E-05            0.00649853248408     0        0.01409990751592  0          1.00000000   
30000       0.0275607   0.0408842    1.304E-05            0.00422593860002     0        0.01008212139998  0          1.00000000   
40000       0.02116678  0.0324196    1.056E-05            0.00334392504276     0        0.00799473495724  0          1.00000000   
50000       0.01743518  0.027217     8.64E-06             0.0027288160877      0        0.0067117639123   0          1.00000000   
70000       0.0131      0.0212       6.88E-06             0.00176515972        0        0.00522796028     0          1.00000000   
100000      0.00991704  0.0164454    4.48E-06             0.00144501311374     0        0.00405546688626  0          1.00000000   
150000      0.00744746  0.0127352    3.28E-06             0.00099213548312     0        0.00314052451688  0          1.00000000   
200000      0.00621678  0.0108672    2.16E-06             0.00077618783232     0        0.00267987216768  0          1.00000000   
300000      0.00499188  0.0090207    1.68E-06             0.00057041824067     0        0.00222452175933  0          1.00000000   
400000      0.00435594  0.0081276    1.4E-06              0.00047917839756     0        0.00200428160244  0          1.00000000   
500000      0.0039709   0.00761634   1.336E-06            0.00043092008495     0        0.00187820391505  0          1.00000000   
700000      0.00352     0.00713      1.16E-06             0.000350568453       0        0.001758271547    0          1.00000000   
1000000     0.00315582  0.00672364   1.12E-06             0.00036965760108     0        0.00165806239892  0          1.00000000   
1500000     0.00286458  0.00652098   1.056E-06            0.00034679794214     0        0.00160808605786  0          1.00000000   
2000000     0.00270826  0.00645072   9.52E-07             0.00031580819163     0        0.00159075980837  0          1.00000000   
3000000     0.00255346  0.00639848   8.32E-07             0.00028155067489     0        0.00157787732511  0          1.00000000   
4000000     0.0024736   0.00636196   7.68E-07             0.00026260057628     0        0.00156887142372  0          1.00000000      

