#        Energy      Elastic     Ionisation   ElectronicExc  Dissociation  VibrationalExc  RotationalExc  Positronium  Annihilation  factor_gl
0.004    7.57112     0           0            0              0             0               0              1.51422
0.0115   7.57112     0           0            0              0             0               0              1.51422
0.1      2.77709     0           0            0              0             45.3661         0              0.0733752
0.15     2.3743      0           0            0              0             33.7066         0              0.0643129
0.2      2.07752     0           0            0              0.000757112   27.1349         0              0.0535778
0.3      1.65565     0           0            0              0.162779      19.8424         0              0.0369474
0.4      1.3737      0           0            0              0.370985      15.8146         0              0.0266969
0.5      1.17231     0           0            0              0.423983      13.2071         0              0.0202436
0.7      0.953961    0           0            0              0.0446696     10.0484         0              0.0129646
1        0.792848    0           0            0              0.0637488     7.50449         0              0.00788652
1.5      0.810117    0           0            0              0.0621408     7.01545         0              0.00577851
2        0.823141    0           0            0              0.0587958     6.70708         0              0.00461466
3        0.878679    0           0            0              0.0753153     6.30846         0              0.00337101
4        0.9576      0           0            0              0.1044        6.104           0              0.00273118
5        1.0423      0           0            0              0.138877      6.0266          0              0.00233621
6        1.20348     0           0            0              0.156452      6.46869         0.225652       0.00224347
7        1.43093     0           0.00378554   0              0.26158       7.13346         0.548903       0
10       1.37811     0           0.0675546    0              0.242714      6.66089         1.16773        0
12       1.44589     0.00556113  0.166834     0              0.222445      6.67335         1.47926        0
15       1.50283     0.088347    0.368408     1.11463        0.212564      6.41678         1.93965        0
20       1.88707     0.348033    0.496656     2.10405        0.136305      5.66122         2.0673         0
30       2.3523      0.913027    0.327553     2.65751        0.0672084     4.37527         1.91544        0
40       2.64486     1.44456     0.42288      2.76956        0.0425066     3.80859         1.61525        0
50       2.60135     1.84424     0.370686     2.56583        0.0285253     3.27248         1.2975         0
60       2.3868      1.989       0.348075     2.28735        0.01989       2.3868          1.08401        0
70       2.13458     2.14577     0.329696     2.02799        0.0146874     2.43951         0.64345        0
100      1.64616     2.31246     0.303747     1.24003        0.00719896    1.76934         0.279959       0
150      1.22079     2.16158     0.197812     0.852177       0             1.22359         0.0839991      0
200      0.979999    1.9404      0.132966     0.673433       0             0.943599        0.0336         0
300      0.7084      1.6072      0.0693051    0.451495       0             0.6524          0.0112         0
400      0.56        1.3664      0.0422783    0.352522       0             0.5012          0.0056         0
500      0.4648      1.2012      0.0281861    0.290014       0             0.4088          0.001          0
700      0.35        0.9268      0.0136911    0.249509       0             0.2996          0              0
1000     0.25984     0.7112      0.00665777   0.186822       0             0.21588         0              0
2000     0.14504     0.406       0.00170988   0.10637        0             0.11368         0              0
3000     0.10304     0.294       0.000779356  0.0700606      0             0.07812         0              0
4000     0.08064     0.2366      0.000522707  0.0451173      0             0.05992         0              0
5000     0.06664     0.19656     0.000288651  0.0321913      0             0.04872         0              0
7000     0.04984     0.138       0.000139786  0.0326602      0             0.03556         0              0
10000    0.0364      0.103       6.87055e-05  0.0198513      0             0.02548         0              0
10000    0.03612     0.103       6.87056e-05  0.0198513      0             0.00812         0              0
15000    0.051805    0.072842    2.824e-05    0              0             0.017963        0              0
20000    0.0396456   0.0571768   2.016e-05    0              0             0.0140999       0              0
30000    0.0275607   0.0408842   1.304e-05    0              0             0.0100821       0              0
40000    0.0211668   0.0324196   1.056e-05    0              0             0.00799473      0              0
50000    0.0174352   0.027217    8.64e-06     0              0             0.00671176      0              0
70000    0.0131      0.0212      6.88e-06     0              0             0.00522796      0              0
100000   0.00991704  0.0164454   4.48e-06     0              0             0.00405547      0              0
150000   0.00744746  0.0127352   3.28e-06     0              0             0.00314052      0              0
200000   0.00621678  0.0108672   2.16e-06     0              0             0.00267987      0              0
300000   0.00499188  0.0090207   1.68e-06     0              0             0.00222452      0              0
400000   0.00435594  0.0081276   1.4e-06      0              0             0.00200428      0              0
500000   0.0039709   0.00761634  1.336e-06    0              0             0.0018782       0              0
700000   0.00352     0.00713     1.16e-06     0              0             0.00175827      0              0
1000000  0.00315582  0.00672364  1.12e-06     0              0             0.00165806      0              0
1500000  0.00286458  0.00652098  1.056e-06    0              0             0.00160809      0              0
2000000  0.00270826  0.00645072  9.52e-07     0              0             0.00159076      0              0
3000000  0.00255346  0.00639848  8.32e-07     0              0             0.00157788      0              0
4000000  0.0024736   0.00636196  7.68e-07     0              0             0.00156887      0              0
