20.94	0
20.93	0
20.93	0
20.92	0
20.92	0
20.91	0
20.91	0
20.9	0
20.9	0
20.89	0
20.89	0
20.88	0
20.88	0
20.87	5
20.87	3
20.86	2
20.86	0
20.86	1
20.85	3
20.85	1
20.84	1
20.84	2
20.83	0
20.83	0
20.82	2
20.82	0
20.81	2
20.81	0
20.8	2
20.8	3
20.79	1
20.79	1
20.78	2
20.78	1
20.77	3
20.77	1
20.76	2
20.76	3
20.75	3
20.75	1
20.74	1
20.74	2
20.74	2
20.73	4
20.73	2
20.72	3
20.72	3
20.71	1
20.71	4
20.7	3
20.7	1
20.69	3
20.69	2
20.68	3
20.68	2
20.67	5
20.67	3
20.66	2
20.66	3
20.65	4
20.65	3
20.64	3
20.64	6
20.63	3
20.63	5
20.62	3
20.62	1
20.62	5
20.61	3
20.61	3
20.6	7
20.6	6
20.59	5
20.59	7
20.58	6
20.58	7
20.57	8
20.57	8
20.56	11
20.56	9
20.55	10
20.55	8
20.54	10
20.54	10
20.53	9
20.53	8
20.52	13
20.52	15
20.51	11
20.51	12
20.5	10
20.5	13
20.5	16
20.49	13
20.49	13
20.48	15
20.48	22
20.47	14
20.47	24
20.46	15
20.46	22
20.45	21
20.45	25
20.44	24
20.44	25
20.43	30
20.43	22
20.42	30
20.42	25
20.41	26
20.41	32
20.4	38
20.4	32
20.39	36
20.39	35
20.38	42
20.38	44
20.38	51
20.37	49
20.37	45
20.36	42
20.36	49
20.35	64
20.35	51
20.34	64
20.34	49
20.33	65
20.33	73
20.32	73
20.32	81
20.31	97
20.31	82
20.3	79
20.3	80
20.29	102
20.29	101
20.28	108
20.28	99
20.27	103
20.27	103
20.26	113
20.26	120
20.26	144
20.25	135
20.25	136
20.24	159
20.24	152
20.23	184
20.23	188
20.22	187
20.22	180
20.21	190
20.21	188
20.2	202
20.2	235
20.19	247
20.19	236
20.18	226
20.18	238
20.17	286
20.17	286
20.16	305
20.16	360
20.15	307
20.15	321
20.14	346
20.14	379
20.14	413
20.13	448
20.13	443
20.12	435
20.12	418
20.11	428
20.11	465
20.1	571
20.1	531
20.09	537
20.09	564
20.08	581
20.08	673
20.07	685
20.07	731
20.06	761
20.06	730
20.05	747
20.05	818
20.04	846
20.04	855
20.03	915
20.03	896
20.02	953
20.02	998
20.02	1034
20.01	1111
20.01	1193
20	1156
20	1142
19.99	1215
19.99	1239
19.98	1316
19.98	1427
19.97	1413
19.97	1428
19.96	1421
19.96	1456
19.95	1574
19.95	1709
19.94	1771
19.94	1715
19.93	1716
19.93	1797
19.92	1932
19.92	1974
19.91	2002
19.91	2073
19.9	2090
19.9	2172
19.9	2158
19.89	2212
19.89	2358
19.88	2423
19.88	2420
19.87	2506
19.87	2540
19.86	2707
19.86	2752
19.85	2824
19.85	2843
19.84	2884
19.84	2847
19.83	2992
19.83	3040
19.82	3253
19.82	3200
19.81	3204
19.81	3233
19.8	3388
19.8	3396
19.79	3632
19.79	3517
19.78	3526
19.78	3620
19.78	3662
19.77	3789
19.77	3799
19.76	3924
19.76	3941
19.75	3933
19.75	3984
19.74	4056
19.74	4164
19.73	4243
19.73	4237
19.72	4269
19.72	4337
19.71	4430
19.71	4422
19.7	4503
19.7	4557
19.69	4561
19.69	4619
19.68	4513
19.68	4698
19.67	4771
19.67	4769
19.66	4794
19.66	4827
19.66	4880
19.65	4905
19.65	4985
19.64	5023
19.64	5048
19.63	5025
19.63	4987
19.62	5044
19.62	5210
19.61	5202
19.61	5260
19.6	5250
19.6	5279
19.59	5246
19.59	5295
19.58	5316
19.58	5310
19.57	5395
19.57	5382
19.56	5418
19.56	5512
19.55	5543
19.55	5547
19.54	5608
19.54	5578
19.54	5537
19.53	5623
19.53	5614
19.52	5675
19.52	5654
19.51	5713
19.51	5631
19.5	5670
19.5	5709
19.49	5720
19.49	5814
19.48	5794
19.48	5692
19.47	5769
19.47	5770
19.46	5874
19.46	5842
19.45	5769
19.45	5835
19.44	5935
19.44	5888
19.43	5895
19.43	5847
19.42	5928
19.42	5954
19.42	5912
19.41	5983
19.41	5948
19.4	5985
19.4	5942
19.39	5964
19.39	5972
19.38	6038
19.38	5968
19.37	5970
19.37	6015
19.36	5942
19.36	5935
19.35	6023
19.35	6008
19.34	5977
19.34	5992
19.33	6113
19.33	6074
19.32	5999
19.32	6067
19.31	6006
19.31	6062
19.3	6118
19.3	6041
19.3	6022
19.29	6149
19.29	6070
19.28	6046
19.28	6095
19.27	6126
19.27	6103
19.26	6135
19.26	6084
19.25	6088
19.25	6103
19.24	6150
19.24	6154
19.23	6170
19.23	6148
19.22	6168
19.22	6189
19.21	6154
19.21	6132
19.2	6120
19.2	6140
19.19	6179
19.19	6136
19.18	6167
19.18	6114
19.18	6198
19.17	6214
19.17	6195
19.16	6209
19.16	6162
19.15	6159
19.15	6150
19.14	6198
19.14	6208
19.13	6227
19.13	6256
19.12	6199
19.12	6186
19.11	6193
19.11	6246
19.1	6193
19.1	6112
19.09	6257
19.09	6165
19.08	6229
19.08	6180
19.07	6217
19.07	6191
19.06	6212
19.06	6202
19.06	6263
19.05	6238
19.05	6247
19.04	6236
19.04	6215
19.03	6223
19.03	6230
19.02	6251
19.02	6298
19.01	6255
19.01	6256
19	6247
19	6260
18.99	6234
18.99	6274
18.98	6225
18.98	6295
18.97	6248
18.97	6273
18.96	6280
18.96	6271
18.95	6233
18.95	6271
18.94	6268
18.94	6316
18.94	6267
18.93	6219
18.93	6207
18.92	6336
18.92	6287
18.91	6256
18.91	6290
18.9	6262
18.9	6305
18.89	6258
18.89	6272
18.88	6168
18.88	6267
18.87	6203
18.87	6332
18.86	6328
18.86	6248
18.85	6268
18.85	6262
18.84	6217
18.84	6182
18.83	6303
18.83	6274
18.82	6194
18.82	6208
18.82	6320
18.81	6238
18.81	6267
18.8	6245
18.8	6224
18.79	6198
18.79	6257
18.78	6215
18.78	6305
18.77	6200
18.77	6238
18.76	6306
18.76	6270
18.75	6349
18.75	6306
18.74	6195
18.74	6278
18.73	6203
18.73	6273
18.72	6223
18.72	6244
18.71	6297
18.71	6299
18.7	6243
18.7	6246
18.7	6262
18.69	6221
18.69	6304
18.68	6288
18.68	6244
18.67	6273
18.67	6190
18.66	6280
18.66	6256
18.65	6285
18.65	6238
18.64	6292
18.64	6277
18.63	6205
18.63	6265
18.62	6280
18.62	6317
18.61	6252
18.61	6301
18.6	6298
18.6	6249
18.59	6277
18.59	6303
18.58	6260
18.58	6302
18.58	6176
18.57	6210
18.57	6246
18.56	6268
18.56	6248
18.55	6277
18.55	6312
18.54	6273
18.54	6207
18.53	6279
18.53	6272
18.52	6268
18.52	6221
18.51	6265
18.51	6236
18.5	6300
18.5	6268
18.49	6282
18.49	6233
18.48	6307
18.48	6265
18.47	6300
18.47	6274
18.46	6298
18.46	6261
18.46	6246
18.45	6306
18.45	6274
18.44	6243
18.44	6251
18.43	6257
18.43	6233
18.42	6261
18.42	6173
18.41	6270
18.41	6240
18.4	6306
18.4	6223
18.39	6263
18.39	6278
18.38	6289
18.38	6345
18.37	6262
18.37	6326
18.36	6207
18.36	6317
18.35	6309
18.35	6258
18.34	6281
18.34	6227
18.34	6233
18.33	6256
18.33	6325
18.32	6308
18.32	6272
18.31	6214
18.31	6239
18.3	6289
18.3	6263
18.29	6325
18.29	6296
18.28	6361
18.28	6288
18.27	6296
18.27	6282
18.26	6258
18.26	6226
18.25	6184
18.25	6298
18.24	6224
18.24	6290
18.23	6271
18.23	6223
18.22	6195
18.22	6294
18.22	6297
18.21	6285
18.21	6205
18.2	6280
18.2	6278
18.19	6317
18.19	6297
18.18	6295
18.18	6297
18.17	6264
18.17	6239
18.16	6307
18.16	6276
18.15	6322
18.15	6327
18.14	6218
18.14	6344
18.13	6268
18.13	6281
18.12	6232
18.12	6299
18.11	6284
18.11	6254
18.1	6280
18.1	6296
18.1	6195
18.09	6268
18.09	6207
18.08	6260
18.08	6288
18.07	6234
18.07	6236
18.06	6276
18.06	6207
18.05	6264
18.05	6266
18.04	6252
18.04	6314
18.03	6278
18.03	6291
18.02	6260
18.02	6185
18.01	6255
18.01	6261
18	6254
18	6323
17.99	6207
17.99	6258
17.98	6201
17.98	6191
17.98	6247
17.97	6304
17.97	6251
17.96	6246
17.96	6346
17.95	6268
17.95	6379
17.94	6270
17.94	6305
17.93	6281
17.93	6207
17.92	6258
17.92	6270
17.91	6264
17.91	6268
17.9	6266
17.9	6205
17.89	6265
17.89	6292
17.88	6307
17.88	6195
17.87	6264
17.87	6236
17.86	6275
17.86	6280
17.86	6219
17.85	6282
17.85	6271
17.84	6291
17.84	6238
17.83	6297
17.83	6305
17.82	6218
17.82	6303
17.81	6214
17.81	6346
17.8	6301
17.8	6313
17.79	6237
17.79	6285
17.78	6382
17.78	6215
17.77	6251
17.77	6343
17.76	6207
17.76	6278
17.75	6271
17.75	6275
17.74	6327
17.74	6242
17.74	6244
17.73	6271
17.73	6287
17.72	6276
17.72	6237
17.71	6291
17.71	6322
17.7	6286
17.7	6285
17.69	6255
17.69	6226
17.68	6286
17.68	6241
17.67	6275
17.67	6253
17.66	6245
17.66	6296
17.65	6254
17.65	6246
17.64	6241
17.64	6184
17.63	6234
17.63	6183
17.62	6263
17.62	6209
17.62	6287
17.61	6319
17.61	6211
17.6	6274
17.6	6286
17.59	6266
17.59	6303
17.58	6311
17.58	6304
17.57	6272
17.57	6289
17.56	6365
17.56	6246
17.55	6194
17.55	6252
17.54	6311
17.54	6249
17.53	6343
17.53	6229
17.52	6237
17.52	6257
17.51	6212
17.51	6321
17.5	6299
17.5	6249
17.5	6325
17.49	6343
17.49	6322
17.48	6262
17.48	6258
17.47	6222
17.47	6266
17.46	6276
17.46	6271
17.45	6250
17.45	6252
17.44	6271
17.44	6287
17.43	6273
17.43	6331
17.42	6272
17.42	6308
17.41	6253
17.41	6321
17.4	6234
17.4	6260
17.39	6248
17.39	6288
17.38	6279
17.38	6275
17.38	6233
17.37	6288
17.37	6222
17.36	6255
17.36	6247
17.35	6234
17.35	6284
17.34	6288
17.34	6223
17.33	6309
17.33	6260
17.32	6288
17.32	6248
17.31	6278
17.31	6260
17.3	6226
17.3	6245
17.29	6241
17.29	6215
17.28	6241
17.28	6248
17.27	6249
17.27	6243
17.26	6217
17.26	6290
17.26	6286
17.25	6277
17.25	6194
17.24	6267
17.24	6258
17.23	6318
17.23	6281
17.22	6266
17.22	6235
17.21	6293
17.21	6302
17.2	6268
17.2	6299
17.19	6273
17.19	6246
17.18	6195
17.18	6303
17.17	6287
17.17	6256
17.16	6310
17.16	6176
17.15	6265
17.15	6273
17.14	6305
17.14	6283
17.14	6311
17.13	6239
17.13	6249
17.12	6227
17.12	6270
17.11	6263
17.11	6274
17.1	6184
17.1	6287
17.09	6238
17.09	6341
17.08	6246
17.08	6256
17.07	6231
17.07	6343
17.06	6297
17.06	6218
17.05	6219
17.05	6276
17.04	6204
17.04	6273
17.03	6265
17.03	6347
17.02	6267
17.02	6311
17.02	6319
17.01	6280
17.01	6323
17	6288
17	6257
16.99	6268
16.99	6267
16.98	6247
16.98	6256
16.97	6335
16.97	6203
16.96	6254
16.96	6182
16.95	6264
16.95	6209
16.94	6219
16.94	6290
16.93	6303
16.93	6257
16.92	6252
16.92	6264
16.91	6352
16.91	6237
16.9	6217
16.9	6299
16.9	6214
16.89	6260
16.89	6301
16.88	6277
16.88	6282
16.87	6202
16.87	6262
16.86	6268
16.86	6245
16.85	6222
16.85	6226
16.84	6234
16.84	6262
16.83	6241
16.83	6265
16.82	6192
16.82	6316
16.81	6283
16.81	6264
16.8	6302
16.8	6265
16.79	6207
16.79	6239
16.78	6289
16.78	6318
16.78	6331
16.77	6298
16.77	6308
16.76	6258
16.76	6211
16.75	6266
16.75	6306
16.74	6279
16.74	6199
16.73	6243
16.73	6296
16.72	6256
16.72	6328
16.71	6276
16.71	6258
16.7	6291
16.7	6188
16.69	6248
16.69	6296
16.68	6265
16.68	6235
16.67	6257
16.67	6260
16.66	6254
16.66	6206
16.66	6278
16.65	6264
16.65	6196
16.64	6304
16.64	6315
16.63	6302
16.63	6293
16.62	6299
16.62	6256
16.61	6308
16.61	6240
16.6	6258
16.6	6235
16.59	6198
16.59	6249
16.58	6281
16.58	6293
16.57	6274
16.57	6204
16.56	6336
16.56	6250
16.55	6327
16.55	6258
16.54	6248
16.54	6307
16.54	6204
16.53	6170
16.53	6300
16.52	6265
16.52	6286
16.51	6250
16.51	6248
16.5	6214
16.5	6316
16.49	6273
16.49	6197
16.48	6263
16.48	6203
16.47	6315
16.47	6304
16.46	6295
16.46	6268
16.45	6267
16.45	6293
16.44	6281
16.44	6279
16.43	6289
16.43	6259
16.42	6238
16.42	6292
16.42	6283
16.41	6320
16.41	6283
16.4	6241
16.4	6260
16.39	6244
16.39	6279
16.38	6272
16.38	6336
16.37	6219
16.37	6213
16.36	6323
16.36	6232
16.35	6240
16.35	6294
16.34	6303
16.34	6301
16.33	6325
16.33	6242
16.32	6225
16.32	6288
16.31	6272
16.31	6306
16.3	6289
16.3	6292
16.3	6284
16.29	6296
16.29	6237
16.28	6329
16.28	6311
16.27	6190
16.27	6274
16.26	6233
16.26	6210
16.25	6245
16.25	6217
16.24	6245
16.24	6226
16.23	6255
16.23	6292
16.22	6247
16.22	6248
16.21	6231
16.21	6294
16.2	6199
16.2	6286
16.19	6292
16.19	6233
16.18	6274
16.18	6355
16.18	6250
16.17	6281
16.17	6237
16.16	6282
16.16	6306
16.15	6276
16.15	6255
16.14	6338
16.14	6259
16.13	6251
16.13	6240
16.12	6224
16.12	6250
16.11	6251
16.11	6232
16.1	6255
16.1	6361
16.09	6203
16.09	6337
16.08	6268
16.08	6285
16.07	6290
16.07	6283
16.06	6235
16.06	6272
16.06	6266
16.05	6302
16.05	6235
16.04	6206
16.04	6236
16.03	6237
16.03	6309
16.02	6260
16.02	6304
16.01	6321
16.01	6206
16	6231
16	6347
15.99	6206
15.99	6236
15.98	6245
15.98	6274
15.97	6298
15.97	6266
15.96	6329
15.96	6204
15.95	6257
15.95	6231
15.94	6281
15.94	6207
15.94	6370
15.93	6257
15.93	6302
15.92	6267
15.92	6254
15.91	6299
15.91	6214
15.9	6281
15.9	6271
15.89	6271
15.89	6303
15.88	6271
15.88	6278
15.87	6293
15.87	6261
15.86	6261
15.86	6255
15.85	6223
15.85	6234
15.84	6266
15.84	6264
15.83	6256
15.83	6270
15.82	6254
15.82	6257
15.82	6264
15.81	6237
15.81	6264
15.8	6270
15.8	6212
15.79	6249
15.79	6283
15.78	6358
15.78	6324
15.77	6325
15.77	6250
15.76	6262
15.76	6317
15.75	6310
15.75	6233
15.74	6263
15.74	6328
15.73	6244
15.73	6323
15.72	6256
15.72	6339
15.71	6268
15.71	6199
15.7	6287
15.7	6211
15.7	6254
15.69	6185
15.69	6207
15.68	6255
15.68	6258
15.67	6289
15.67	6292
15.66	6294
15.66	6219
15.65	6282
15.65	6210
15.64	6226
15.64	6252
15.63	6230
15.63	6172
15.62	6248
15.62	6213
15.61	6240
15.61	6281
15.6	6211
15.6	6274
15.59	6267
15.59	6258
15.58	6274
15.58	6273
15.58	6275
15.57	6259
15.57	6197
15.56	6205
15.56	6237
15.55	6248
15.55	6271
15.54	6272
15.54	6217
15.53	6296
15.53	6283
15.52	6265
15.52	6250
15.51	6221
15.51	6215
15.5	6200
15.5	6201
15.49	6225
15.49	6285
15.48	6254
15.48	6256
15.47	6230
15.47	6196
15.46	6216
15.46	6243
15.46	6226
15.45	6182
15.45	6249
15.44	6218
15.44	6275
15.43	6319
15.43	6281
15.42	6335
15.42	6251
15.41	6199
15.41	6199
15.4	6229
15.4	6217
15.39	6227
15.39	6304
15.38	6235
15.38	6323
15.37	6189
15.37	6252
15.36	6263
15.36	6254
15.35	6314
15.35	6277
15.34	6314
15.34	6327
15.34	6202
15.33	6269
15.33	6288
15.32	6241
15.32	6213
15.31	6237
15.31	6297
15.3	6228
15.3	6205
15.29	6253
15.29	6226
15.28	6213
15.28	6246
15.27	6271
15.27	6194
15.26	6284
15.26	6190
15.25	6242
15.25	6215
15.24	6286
15.24	6288
15.23	6273
15.23	6269
15.22	6204
15.22	6283
15.22	6176
15.21	6276
15.21	6257
15.2	6229
15.2	6299
15.19	6234
15.19	6238
15.18	6274
15.18	6248
15.17	6193
15.17	6303
15.16	6236
15.16	6264
15.15	6291
15.15	6218
15.14	6299
15.14	6216
15.13	6219
15.13	6284
15.12	6216
15.12	6253
15.11	6292
15.11	6214
15.1	6325
15.1	6272
15.1	6169
15.09	6260
15.09	6216
15.08	6204
15.08	6202
15.07	6197
15.07	6234
15.06	6241
15.06	6240
15.05	6249
15.05	6271
15.04	6270
15.04	6171
15.03	6297
15.03	6254
15.02	6284
15.02	6327
15.01	6258
15.01	6232
15	6268
15	6267
14.99	6292
14.99	6222
14.98	6279
14.98	6284
14.98	6265
14.97	6238
14.97	6203
14.96	6217
14.96	6220
14.95	6224
14.95	6249
14.94	6220
14.94	6238
14.93	6225
14.93	6243
14.92	6230
14.92	6255
14.91	6273
14.91	6293
14.9	6209
14.9	6263
14.89	6283
14.89	6315
14.88	6284
14.88	6231
14.87	6306
14.87	6201
14.86	6286
14.86	6180
14.86	6187
14.85	6244
14.85	6265
14.84	6242
14.84	6235
14.83	6275
14.83	6281
14.82	6258
14.82	6205
14.81	6232
14.81	6247
14.8	6273
14.8	6245
14.79	6284
14.79	6253
14.78	6237
14.78	6244
14.77	6221
14.77	6235
14.76	6253
14.76	6225
14.75	6185
14.75	6196
14.74	6316
14.74	6190
14.74	6218
14.73	6186
14.73	6296
14.72	6251
14.72	6265
14.71	6186
14.71	6253
14.7	6231
14.7	6243
14.69	6202
14.69	6197
14.68	6243
14.68	6255
14.67	6199
14.67	6261
14.66	6192
14.66	6343
14.65	6314
14.65	6328
14.64	6235
14.64	6249
14.63	6270
14.63	6253
14.62	6242
14.62	6238
14.62	6279
14.61	6261
14.61	6272
14.6	6264
14.6	6175
14.59	6353
14.59	6241
14.58	6276
14.58	6257
14.57	6217
14.57	6226
14.56	6279
14.56	6228
14.55	6233
14.55	6252
14.54	6251
14.54	6254
14.53	6251
14.53	6213
14.52	6268
14.52	6296
14.51	6261
14.51	6271
14.5	6215
14.5	6255
14.5	6280
14.49	6274
14.49	6237
14.48	6277
14.48	6179
14.47	6245
14.47	6207
14.46	6312
14.46	6185
14.45	6243
14.45	6229
14.44	6241
14.44	6231
14.43	6255
14.43	6212
14.42	6131
14.42	6282
14.41	6248
14.41	6250
14.4	6270
14.4	6246
14.39	6226
14.39	6157
14.38	6230
14.38	6218
14.38	6251
14.37	6256
14.37	6331
14.36	6219
14.36	6206
14.35	6251
14.35	6273
14.34	6253
14.34	6231
14.33	6326
14.33	6194
14.32	6275
14.32	6255
14.31	6186
14.31	6218
14.3	6220
14.3	6246
14.29	6231
14.29	6254
14.28	6242
14.28	6269
14.27	6244
14.27	6245
14.26	6211
14.26	6274
14.26	6271
14.25	6285
14.25	6310
14.24	6258
14.24	6268
14.23	6233
14.23	6295
14.22	6292
14.22	6259
14.21	6237
14.21	6254
14.2	6224
14.2	6173
14.19	6292
14.19	6223
14.18	6213
14.18	6327
14.17	6284
14.17	6280
14.16	6285
14.16	6187
14.15	6250
14.15	6246
14.14	6252
14.14	6271
14.14	6227
14.13	6271
14.13	6226
14.12	6206
14.12	6286
14.11	6214
14.11	6280
14.1	6211
14.1	6351
14.09	6315
14.09	6219
14.08	6219
14.08	6298
14.07	6302
14.07	6250
14.06	6312
14.06	6247
14.05	6329
14.05	6315
14.04	6245
14.04	6291
14.03	6266
14.03	6256
14.02	6223
14.02	6286
14.02	6338
14.01	6291
14.01	6221
14	6240
14	6324
13.99	6269
13.99	6244
13.98	6221
13.98	6249
13.97	6246
13.97	6233
13.96	6211
13.96	6241
13.95	6256
13.95	6177
13.94	6309
13.94	6210
13.93	6174
13.93	6274
13.92	6247
13.92	6234
13.91	6303
13.91	6287
13.9	6183
13.9	6256
13.9	6189
13.89	6248
13.89	6179
13.88	6220
13.88	6274
13.87	6224
13.87	6206
13.86	6241
13.86	6222
13.85	6259
13.85	6237
13.84	6318
13.84	6273
13.83	6221
13.83	6222
13.82	6215
13.82	6281
13.81	6278
13.81	6226
13.8	6215
13.8	6269
13.79	6276
13.79	6251
13.78	6316
13.78	6324
13.78	6231
13.77	6305
13.77	6238
13.76	6238
13.76	6233
13.75	6223
13.75	6210
13.74	6327
13.74	6241
13.73	6119
13.73	6254
13.72	6241
13.72	6258
13.71	6336
13.71	6232
13.7	6208
13.7	6250
13.69	6208
13.69	6249
13.68	6296
13.68	6291
13.67	6229
13.67	6260
13.66	6217
13.66	6250
13.66	6345
13.65	6250
13.65	6220
13.64	6234
13.64	6246
13.63	6309
13.63	6198
13.62	6227
13.62	6278
13.61	6255
13.61	6243
13.6	6270
13.6	6272
13.59	6254
13.59	6241
13.58	6272
13.58	6254
13.57	6241
13.57	6238
13.56	6270
13.56	6209
13.55	6270
13.55	6228
13.54	6279
13.54	6302
13.54	6263
13.53	6196
13.53	6193
13.52	6305
13.52	6210
13.51	6181
13.51	6256
13.5	6318
13.5	6286
13.49	6178
13.49	6297
13.48	6216
13.48	6257
13.47	6250
13.47	6281
13.46	6323
13.46	6336
13.45	6216
13.45	6224
13.44	6252
13.44	6244
13.43	6288
13.43	6190
13.42	6211
13.42	6271
13.42	6241
13.41	6227
13.41	6242
13.4	6242
13.4	6241
13.39	6239
13.39	6285
13.38	6221
13.38	6230
13.37	6257
13.37	6234
13.36	6299
13.36	6265
13.35	6268
13.35	6171
13.34	6219
13.34	6271
13.33	6265
13.33	6221
13.32	6287
13.32	6270
13.31	6310
13.31	6174
13.3	6283
13.3	6268
13.3	6293
13.29	6271
13.29	6203
13.28	6254
13.28	6219
13.27	6299
13.27	6283
13.26	6209
13.26	6292
13.25	6259
13.25	6218
13.24	6308
13.24	6286
13.23	6181
13.23	6203
13.22	6228
13.22	6220
13.21	6259
13.21	6259
13.2	6118
13.2	6264
13.19	6295
13.19	6167
13.18	6263
13.18	6223
13.18	6268
13.17	6256
13.17	6277
13.16	6204
13.16	6178
13.15	6207
13.15	6269
13.14	6259
13.14	6285
13.13	6218
13.13	6241
13.12	6268
13.12	6256
13.11	6243
13.11	6262
13.1	6256
13.1	6253
13.09	6255
13.09	6254
13.08	6302
13.08	6214
13.07	6233
13.07	6282
13.06	6252
13.06	6246
13.06	6244
13.05	6249
13.05	6234
13.04	6226
13.04	6279
13.03	6279
13.03	6245
13.02	6249
13.02	6225
13.01	6210
13.01	6243
13	6231
13	6235
12.99	6295
12.99	6296
12.98	6219
12.98	6191
12.97	6215
12.97	6252
12.96	6221
12.96	6221
12.95	6203
12.95	6236
12.94	6215
12.94	6238
12.94	6263
12.93	6183
12.93	6269
12.92	6238
12.92	6268
12.91	6210
12.91	6291
12.9	6247
12.9	6241
12.89	6273
12.89	6270
12.88	6247
12.88	6223
12.87	6196
12.87	6281
12.86	6281
12.86	6209
12.85	6317
12.85	6288
12.84	6276
12.84	6288
12.83	6226
12.83	6265
12.82	6204
12.82	6209
12.82	6213
12.81	6178
12.81	6294
12.8	6201
12.8	6238
12.79	6190
12.79	6242
12.78	6220
12.78	6181
12.77	6244
12.77	6237
12.76	6213
12.76	6267
12.75	6243
12.75	6259
12.74	6210
12.74	6208
12.73	6197
12.73	6262
12.72	6243
12.72	6263
12.71	6254
12.71	6183
12.7	6204
12.7	6268
12.7	6296
12.69	6209
12.69	6242
12.68	6219
12.68	6201
12.67	6217
12.67	6279
12.66	6265
12.66	6225
12.65	6290
12.65	6225
12.64	6285
12.64	6187
12.63	6171
12.63	6222
12.62	6235
12.62	6239
12.61	6258
12.61	6242
12.6	6265
12.6	6321
12.59	6230
12.59	6254
12.58	6294
12.58	6262
12.58	6183
12.57	6236
12.57	6189
12.56	6238
12.56	6167
12.55	6262
12.55	6210
12.54	6278
12.54	6242
12.53	6254
12.53	6251
12.52	6298
12.52	6220
12.51	6266
12.51	6264
12.5	6277
12.5	6187
12.49	6215
12.49	6226
12.48	6194
12.48	6212
12.47	6221
12.47	6252
12.46	6267
12.46	6250
12.46	6282
12.45	6261
12.45	6208
12.44	6238
12.44	6178
12.43	6210
12.43	6243
12.42	6208
12.42	6266
12.41	6146
12.41	6258
12.4	6224
12.4	6189
12.39	6213
12.39	6222
12.38	6197
12.38	6162
12.37	6205
12.37	6237
12.36	6188
12.36	6259
12.35	6234
12.35	6242
12.34	6300
12.34	6193
12.34	6227
12.33	6241
12.33	6232
12.32	6183
12.32	6272
12.31	6266
12.31	6207
12.3	6267
12.3	6255
12.29	6235
12.29	6269
12.28	6192
12.28	6235
12.27	6208
12.27	6282
12.26	6247
12.26	6232
12.25	6286
12.25	6257
12.24	6250
12.24	6206
12.23	6211
12.23	6213
12.22	6181
12.22	6238
12.22	6202
12.21	6268
12.21	6239
12.2	6199
12.2	6180
12.19	6216
12.19	6259
12.18	6173
12.18	6257
12.17	6229
12.17	6202
12.16	6236
12.16	6194
12.15	6253
12.15	6241
12.14	6237
12.14	6180
12.13	6239
12.13	6205
12.12	6175
12.12	6312
12.11	6266
12.11	6262
12.1	6245
12.1	6188
12.1	6252
12.09	6224
12.09	6223
12.08	6211
12.08	6247
12.07	6203
12.07	6252
12.06	6199
12.06	6249
12.05	6194
12.05	6226
12.04	6211
12.04	6209
12.03	6153
12.03	6205
12.02	6248
12.02	6210
12.01	6194
12.01	6301
12	6209
12	6240
11.99	6238
11.99	6178
11.98	6245
11.98	6269
11.98	6251
11.97	6194
11.97	6214
11.96	6239
11.96	6186
11.95	6217
11.95	6217
11.94	6231
11.94	6237
11.93	6251
11.93	6246
11.92	6139
11.92	6201
11.91	6208
11.91	6221
11.9	6294
11.9	6291
11.89	6138
11.89	6216
11.88	6206
11.88	6198
11.87	6198
11.87	6225
11.86	6208
11.86	6207
11.86	6226
11.85	6157
11.85	6210
11.84	6230
11.84	6208
11.83	6241
11.83	6235
11.82	6212
11.82	6190
11.81	6196
11.81	6246
11.8	6222
11.8	6259
11.79	6229
11.79	6192
11.78	6247
11.78	6249
11.77	6184
11.77	6217
11.76	6268
11.76	6215
11.75	6246
11.75	6202
11.74	6193
11.74	6263
11.74	6227
11.73	6267
11.73	6188
11.72	6231
11.72	6228
11.71	6284
11.71	6214
11.7	6193
11.7	6231
11.69	6184
11.69	6215
11.68	6279
11.68	6249
11.67	6194
11.67	6221
11.66	6302
11.66	6231
11.65	6162
11.65	6234
11.64	6229
11.64	6168
11.63	6185
11.63	6214
11.62	6190
11.62	6233
11.62	6277
11.61	6254
11.61	6156
11.6	6156
11.6	6213
11.59	6257
11.59	6221
11.58	6200
11.58	6260
11.57	6295
11.57	6216
11.56	6227
11.56	6237
11.55	6273
11.55	6114
11.54	6198
11.54	6226
11.53	6173
11.53	6207
11.52	6198
11.52	6187
11.51	6255
11.51	6248
11.5	6276
11.5	6194
11.5	6188
11.49	6180
11.49	6181
11.48	6158
11.48	6195
11.47	6264
11.47	6290
11.46	6234
11.46	6191
11.45	6186
11.45	6188
11.44	6232
11.44	6246
11.43	6241
11.43	6255
11.42	6154
11.42	6240
11.41	6289
11.41	6197
11.4	6186
11.4	6171
11.39	6217
11.39	6159
11.38	6215
11.38	6175
11.38	6184
11.37	6196
11.37	6267
11.36	6243
11.36	6246
11.35	6201
11.35	6258
11.34	6235
11.34	6231
11.33	6239
11.33	6154
11.32	6247
11.32	6301
11.31	6204
11.31	6213
11.3	6237
11.3	6169
11.29	6194
11.29	6266
11.28	6213
11.28	6206
11.27	6321
11.27	6167
11.26	6220
11.26	6201
11.26	6281
11.25	6163
11.25	6178
11.24	6194
11.24	6225
11.23	6256
11.23	6242
11.22	6248
11.22	6214
11.21	6247
11.21	6211
11.2	6204
11.2	6261
11.19	6210
11.19	6161
11.18	6222
11.18	6233
11.17	6185
11.17	6212
11.16	6200
11.16	6266
11.15	6187
11.15	6243
11.14	6105
11.14	6175
11.14	6262
11.13	6091
11.13	6248
11.12	6232
11.12	6202
11.11	6266
11.11	6172
11.1	6197
11.1	6236
11.09	6232
11.09	6170
11.08	6217
11.08	6200
11.07	6186
11.07	6151
11.06	6212
11.06	6263
11.05	6186
11.05	6172
11.04	6165
11.04	6254
11.03	6159
11.03	6259
11.02	6208
11.02	6208
11.02	6230
11.01	6287
11.01	6224
11	6216
11	6273
10.99	6215
10.99	6165
10.98	6183
10.98	6225
10.97	6193
10.97	6190
10.96	6234
10.96	6203
10.95	6266
10.95	6137
10.94	6217
10.94	6196
10.93	6184
10.93	6234
10.92	6181
10.92	6171
10.91	6185
10.91	6268
10.9	6262
10.9	6234
10.9	6203
10.89	6242
10.89	6149
10.88	6258
10.88	6140
10.87	6251
10.87	6251
10.86	6265
10.86	6215
10.85	6220
10.85	6229
10.84	6159
10.84	6206
10.83	6173
10.83	6228
10.82	6256
10.82	6171
10.81	6274
10.81	6168
10.8	6216
10.8	6178
10.79	6224
10.79	6219
10.78	6185
10.78	6270
10.78	6247
10.77	6176
10.77	6183
10.76	6256
10.76	6248
10.75	6211
10.75	6156
10.74	6263
10.74	6194
10.73	6276
10.73	6178
10.72	6265
10.72	6274
10.71	6268
10.71	6244
10.7	6196
10.7	6202
10.69	6312
10.69	6135
10.68	6208
10.68	6190
10.67	6186
10.67	6267
10.66	6210
10.66	6233
10.66	6287
10.65	6227
10.65	6123
10.64	6189
10.64	6187
10.63	6182
10.63	6179
10.62	6187
10.62	6228
10.61	6220
10.61	6196
10.6	6223
10.6	6208
10.59	6219
10.59	6137
10.58	6237
10.58	6197
10.57	6203
10.57	6206
10.56	6170
10.56	6177
10.55	6236
10.55	6183
10.54	6220
10.54	6204
10.54	6236
10.53	6244
10.53	6208
10.52	6245
10.52	6209
10.51	6192
10.51	6189
10.5	6158
10.5	6240
10.49	6177
10.49	6233
10.48	6243
10.48	6193
10.47	6232
10.47	6216
10.46	6214
10.46	6249
10.45	6204
10.45	6234
10.44	6227
10.44	6173
10.43	6216
10.43	6201
10.42	6174
10.42	6266
10.42	6156
10.41	6214
10.41	6249
10.4	6242
10.4	6177
10.39	6207
10.39	6263
10.38	6201
10.38	6159
10.37	6221
10.37	6127
10.36	6207
10.36	6232
10.35	6269
10.35	6179
10.34	6230
10.34	6186
10.33	6246
10.33	6193
10.32	6147
10.32	6191
10.31	6223
10.31	6216
10.3	6162
10.3	6158
10.3	6256
10.29	6227
10.29	6253
10.28	6270
10.28	6236
10.27	6171
10.27	6207
10.26	6176
10.26	6181
10.25	6202
10.25	6183
10.24	6176
10.24	6238
10.23	6224
10.23	6186
10.22	6190
10.22	6160
10.21	6243
10.21	6240
10.2	6183
10.2	6169
10.19	6180
10.19	6238
10.18	6246
10.18	6219
10.18	6228
10.17	6271
10.17	6159
10.16	6218
10.16	6186
10.15	6272
10.15	6276
10.14	6262
10.14	6211
10.13	6176
10.13	6258
10.12	6145
10.12	6245
10.11	6172
10.11	6167
10.1	6251
10.1	6238
10.09	6231
10.09	6267
10.08	6168
10.08	6291
10.07	6241
10.07	6184
10.06	6224
10.06	6241
10.06	6251
10.05	6247
10.05	6198
10.04	6182
10.04	6240
10.03	6169
10.03	6188
10.02	6234
10.02	6239
10.01	6182
10.01	6206
10	6203
10	6258
9.99	6193
9.99	6226
9.98	6257
9.98	6218
9.97	6229
9.97	6290
9.96	6234
9.96	6196
9.95	6221
9.95	6174
9.94	6228
9.94	6195
9.94	6165
9.93	6221
9.93	6197
9.92	6146
9.92	6202
9.91	6228
9.91	6265
9.9	6209
9.9	6225
9.89	6275
9.89	6256
9.88	6234
9.88	6241
9.87	6147
9.87	6265
9.86	6208
9.86	6137
9.85	6220
9.85	6246
9.84	6179
9.84	6241
9.83	6228
9.83	6182
9.82	6234
9.82	6228
9.82	6196
9.81	6237
9.81	6129
9.8	6186
9.8	6277
9.79	6220
9.79	6170
9.78	6214
9.78	6176
9.77	6267
9.77	6226
9.76	6129
9.76	6221
9.75	6199
9.75	6223
9.74	6200
9.74	6158
9.73	6176
9.73	6236
9.72	6234
9.72	6220
9.71	6188
9.71	6226
9.7	6287
9.7	6269
9.7	6151
9.69	6172
9.69	6207
9.68	6252
9.68	6226
9.67	6171
9.67	6161
9.66	6194
9.66	6300
9.65	6194
9.65	6313
9.64	6169
9.64	6192
9.63	6174
9.63	6279
9.62	6142
9.62	6261
9.61	6206
9.61	6257
9.6	6142
9.6	6312
9.59	6207
9.59	6179
9.58	6162
9.58	6229
9.58	6149
9.57	6269
9.57	6239
9.56	6233
9.56	6130
9.55	6283
9.55	6142
9.54	6265
9.54	6234
9.53	6245
9.53	6226
9.52	6227
9.52	6178
9.51	6237
9.51	6245
9.5	6206
9.5	6208
9.49	6218
9.49	6220
9.48	6166
9.48	6251
9.47	6177
9.47	6184
9.46	6255
9.46	6206
9.46	6213
9.45	6258
9.45	6229
9.44	6249
9.44	6189
9.43	6183
9.43	6184
9.42	6209
9.42	6269
9.41	6288
9.41	6286
9.4	6206
9.4	6159
9.39	6239
9.39	6171
9.38	6177
9.38	6196
9.37	6176
9.37	6155
9.36	6231
9.36	6198
9.35	6178
9.35	6192
9.34	6252
9.34	6182
9.34	6169
9.33	6185
9.33	6187
9.32	6238
9.32	6163
9.31	6214
9.31	6211
9.3	6201
9.3	6250
9.29	6199
9.29	6198
9.28	6249
9.28	6230
9.27	6237
9.27	6235
9.26	6197
9.26	6246
9.25	6203
9.25	6262
9.24	6262
9.24	6197
9.23	6212
9.23	6169
9.22	6218
9.22	6186
9.22	6189
9.21	6217
9.21	6126
9.2	6196
9.2	6179
9.19	6219
9.19	6241
9.18	6220
9.18	6303
9.17	6178
9.17	6232
9.16	6202
9.16	6249
9.15	6145
9.15	6205
9.14	6223
9.14	6170
9.13	6237
9.13	6240
9.12	6161
9.12	6211
9.11	6216
9.11	6204
9.1	6204
9.1	6165
9.1	6251
9.09	6182
9.09	6218
9.08	6141
9.08	6235
9.07	6239
9.07	6190
9.06	6202
9.06	6249
9.05	6146
9.05	6234
9.04	6226
9.04	6237
9.03	6201
9.03	6190
9.02	6208
9.02	6241
9.01	6232
9.01	6169
9	6218
9	6197
8.99	6204
8.99	6259
8.98	6200
8.98	6170
8.98	6137
8.97	6271
8.97	6208
8.96	6213
8.96	6229
8.95	6192
8.95	6212
8.94	6252
8.94	6196
8.93	6234
8.93	6172
8.92	6191
8.92	6239
8.91	6185
8.91	6232
8.9	6202
8.9	6188
8.89	6252
8.89	6290
8.88	6192
8.88	6183
8.87	6179
8.87	6235
8.86	6146
8.86	6246
8.86	6214
8.85	6132
8.85	6238
8.84	6240
8.84	6290
8.83	6245
8.83	6188
8.82	6184
8.82	6227
8.81	6212
8.81	6216
8.8	6279
8.8	6228
8.79	6236
8.79	6161
8.78	6188
8.78	6238
8.77	6190
8.77	6174
8.76	6199
8.76	6269
8.75	6250
8.75	6230
8.74	6192
8.74	6244
8.74	6242
8.73	6218
8.73	6140
8.72	6190
8.72	6247
8.71	6256
8.71	6266
8.7	6259
8.7	6251
8.69	6152
8.69	6200
8.68	6226
8.68	6245
8.67	6220
8.67	6166
8.66	6203
8.66	6189
8.65	6211
8.65	6209
8.64	6245
8.64	6156
8.63	6194
8.63	6185
8.62	6182
8.62	6207
8.62	6150
8.61	6245
8.61	6200
8.6	6185
8.6	6212
8.59	6293
8.59	6169
8.58	6232
8.58	6283
8.57	6275
8.57	6125
8.56	6252
8.56	6224
8.55	6186
8.55	6260
8.54	6220
8.54	6144
8.53	6181
8.53	6231
8.52	6187
8.52	6142
8.51	6186
8.51	6221
8.5	6307
8.5	6234
8.5	6192
8.49	6199
8.49	6284
8.48	6207
8.48	6209
8.47	6205
8.47	6222
8.46	6214
8.46	6241
8.45	6203
8.45	6176
8.44	6177
8.44	6215
8.43	6230
8.43	6229
8.42	6244
8.42	6219
8.41	6245
8.41	6248
8.4	6179
8.4	6273
8.39	6262
8.39	6250
8.38	6216
8.38	6186
8.38	6226
8.37	6207
8.37	6147
8.36	6208
8.36	6213
8.35	6203
8.35	6236
8.34	6234
8.34	6202
8.33	6127
8.33	6194
8.32	6197
8.32	6211
8.31	6187
8.31	6183
8.3	6214
8.3	6242
8.29	6169
8.29	6202
8.28	6233
8.28	6195
8.27	6146
8.27	6200
8.26	6188
8.26	6198
8.26	6166
8.25	6217
8.25	6247
8.24	6241
8.24	6322
8.23	6153
8.23	6167
8.22	6175
8.22	6194
8.21	6180
8.21	6181
8.2	6163
8.2	6257
8.19	6188
8.19	6165
8.18	6234
8.18	6150
8.17	6222
8.17	6213
8.16	6174
8.16	6147
8.15	6175
8.15	6195
8.14	6190
8.14	6268
8.14	6249
8.13	6218
8.13	6250
8.12	6261
8.12	6157
8.11	6260
8.11	6217
8.1	6193
8.1	6267
8.09	6227
8.09	6182
8.08	6266
8.08	6158
8.07	6193
8.07	6242
8.06	6226
8.06	6188
8.05	6212
8.05	6195
8.04	6164
8.04	6208
8.03	6160
8.03	6230
8.02	6254
8.02	6194
8.02	6250
8.01	6168
8.01	6212
8	6237
8	6188
7.99	6249
7.99	6205
7.98	6210
7.98	6223
7.97	6193
7.97	6182
7.96	6242
7.96	6225
7.95	6144
7.95	6217
7.94	6175
7.94	6174
7.93	6228
7.93	6138
7.92	6272
7.92	6232
7.91	6211
7.91	6189
7.9	6240
7.9	6232
7.9	6210
7.89	6227
7.89	6227
7.88	6237
7.88	6237
7.87	6188
7.87	6225
7.86	6203
7.86	6155
7.85	6229
7.85	6186
7.84	6190
7.84	6219
7.83	6209
7.83	6135
7.82	6227
7.82	6177
7.81	6176
7.81	6200
7.8	6222
7.8	6181
7.79	6244
7.79	6187
7.78	6185
7.78	6191
7.78	6209
7.77	6186
7.77	6221
7.76	6189
7.76	6244
7.75	6179
7.75	6187
7.74	6191
7.74	6182
7.73	6205
7.73	6220
7.72	6207
7.72	6211
7.71	6160
7.71	6207
7.7	6206
7.7	6134
7.69	6192
7.69	6282
7.68	6260
7.68	6245
7.67	6265
7.67	6195
7.66	6216
7.66	6164
7.66	6212
7.65	6284
7.65	6249
7.64	6131
7.64	6226
7.63	6209
7.63	6256
7.62	6176
7.62	6168
7.61	6165
7.61	6179
7.6	6230
7.6	6135
7.59	6191
7.59	6102
7.58	6208
7.58	6155
7.57	6204
7.57	6209
7.56	6231
7.56	6237
7.55	6169
7.55	6251
7.54	6203
7.54	6199
7.54	6188
7.53	6172
7.53	6192
7.52	6172
7.52	6153
7.51	6229
7.51	6234
7.5	6173
7.5	6200
7.49	6176
7.49	6148
7.48	6175
7.48	6208
7.47	6144
7.47	6220
7.46	6167
7.46	6203
7.45	6226
7.45	6183
7.44	6204
7.44	6197
7.43	6170
7.43	6248
7.42	6174
7.42	6205
7.42	6193
7.41	6216
7.41	6237
7.4	6178
7.4	6222
7.39	6211
7.39	6214
7.38	6244
7.38	6225
7.37	6174
7.37	6243
7.36	6172
7.36	6202
7.35	6221
7.35	6184
7.34	6162
7.34	6206
7.33	6176
7.33	6167
7.32	6247
7.32	6157
7.31	6194
7.31	6177
7.3	6177
7.3	6279
7.3	6156
7.29	6132
7.29	6196
7.28	6181
7.28	6248
7.27	6217
7.27	6222
7.26	6214
7.26	6227
7.25	6200
7.25	6246
7.24	6226
7.24	6169
7.23	6163
7.23	6258
7.22	6192
7.22	6184
7.21	6178
7.21	6187
7.2	6180
7.2	6211
7.19	6219
7.19	6165
7.18	6241
7.18	6146
7.18	6215
7.17	6213
7.17	6226
7.16	6170
7.16	6147
7.15	6169
7.15	6207
7.14	6203
7.14	6220
7.13	6206
7.13	6181
7.12	6177
7.12	6158
7.11	6158
7.11	6159
7.1	6182
7.1	6116
7.09	6169
7.09	6273
7.08	6217
7.08	6189
7.07	6209
7.07	6130
7.06	6246
7.06	6242
7.06	6170
7.05	6234
7.05	6201
7.04	6149
7.04	6156
7.03	6204
7.03	6248
7.02	6188
7.02	6246
7.01	6164
7.01	6177
7	6158
7	6211
6.99	6127
6.99	6241
6.98	6205
6.98	6189
6.97	6143
6.97	6225
6.96	6204
6.96	6250
6.95	6142
6.95	6224
6.94	6197
6.94	6125
6.94	6192
6.93	6205
6.93	6197
6.92	6247
6.92	6196
6.91	6205
6.91	6246
6.9	6316
6.9	6182
6.89	6113
6.89	6168
6.88	6138
6.88	6208
6.87	6230
6.87	6175
6.86	6148
6.86	6176
6.85	6180
6.85	6201
6.84	6187
6.84	6166
6.83	6252
6.83	6177
6.82	6140
6.82	6195
6.82	6147
6.81	6249
6.81	6123
6.8	6237
6.8	6186
6.79	6204
6.79	6179
6.78	6172
6.78	6181
6.77	6168
6.77	6152
6.76	6175
6.76	6267
6.75	6184
6.75	6165
6.74	6209
6.74	6259
6.73	6176
6.73	6197
6.72	6163
6.72	6175
6.71	6158
6.71	6252
6.7	6239
6.7	6155
6.7	6180
6.69	6184
6.69	6206
6.68	6204
6.68	6183
6.67	6230
6.67	6219
6.66	6149
6.66	6216
6.65	6263
6.65	6190
6.64	6163
6.64	6154
6.63	6128
6.63	6191
6.62	6233
6.62	6200
6.61	6192
6.61	6193
6.6	6175
6.6	6186
6.59	6177
6.59	6190
6.58	6157
6.58	6157
6.58	6188
6.57	6212
6.57	6255
6.56	6177
6.56	6166
6.55	6199
6.55	6245
6.54	6173
6.54	6208
6.53	6200
6.53	6125
6.52	6191
6.52	6230
6.51	6238
6.51	6241
6.5	6245
6.5	6222
6.49	6212
6.49	6209
6.48	6190
6.48	6192
6.47	6283
6.47	6162
6.46	6193
6.46	6184
6.46	6220
6.45	6213
6.45	6140
6.44	6232
6.44	6199
6.43	6171
6.43	6145
6.42	6152
6.42	6227
6.41	6130
6.41	6177
6.4	6229
6.4	6193
6.39	6172
6.39	6183
6.38	6182
6.38	6227
6.37	6196
6.37	6188
6.36	6166
6.36	6192
6.35	6261
6.35	6266
6.34	6154
6.34	6186
6.34	6192
6.33	6147
6.33	6130
6.32	6183
6.32	6174
6.31	6170
6.31	6220
6.3	6133
6.3	6146
6.29	6122
6.29	6212
6.28	6193
6.28	6210
6.27	6180
6.27	6131
6.26	6180
6.26	6244
6.25	6232
6.25	6230
6.24	6203
6.24	6161
6.23	6199
6.23	6228
6.22	6188
6.22	6190
6.22	6172
6.21	6224
6.21	6205
6.2	6155
6.2	6165
6.19	6255
6.19	6223
6.18	6168
6.18	6138
6.17	6239
6.17	6207
6.16	6125
6.16	6197
6.15	6134
6.15	6214
6.14	6098
6.14	6252
6.13	6155
6.13	6250
6.12	6263
6.12	6199
6.11	6159
6.11	6159
6.1	6195
6.1	6132
6.1	6209
6.09	6158
6.09	6208
6.08	6229
6.08	6161
6.07	6113
6.07	6132
6.06	6200
6.06	6192
6.05	6160
6.05	6197
6.04	6163
6.04	6187
6.03	6222
6.03	6221
6.02	6239
6.02	6162
6.01	6143
6.01	6188
6	6188
6	6192
5.99	6159
5.99	6124
5.98	6223
5.98	6190
5.98	6209
5.97	6175
5.97	6170
5.96	6239
5.96	6187
5.95	6176
5.95	6238
5.94	6217
5.94	6125
5.93	6184
5.93	6167
5.92	6157
5.92	6153
5.91	6207
5.91	6207
5.9	6153
5.9	6171
5.89	6173
5.89	6208
5.88	6250
5.88	6168
5.87	6224
5.87	6114
5.86	6152
5.86	6103
5.86	6235
5.85	6225
5.85	6153
5.84	6158
5.84	6168
5.83	6199
5.83	6198
5.82	6131
5.82	6194
5.81	6164
5.81	6137
5.8	6244
5.8	6140
5.79	6235
5.79	6103
5.78	6189
5.78	6097
5.77	6098
5.77	6222
5.76	6170
5.76	6244
5.75	6172
5.75	6180
5.74	6217
5.74	6208
5.74	6207
5.73	6187
5.73	6160
5.72	6203
5.72	6248
5.71	6227
5.71	6187
5.7	6199
5.7	6246
5.69	6122
5.69	6214
5.68	6203
5.68	6117
5.67	6122
5.67	6168
5.66	6247
5.66	6251
5.65	6236
5.65	6226
5.64	6174
5.64	6213
5.63	6192
5.63	6152
5.62	6205
5.62	6201
5.62	6208
5.61	6259
5.61	6237
5.6	6203
5.6	6183
5.59	6240
5.59	6254
5.58	6210
5.58	6133
5.57	6202
5.57	6157
5.56	6218
5.56	6163
5.55	6134
5.55	6244
5.54	6230
5.54	6201
5.53	6162
5.53	6140
5.52	6181
5.52	6186
5.51	6157
5.51	6203
5.5	6133
5.5	6164
5.5	6161
5.49	6169
5.49	6141
5.48	6187
5.48	6161
5.47	6208
5.47	6165
5.46	6226
5.46	6197
5.45	6195
5.45	6162
5.44	6148
5.44	6097
5.43	6215
5.43	6165
5.42	6155
5.42	6146
5.41	6167
5.41	6180
5.4	6191
5.4	6218
5.39	6175
5.39	6163
5.38	6170
5.38	6245
5.38	6253
5.37	6171
5.37	6217
5.36	6160
5.36	6163
5.35	6128
5.35	6170
5.34	6187
5.34	6172
5.33	6176
5.33	6241
5.32	6131
5.32	6156
5.31	6248
5.31	6180
5.3	6166
5.3	6233
5.29	6156
5.29	6213
5.28	6264
5.28	6156
5.27	6154
5.27	6114
5.26	6217
5.26	6140
5.26	6141
5.25	6170
5.25	6184
5.24	6233
5.24	6247
5.23	6203
5.23	6227
5.22	6176
5.22	6137
5.21	6162
5.21	6134
5.2	6214
5.2	6169
5.19	6207
5.19	6172
5.18	6230
5.18	6232
5.17	6222
5.17	6168
5.16	6183
5.16	6080
5.15	6198
5.15	6251
5.14	6167
5.14	6193
5.14	6209
5.13	6229
5.13	6191
5.12	6239
5.12	6211
5.11	6177
5.11	6212
5.1	6182
5.1	6226
5.09	6172
5.09	6193
5.08	6213
5.08	6099
5.07	6158
5.07	6172
5.06	6207
5.06	6160
5.05	6266
5.05	6186
5.04	6137
5.04	6151
5.03	6210
5.03	6196
5.02	6233
5.02	6238
5.02	6282
5.01	6155
5.01	6147
5	6214
5	6179
4.99	6196
4.99	6204
4.98	6227
4.98	6178
4.97	6196
4.97	6163
4.96	6179
4.96	6177
4.95	6237
4.95	6157
4.94	6168
4.94	6203
4.93	6225
4.93	6190
4.92	6169
4.92	6196
4.91	6246
4.91	6181
4.9	6237
4.9	6212
4.9	6137
4.89	6192
4.89	6179
4.88	6196
4.88	6206
4.87	6226
4.87	6223
4.86	6171
4.86	6256
4.85	6268
4.85	6168
4.84	6212
4.84	6179
4.83	6183
4.83	6110
4.82	6212
4.82	6139
4.81	6228
4.81	6204
4.8	6171
4.8	6149
4.79	6212
4.79	6156
4.78	6236
4.78	6176
4.78	6171
4.77	6246
4.77	6136
4.76	6199
4.76	6149
4.75	6180
4.75	6198
4.74	6194
4.74	6194
4.73	6232
4.73	6236
4.72	6210
4.72	6184
4.71	6221
4.71	6166
4.7	6198
4.7	6209
4.69	6199
4.69	6167
4.68	6193
4.68	6224
4.67	6174
4.67	6184
4.66	6194
4.66	6182
4.66	6269
4.65	6194
4.65	6235
4.64	6192
4.64	6143
4.63	6233
4.63	6154
4.62	6198
4.62	6181
4.61	6104
4.61	6245
4.6	6146
4.6	6163
4.59	6257
4.59	6157
4.58	6177
4.58	6235
4.57	6142
4.57	6140
4.56	6161
4.56	6158
4.55	6253
4.55	6156
4.54	6176
4.54	6179
4.54	6186
4.53	6141
4.53	6220
4.52	6133
4.52	6202
4.51	6172
4.51	6188
4.5	6088
4.5	6149
4.49	6226
4.49	6178
4.48	6221
4.48	6220
4.47	6109
4.47	6197
4.46	6226
4.46	6143
4.45	6165
4.45	6180
4.44	6133
4.44	6167
4.43	6113
4.43	6214
4.42	6173
4.42	6133
4.42	6231
4.41	6162
4.41	6099
4.4	6162
4.4	6151
4.39	6172
4.39	6206
4.38	6227
4.38	6122
4.37	6143
4.37	6197
4.36	6100
4.36	6142
4.35	6158
4.35	6163
4.34	6186
4.34	6171
4.33	6203
4.33	6184
4.32	6202
4.32	6142
4.31	6212
4.31	6159
4.3	6140
4.3	6228
4.3	6189
4.29	6168
4.29	6124
4.28	6184
4.28	6177
4.27	6157
4.27	6200
4.26	6192
4.26	6212
4.25	6135
4.25	6183
4.24	6176
4.24	6154
4.23	6177
4.23	6228
4.22	6207
4.22	6164
4.21	6215
4.21	6182
4.2	6202
4.2	6176
4.19	6154
4.19	6188
4.18	6203
4.18	6142
4.18	6154
4.17	6238
4.17	6168
4.16	6231
4.16	6139
4.15	6185
4.15	6153
4.14	6188
4.14	6186
4.13	6191
4.13	6146
4.12	6177
4.12	6139
4.11	6176
4.11	6170
4.1	6161
4.1	6160
4.09	6105
4.09	6153
4.08	6156
4.08	6199
4.07	6267
4.07	6189
4.06	6164
4.06	6227
4.06	6145
4.05	6201
4.05	6167
4.04	6212
4.04	6172
4.03	6174
4.03	6100
4.02	6159
4.02	6131
4.01	6178
4.01	6211
4	6172
4	6199
3.99	6176
3.99	6191
3.98	6088
3.98	6188
3.97	6162
3.97	6179
3.96	6163
3.96	6198
3.95	6168
3.95	6142
3.94	6176
3.94	6138
3.94	6199
3.93	6176
3.93	6142
3.92	6181
3.92	6144
3.91	6159
3.91	6230
3.9	6102
3.9	6174
3.89	6217
3.89	6140
3.88	6188
3.88	6094
3.87	6113
3.87	6262
3.86	6180
3.86	6135
3.85	6158
3.85	6170
3.84	6151
3.84	6161
3.83	6134
3.83	6229
3.82	6178
3.82	6211
3.82	6138
3.81	6251
3.81	6279
3.8	6184
3.8	6105
3.79	6199
3.79	6235
3.78	6138
3.78	6160
3.77	6120
3.77	6167
3.76	6156
3.76	6179
3.75	6241
3.75	6128
3.74	6181
3.74	6138
3.73	6143
3.73	6121
3.72	6171
3.72	6194
3.71	6238
3.71	6171
3.7	6168
3.7	6141
3.7	6205
3.69	6141
3.69	6156
3.68	6291
3.68	6172
3.67	6187
3.67	6154
3.66	6203
3.66	6151
3.65	6164
3.65	6116
3.64	6197
3.64	6138
3.63	6147
3.63	6163
3.62	6258
3.62	6149
3.61	6085
3.61	6138
3.6	6170
3.6	6192
3.59	6224
3.59	6152
3.58	6156
3.58	6186
3.58	6153
3.57	6251
3.57	6114
3.56	6162
3.56	6164
3.55	6163
3.55	6216
3.54	6138
3.54	6218
3.53	6182
3.53	6164
3.52	6187
3.52	6193
3.51	6169
3.51	6162
3.5	6156
3.5	6207
3.49	6213
3.49	6129
3.48	6130
3.48	6180
3.47	6229
3.47	6110
3.46	6161
3.46	6136
3.46	6128
3.45	6152
3.45	6163
3.44	6086
3.44	6210
3.43	6187
3.43	6185
3.42	6205
3.42	6188
3.41	6225
3.41	6249
3.4	6229
3.4	6196
3.39	6151
3.39	6157
3.38	6182
3.38	6201
3.37	6144
3.37	6248
3.36	6242
3.36	6177
3.35	6218
3.35	6189
3.34	6211
3.34	6228
3.34	6143
3.33	6240
3.33	6154
3.32	6159
3.32	6216
3.31	6154
3.31	6196
3.3	6177
3.3	6159
3.29	6132
3.29	6126
3.28	6159
3.28	6229
3.27	6223
3.27	6175
3.26	6191
3.26	6183
3.25	6166
3.25	6120
3.24	6170
3.24	6168
3.23	6144
3.23	6151
3.22	6222
3.22	6171
3.22	6192
3.21	6199
3.21	6157
3.2	6173
3.2	6188
3.19	6180
3.19	6109
3.18	6163
3.18	6192
3.17	6197
3.17	6202
3.16	6156
3.16	6161
3.15	6174
3.15	6090
3.14	6166
3.14	6178
3.13	6212
3.13	6226
3.12	6147
3.12	6172
3.11	6135
3.11	6144
3.1	6184
3.1	6220
3.1	6199
3.09	6161
3.09	6249
3.08	6173
3.08	6156
3.07	6197
3.07	6175
3.06	6238
3.06	6171
3.05	6206
3.05	6132
3.04	6150
3.04	6125
3.03	6165
3.03	6185
3.02	6158
3.02	6252
3.01	6208
3.01	6158
3	6172
3	6143
2.99	6195
2.99	6162
2.98	6140
2.98	6199
2.98	6211
2.97	6199
2.97	6200
2.96	6185
2.96	6130
2.95	6143
2.95	6129
2.94	6096
2.94	6205
2.93	6180
2.93	6211
2.92	6081
2.92	6164
2.91	6203
2.91	6214
2.9	6213
2.9	6144
2.89	6154
2.89	6099
2.88	6163
2.88	6179
2.87	6163
2.87	6208
2.86	6175
2.86	6174
2.86	6176
2.85	6152
2.85	6222
2.84	6185
2.84	6178
2.83	6179
2.83	6177
2.82	6148
2.82	6204
2.81	6161
2.81	6085
2.8	6148
2.8	6148
2.79	6168
2.79	6128
2.78	6150
2.78	6110
2.77	6187
2.77	6230
2.76	6133
2.76	6242
2.75	6080
2.75	6213
2.74	6213
2.74	6200
2.74	6173
2.73	6132
2.73	6202
2.72	6190
2.72	6119
2.71	6214
2.71	6169
2.7	6167
2.7	6204
2.69	6146
2.69	6270
2.68	6150
2.68	6180
2.67	6191
2.67	6131
2.66	6151
2.66	6166
2.65	6225
2.65	6130
2.64	6148
2.64	6189
2.63	6166
2.63	6142
2.62	6135
2.62	6153
2.62	6125
2.61	6142
2.61	6210
2.6	6157
2.6	6147
2.59	6203
2.59	6219
2.58	6282
2.58	6244
2.57	6219
2.57	6135
2.56	6174
2.56	6153
2.55	6147
2.55	6136
2.54	6239
2.54	6176
2.53	6196
2.53	6247
2.52	6171
2.52	6161
2.51	6189
2.51	6158
2.5	6093
2.5	6225
2.5	6200
2.49	6178
2.49	6213
2.48	6179
2.48	6167
2.47	6264
2.47	6108
2.46	6170
2.46	6154
2.45	6229
2.45	6163
2.44	6190
2.44	6153
2.43	6139
2.43	6176
2.42	6151
2.42	6186
2.41	6182
2.41	6245
2.4	6108
2.4	6201
2.39	6157
2.39	6177
2.38	6111
2.38	6171
2.38	6223
2.37	6164
2.37	6184
2.36	6176
2.36	6124
2.35	6112
2.35	6164
2.34	6133
2.34	6180
2.33	6178
2.33	6129
2.32	6176
2.32	6118
2.31	6182
2.31	6147
2.3	6141
2.3	6156
2.29	6163
2.29	6206
2.28	6165
2.28	6146
2.27	6214
2.27	6187
2.26	6142
2.26	6155
2.26	6109
2.25	6213
2.25	6137
2.24	6237
2.24	6134
2.23	6227
2.23	6125
2.22	6251
2.22	6182
2.21	6119
2.21	6145
2.2	6134
2.2	6160
2.19	6160
2.19	6102
2.18	6109
2.18	6187
2.17	6243
2.17	6139
2.16	6200
2.16	6206
2.15	6193
2.15	6195
2.14	6136
2.14	6149
2.14	6139
2.13	6216
2.13	6188
2.12	6183
2.12	6212
2.11	6109
2.11	6137
2.1	6114
2.1	6137
2.09	6147
2.09	6170
2.08	6143
2.08	6158
2.07	6145
2.07	6153
2.06	6232
2.06	6145
2.05	6125
2.05	6144
2.04	6210
2.04	6157
2.03	6149
2.03	6160
2.02	6234
2.02	6145
2.02	6093
2.01	6105
2.01	6176
2	6180
2	6135
1.99	6157
1.99	6161
1.98	6205
1.98	6196
1.97	6206
1.97	6133
1.96	6162
1.96	6121
1.95	6189
1.95	6129
1.94	6071
1.94	6158
1.93	6175
1.93	6178
1.92	6141
1.92	6199
1.91	6188
1.91	6171
1.9	6099
1.9	6166
1.9	6195
1.89	6187
1.89	6150
1.88	6119
1.88	6202
1.87	6152
1.87	6108
1.86	6162
1.86	6153
1.85	6221
1.85	6196
1.84	6123
1.84	6187
1.83	6091
1.83	6138
1.82	6143
1.82	6220
1.81	6086
1.81	6112
1.8	6156
1.8	6165
1.79	6223
1.79	6224
1.78	6195
1.78	6195
1.78	6189
1.77	6100
1.77	6272
1.76	6164
1.76	6149
1.75	6193
1.75	6154
1.74	6166
1.74	6171
1.73	6185
1.73	6202
1.72	6156
1.72	6187
1.71	6143
1.71	6169
1.7	6135
1.7	6234
1.69	6198
1.69	6199
1.68	6167
1.68	6181
1.67	6179
1.67	6255
1.66	6078
1.66	6173
1.66	6165
1.65	6190
1.65	6169
1.64	6162
1.64	6147
1.63	6220
1.63	6204
1.62	6188
1.62	6178
1.61	6167
1.61	6143
1.6	6145
1.6	6190
1.59	6179
1.59	6209
1.58	6156
1.58	6211
1.57	6126
1.57	6224
1.56	6143
1.56	6117
1.55	6137
1.55	6128
1.54	6160
1.54	6095
1.54	6148
1.53	6108
1.53	6165
1.52	6160
1.52	6159
1.51	6190
1.51	6185
1.5	6222
1.5	6163
1.49	6166
1.49	6188
1.48	6182
1.48	6146
1.47	6073
1.47	6145
1.46	6140
1.46	6138
1.45	6181
1.45	6107
1.44	6158
1.44	6222
1.43	6128
1.43	6174
1.42	6239
1.42	6210
1.42	6111
1.41	6150
1.41	6180
1.4	6164
1.4	6175
1.39	6096
1.39	6133
1.38	6169
1.38	6086
1.37	6165
1.37	6156
1.36	6163
1.36	6174
1.35	6120
1.35	6102
1.34	6111
1.34	6170
1.33	6140
1.33	6127
1.32	6162
1.32	6144
1.31	6111
1.31	6190
1.3	6179
1.3	6209
1.3	6200
1.29	6206
1.29	6162
1.28	6153
