  0.252200007       1.37781464E-02
  0.290600002       3.45983170E-03
  0.328999996       1.00000001E-10
  0.367399991       1.00000001E-10
  0.405799985       2.31480692E-04
  0.444199979       1.00000001E-10
  0.482600003       1.00000001E-10
  0.521000028       3.59341007E-04
  0.559400022       9.68395546E-03
  0.597800016       1.39085473E-02
  0.636200011       1.24072861E-02
  0.674600005       2.05133148E-02
  0.713000059       2.11623907E-02
  0.751399994       1.91260129E-02
  0.789799988       1.25504807E-02
  0.828199983       1.61568280E-02
  0.866600037       2.21308321E-02
  0.905000031       2.08845176E-02
  0.943400025       3.31100933E-02
  0.981799960       4.37328368E-02
   1.02020001       6.29553795E-02
   1.05860007       6.77198619E-02
   1.09699988       7.83617049E-02
   1.13540006       9.91256535E-02
   1.17379999      0.117697418    
   1.21219993      0.139020592    
   1.25059998      0.155876577    
   1.28900003      0.199571744    
   1.32739997      0.237141192    
   1.36580014      0.283126533    
   1.40420008      0.322394252    
   1.44260001      0.355499536    
   1.48099995      0.397590816    
   1.51939988      0.431952894    
   1.55780005      0.482208848    
   1.59619999      0.538156748    
   1.63459992      0.599820018    
   1.67300010      0.696603298    
   1.71140015      0.810046315    
   1.74979997      0.934397101    
   1.78819990       1.06175172    
   1.82659984       1.18464434    
   1.86500001       1.32129145    
   1.90339994       1.43933940    
   1.94180024       1.53892732    
   1.98020005       1.62028360    
   2.01860023       1.68200493    
   2.05700016       1.72787523    
   2.09539986       1.73847604    
   2.13380003       1.71488655    
   2.17220020       1.66019726    
   2.21060014       1.58178139    
   2.24900007       1.47292578    
   2.28740025       1.33735752    
   2.32579994       1.18385291    
   2.36419988       1.02977800    
   2.40260005      0.869172990    
   2.44099998      0.713786900    
   2.47940016      0.567739785    
   2.51780009      0.443396688    
   2.55620003      0.337002933    
   2.59459996      0.248800367    
   2.63299990      0.181518793    
   2.67140007      0.131350175    
   2.70980024       9.61077809E-02
