  0.237799987       1.00000001E-10
  0.242599979       1.00000001E-10
  0.247399986       1.00000001E-10
  0.252199978       1.00000001E-10
  0.256999969       1.00000001E-10
  0.261799991       1.00000001E-10
  0.266600013       1.00000001E-10
  0.271400005       1.00000001E-10
  0.276199996       1.00000001E-10
  0.280999959       1.00000001E-10
  0.285799980       1.00000001E-10
  0.290600002       1.00000001E-10
  0.295399994       1.00000001E-10
  0.300199986       1.00000001E-10
  0.304999977       1.00000001E-10
  0.309799969       1.00000001E-10
  0.314599991       1.00000001E-10
  0.319399983       1.00000001E-10
  0.324199975       3.20007326E-03
  0.328999966       8.27999860E-02
  0.333800018      0.125599980    
  0.338600010      0.211199954    
  0.343400002      0.291999817    
  0.348199993      0.297200024    
  0.352999985      0.303599864    
  0.357800037      0.381199956    
  0.362600029      0.377599806    
  0.367400050      0.478800058    
  0.372200042      0.495599985    
  0.377000004      0.560000002    
  0.381799996      0.511199951    
  0.386599988      0.524000227    
  0.391400039      0.647199988    
  0.396200031      0.631600022    
  0.401000053      0.618000209    
  0.405800015      0.583999932    
  0.410600007      0.671600044    
  0.415399998      0.682799995    
  0.420200050      0.699599922    
  0.425000042      0.720400095    
  0.429800034      0.703200102    
  0.434600055      0.697999895    
  0.439400017      0.631199956    
  0.444200009      0.659600198    
  0.449000061      0.562000096    
  0.453800023      0.538800061    
  0.458600014      0.598400295    
  0.463400006      0.599200130    
  0.468199968      0.623199761    
  0.473000020      0.624400020    
  0.477800012      0.637199998    
  0.482600063      0.636400163    
  0.487400025      0.720400095    
  0.492200017      0.703200102    
  0.497000009      0.639599919    
  0.501800060      0.526000082    
  0.506600022      0.517999887    
  0.511400044      0.593599856    
  0.516200066      0.622799993    
  0.521000028      0.656799912    
  0.525799990      0.619200110    
  0.530600011      0.615199864    
  0.535399973      0.586800218    
  0.540199995      0.620400071    
  0.545000017      0.600799859    
  0.549799979      0.661999822    
  0.554600000      0.657600105    
  0.559400022      0.630400062    
  0.564200044      0.623199761    
  0.569000006      0.610000014    
  0.573800027      0.514800131    
  0.578599989      0.493200064    
  0.583400011      0.456000060    
  0.588199973      0.464800119    
  0.592999995      0.452400208    
  0.597800016      0.390400082    
  0.602600038      0.380800158    
  0.607400000      0.382799983    
  0.612199962      0.414400011    
  0.616999984      0.404400021    
  0.621800005      0.455600291    
  0.626600027      0.470399767    
  0.631399989      0.418800056    
  0.636200011      0.422799975    
  0.640999973      0.413199782    
  0.645799994      0.366000056    
  0.650599957      0.301199943    
  0.655400038      0.284800112    
  0.660200059      0.312799990    
  0.665000021      0.280400097    
  0.669799984      0.268800050    
  0.674599886      0.217600092    
  0.679400027      0.285199881    
  0.684199989      0.230399787    
  0.688999951      0.300000012    
  0.693799973      0.358800054    
  0.698599994      0.289199829    
  0.703399956      0.342799991    
  0.708199918      0.370000005    
  0.712999940      0.378800035    
  0.717799962      0.380400091    
  0.722600043      0.392799973    
  0.727400005      0.292399913    
  0.732199907      0.299199820    
  0.736999869      0.399200141    
  0.741799951      0.545599997    
  0.746600032      0.607200027    
  0.751399994      0.550000012    
  0.756199956      0.600000024    
  0.760999978      0.594400048    
  0.765799940      0.635999739    
  0.770599961      0.644800127    
  0.775399983      0.745999753    
  0.780199945      0.704799831    
  0.784999907      0.683200061    
  0.789799929      0.661199927    
  0.794600010      0.668399990    
  0.799399972      0.660000026    
  0.804199934      0.598400295    
  0.808999956      0.553600132    
  0.813799977      0.627999902    
  0.818599999      0.604400039    
  0.823399961      0.658399940    
  0.828199983      0.658399940    
  0.833000004      0.649999976    
  0.837799966      0.726399839    
  0.842600048      0.750399768    
  0.847400069      0.750000000    
  0.852200031      0.712799966    
  0.857000053      0.681199968    
  0.861800075      0.686399817    
  0.866600037      0.620000005    
  0.871399999      0.673999965    
  0.876200080      0.723999918    
  0.880999982      0.768400252    
  0.885799944      0.816400170    
  0.890599966      0.852800012    
  0.895399988      0.846399844    
  0.900200069      0.879200161    
  0.904999971      0.932799995    
  0.909800053      0.962399900    
  0.914600074      0.984800100    
  0.919399977      0.991600037    
  0.924199998       1.01760006    
  0.928999960      0.949999988    
  0.933800042      0.941600025    
  0.938600004       1.02640009    
  0.943400025       1.04439974    
  0.948199928       1.05680025    
  0.952999949       1.11839998    
  0.957800090       1.16559994    
  0.962599993       1.15519989    
  0.967399955       1.27480006    
  0.972200036       1.34200013    
  0.977000058       1.32519984    
  0.981800079       1.25720000    
  0.986599982       1.24239993    
  0.991400063       1.27160037    
  0.996200025       1.28600037    
   1.00099993       1.29879975    
   1.00580001       1.27840030    
   1.01060009       1.28920019    
   1.01540005       1.20239985    
   1.02020001       1.25679994    
   1.02499998       1.33959997    
   1.02980006       1.32360017    
   1.03460002       1.40559995    
   1.03939998       1.41279995    
   1.04420006       1.50799954    
   1.04899991       1.59720004    
   1.05380011       1.67199981    
   1.05859995       1.74600005    
   1.06339991       1.81920016    
   1.06820011       1.87199986    
   1.07300007       1.94920015    
   1.07780004       1.97839999    
   1.08260000       2.01800013    
   1.08739996       2.03640008    
   1.09220004       2.14480019    
   1.09700000       2.22400022    
   1.10179996       2.25160003    
   1.10659993       2.29919982    
   1.11140001       2.31080008    
   1.11619985       2.36719990    
   1.12099993       2.43360019    
   1.12579989       2.51759982    
   1.13060009       2.58960032    
   1.13540006       2.71720004    
   1.14020002       2.72119999    
   1.14499998       2.80839992    
   1.14979994       2.86799979    
   1.15459991       2.99119997    
   1.15939999       3.03759980    
   1.16419995       3.22480011    
   1.16900015       3.49320006    
   1.17379999       3.60399985    
   1.17859995       3.69519949    
   1.18340003       3.80359983    
   1.18820000       3.84279966    
   1.19299996       3.88560033    
   1.19780004       3.94840026    
   1.20260000       4.03800011    
   1.20739996       4.11280012    
   1.21219993       4.16039991    
   1.21699989       4.26080036    
   1.22179997       4.36439991    
   1.22659993       4.51679993    
   1.23139989       4.58399963    
   1.23619998       4.63000011    
   1.24099994       4.73720026    
   1.24579990       4.89039993    
   1.25059986       5.08839989    
   1.25539994       5.31599998    
   1.26020002       5.43239975    
   1.26499987       5.56680059    
   1.26979995       5.71679974    
   1.27460003       5.88639975    
   1.27939999       6.05679989    
   1.28419995       6.27280045    
   1.28899992       6.41039991    
   1.29379988       6.53960037    
   1.29859996       6.68680000    
   1.30339980       6.76080036    
   1.30819988       6.95280027    
   1.31299984       7.15839958    
   1.31780005       7.31040001    
   1.32259989       7.43680048    
   1.32739985       7.61559916    
   1.33220005       7.79119921    
   1.33700001       8.03839970    
   1.34179997       8.33199978    
   1.34659994       8.67719936    
   1.35140002       8.93840027    
   1.35620010       9.04960060    
   1.36099994       9.28039932    
   1.36579990       9.61520004    
   1.37059987       9.87559891    
   1.37539983       10.1068001    
   1.38019991       10.4495993    
   1.38500011       10.6796007    
   1.38979995       10.9964018    
   1.39459991       11.2943993    
   1.39939988       11.6647997    
   1.40419984       11.8903999    
   1.40899992       12.0816002    
   1.41380000       12.4048014    
   1.41859996       12.6436014    
   1.42340016       12.9504004    
   1.42820013       13.3908005    
   1.43300009       13.8411999    
   1.43779981       14.2456007    
   1.44259989       14.5844002    
   1.44739985       14.9876003    
   1.45220006       15.4928007    
   1.45700014       15.9799995    
   1.46180010       16.5019989    
   1.46660006       16.8747997    
   1.47139978       17.4323997    
   1.47619998       17.9403992    
   1.48099995       18.5336018    
   1.48580003       19.0471992    
   1.49060011       19.5527992    
   1.49540007       20.0371990    
   1.50020003       20.5539989    
   1.50500000       21.0147991    
   1.50980008       21.6191998    
   1.51460004       22.1047993    
   1.51939988       22.7000008    
   1.52419996       23.1924000    
   1.52900004       23.6904011    
   1.53380001       24.2167988    
   1.53859997       24.8456001    
   1.54340017       25.5560017    
   1.54820013       26.3232002    
   1.55299997       26.9315987    
   1.55779994       27.5964012    
   1.56259990       28.2556000    
   1.56739986       28.9960003    
   1.57219982       29.6687984    
   1.57700002       30.4184017    
   1.58180010       31.1196022    
   1.58660007       31.8504009    
   1.59140003       32.5816002    
   1.59619999       33.4556007    
   1.60100007       34.3132019    
   1.60579991       34.9820023    
   1.61059988       35.8712006    
   1.61540020       36.7488022    
   1.62020016       37.5588036    
   1.62500036       38.3632011    
   1.62979996       39.2123985    
   1.63460004       40.0779991    
   1.63940001       40.8943977    
   1.64419997       41.7704010    
   1.64900005       42.6591988    
   1.65380001       43.5195961    
   1.65859997       44.5200005    
   1.66339982       45.4300003    
   1.66819990       46.4139977    
   1.67299986       47.2483978    
   1.67780018       48.2543983    
   1.68259990       49.3012009    
   1.68740022       50.2416000    
   1.69220006       51.2360001    
   1.69700003       52.2087975    
   1.70179975       53.2360001    
   1.70659983       54.3508072    
   1.71140015       55.2987976    
   1.71619999       56.3000031    
   1.72100019       57.1780014    
   1.72580004       58.2835999    
   1.73060000       59.2160072    
   1.73539996       60.2607994    
   1.74020004       61.2916031    
   1.74500000       62.3392029    
   1.74980009       63.2599983    
   1.75460005       64.2484055    
   1.75940013       65.2383957    
   1.76420009       66.3188019    
   1.76899993       67.4739914    
   1.77380002       68.6012039    
   1.77859998       69.5635986    
   1.78339994       70.5432053    
   1.78819990       71.2983932    
   1.79299998       72.3296051    
   1.79779994       73.2391968    
   1.80259991       74.2491989    
   1.80739987       75.1543961    
   1.81220007       76.0632019    
   1.81699991       76.8175964    
   1.82179987       77.7144012    
   1.82659984       78.4300079    
   1.83139980       79.2584000    
   1.83620000       80.0379944    
   1.84100008       80.5611954    
   1.84580004       81.2636032    
   1.85059977       81.7292023    
   1.85539973       82.2747955    
   1.86019993       82.8003922    
   1.86499989       83.4983978    
   1.86980009       83.9536057    
   1.87460017       84.3315887    
   1.87940013       84.7320023    
   1.88419998       85.2252045    
   1.88899994       85.6220016    
   1.89380002       86.0360031    
   1.89859998       86.2467957    
   1.90340030       86.4968033    
   1.90820003       86.4836044    
   1.91300023       86.7336044    
   1.91780019       86.8023987    
   1.92260015       86.9171982    
   1.92740023       87.0059967    
   1.93220019       86.8720016    
   1.93700027       86.7336044    
   1.94180024       86.4955826    
   1.94660032       86.2655869    
   1.95140028       86.1632004    
   1.95620012       86.0452042    
   1.96100008       85.8067856    
   1.96580005       85.3151932    
   1.97060013       84.9367981    
   1.97540009       84.4708023    
   1.98020017       84.0523987    
   1.98500025       83.6871872    
   1.98980021       83.2987976    
   1.99459994       82.7675858    
   1.99940002       82.1248016    
   2.00420022       81.3415909    
   2.00900030       80.5691986    
   2.01380014       79.8107986    
   2.01860023       79.1023941    
   2.02340031       78.1839905    
   2.02820015       77.3407974    
   2.03299999       76.3544006    
   2.03780007       75.5467987    
   2.04260015       74.7184067    
   2.04740024       73.7503891    
   2.05220008       72.7532120    
   2.05700016       71.7695999    
   2.06180000       70.5531921    
   2.06659985       69.5440063    
   2.07139993       68.4536057    
   2.07620001       67.3679962    
   2.08100009       66.4704132    
   2.08579993       65.3607941    
   2.09060001       64.3580093    
   2.09539986       63.2736130    
   2.10019994       62.2124023    
   2.10499978       61.0212021    
   2.10979986       59.9975967    
   2.11459994       58.9500084    
   2.11940002       57.8416023    
   2.12419987       56.6079979    
   2.12899971       55.4983978    
   2.13379979       54.3307991    
   2.13859963       53.2920113    
   2.14339972       52.1996002    
   2.14819980       51.2171860    
   2.15299988       50.0160065    
   2.15779972       48.8187981    
   2.16260004       47.6704102    
   2.16740012       46.4967957    
   2.17219996       45.3883972    
   2.17700005       44.2951965    
   2.18180013       43.1764069    
   2.18659997       42.0496101    
   2.19140005       40.8527946    
   2.19619989       39.6543961    
   2.20099998       38.6128120    
   2.20580006       37.5880089    
   2.21060014       36.5724030    
   2.21539998       35.5491982    
   2.22020030       34.5424042    
   2.22500014       33.4424019    
   2.22980022       32.3543930    
   2.23460031       31.3884182    
   2.23939991       30.4619923    
   2.24420023       29.5936127    
   2.24900031       28.6920109    
   2.25380015       27.7319927    
   2.25860023       26.8344135    
   2.26340008       26.0748043    
   2.26820016       25.3500004    
   2.27300024       24.5835934    
   2.27780008       23.7468166    
   2.28259993       22.8792000    
   2.28740025       22.1220112    
   2.29220009       21.3959961    
   2.29699993       20.6819916    
   2.30180001       20.0928116    
   2.30660009       19.4043941    
   2.31139994       18.7535934    
   2.31620002       18.0759964    
   2.32100010       17.3671875    
   2.32579994       16.7667961    
   2.33060002       16.1408005    
   2.33539987       15.5311918    
   2.34019995       14.9475975    
   2.34500003       14.3579884    
   2.34979987       13.7564058    
   2.35459995       13.2027931    
   2.35940003       12.6956053    
   2.36419988       12.2327929    
   2.36899996       11.7235937    
   2.37379980       11.2359962    
   2.37860012       10.7227926    
   2.38339996       10.2443943    
   2.38819981       9.78560543    
   2.39300013       9.39640617    
   2.39779997       9.06240273    
   2.40260005       8.63558578    
   2.40740013       8.27201176    
   2.41219997       7.95080090    
   2.41699982       7.62800789    
   2.42179990       7.37160158    
   2.42659998       7.10320330    
   2.43140006       6.84281254    
   2.43619990       6.59119129    
   2.44100022       6.28878927    
   2.44580007       6.05160141    
   2.45059991       5.80878925    
   2.45539999       5.59160137    
   2.46020007       5.31718731    
   2.46499991       5.09759760    
   2.46980000       4.91040993    
   2.47460032       4.69279289    
   2.47940016       4.50679684    
   2.48420000       4.33439445    
   2.48899984       4.15798807    
   2.49380016       4.01999998    
   2.49860024       3.83599615    
   2.50340009       3.66080070    
   2.50820017       3.47720695    
   2.51300025       3.33160162    
   2.51780009       3.18638682    
   2.52259994       3.03519535    
   2.52740002       2.89839840    
   2.53220010       2.77279305    
   2.53700018       2.66281247    
   2.54180026       2.53359365    
   2.54660010       2.43160152    
   2.55139995       2.30519533    
   2.55620003       2.20441413    
   2.56100011       2.10999990    
   2.56579995       2.02400398    
   2.57060003       1.94638669    
   2.57540011       1.87359381    
   2.58020020       1.78720701    
   2.58500004       1.72320318    
   2.58979988       1.65359378    
   2.59459996       1.59080076    
   2.59939981       1.52519536    
   2.60419989       1.45080078    
   2.60899997       1.38080072    
   2.61380005       1.32160151    
   2.61860013       1.27359378    
   2.62339997       1.22519529    
   2.62819982       1.17160153    
   2.63299966       1.12318361    
   2.63779974       1.06599605    
   2.64259982       1.03121090    
   2.64739990      0.995585918    
   2.65219998      0.957597673    
   2.65699983      0.920390606    
   2.66179991      0.872402370    
   2.66659951      0.827597678    
   2.67139983      0.791601539    
   2.67619967      0.744804680    
   2.68099976      0.726406276    
   2.68580008      0.701992214    
   2.69059992      0.679199219    
   2.69539976      0.643593729    
   2.70019984      0.628398418    
   2.70499969      0.607617199    
   2.70979977      0.576386690    
   2.71459985      0.562402368    
   2.71940041      0.535605490    
   2.72420025      0.509999990    
   2.72899985      0.485996097    
   2.73379970      0.460410148    
   2.73859978      0.445605457    
   2.74339962      0.426796883    
   2.74819970      0.407988280    
   2.75300026      0.393593758    
   2.75780034      0.371601552    
   2.76260018      0.355605483    
   2.76739979      0.337597668    
   2.77220011      0.322402358    
   2.77700019      0.307187498    
   2.78180027      0.305996090    
   2.78660011      0.292792976    
   2.79139996      0.284804702    
   2.79620004      0.276796877    
   2.80100012      0.268808603    
   2.80579996      0.262402356    
   2.81060004      0.255996108    
   2.81540012      0.247207031    
   2.82019997      0.239199221    
   2.82499981      0.227597654    
   2.82980013      0.216406256    
   2.83460021      0.205605462    
   2.83940005      0.199199215    
   2.84420013      0.191601560    
   2.84899998      0.182812497    
   2.85380006      0.169199213    
   2.85860014      0.162011713    
   2.86339998      0.155605465    
