2.9954	0.37338287625
2.9906	0.2718257875
2.9858	0.763280145
2.981	0.47417921
2.9762	0.17718829125
2.9714	0.25285164125
2.9666	0.6742909025
2.9618	0.198975045
2.957	0.176124355
2.9522	0.4868869025
2.9474	0.448514855
2.9426	0.6296112575
2.9378	0.68233425
2.933	0.2084897525
2.9282	0.2919230275
2.9234	0.67969964625
2.9186	0.37843498
2.9138	0.6671086675
2.909	0.34478360375
2.9042	0.55265741875
2.8994	0.8569798925
2.8946	0.4456717375
2.8898	0.69711
2.885	0.79336880875
2.8802	0.9414811475
2.8754	0.37181792375
2.8706	0.45272942
2.8658	0.90955352875
2.861	0.4242258725
2.8562	0.61794434375
2.8514	0.4781165825
2.8466	0.489766515
2.8418	0.54993719125
2.837	1.11622983125
2.8322	0.830751405
2.8274	1.1761293525
2.8226	1.01474605
2.8178	0.76046963375
2.813	1.1252525375
2.8082	1.35387621625
2.8034	1.515527215
2.7986	0.81937459625
2.7938	0.929020245
2.789	1.4478610525
2.7842	1.5925318125
2.7794	0.79776542125
2.7746	1.10800109125
2.7698	1.39248532375
2.765	1.11728521375
2.7602	1.57750860375
2.7554	1.34303375375
2.7506	1.4738900225
2.7458	1.315802195
2.741	1.349115395
2.7362	1.7662913875
2.7314	1.20403106
2.7266	2.30743138375
2.7218	2.1313172
2.717	2.51777466625
2.7122	1.956204355
2.7074	1.867878525
2.7026	2.55830071
2.6978	2.50253119625
2.693	2.81226963125
2.6882	2.317617775
2.6834	2.1159604925
2.6786	2.15018496
2.6738	3.10719302
2.669	2.8804203975
2.6642	3.36335352375
2.6594	2.94336416125
2.6546	2.47891056125
2.6498	3.14822207
2.645	3.1581712475
2.6402	3.15474044
2.6354	3.902649295
2.6306	3.91673958625
2.6258	3.62419098125
2.621	3.63273642
2.6162	3.237844085
2.6114	4.6280538875
2.6066	4.520320825
2.6018	4.38007962625
2.597	4.9044995475
2.5922	4.47462754875
2.5874	4.39904472125
2.5826	5.41033381625
2.5778	5.62160944375
2.573	5.51033569875
2.5682	5.40731402
2.5634	5.3488375125
2.5586	6.12276108875
2.5538	7.34966665
2.549	6.83103001875
2.5442	8.11683806
2.5394	8.042709675
2.5346	7.7220296
2.5298	8.137258705
2.525	7.08783706625
2.5202	8.1328559575
2.5154	9.345884545
2.5106	10.21141157125
2.5058	9.24242924125
2.501	10.80045431125
2.4962	11.04800578125
2.4914	12.89719802625
2.4866	11.66903837875
2.4818	13.008191295
2.477	11.827217525
2.4722	11.9738164025
2.4674	13.10562460125
2.4626	13.948671395
2.4578	14.06500170875
2.453	17.237594325
2.4482	16.27295544
2.4434	13.98338234
2.4386	18.05202716625
2.4338	18.41657246625
2.429	20.14484018
2.4242	20.1080840525
2.4194	20.2465146625
2.4146	19.2844354625
2.4098	22.411964845
2.405	22.3489089325
2.4002	23.26377397
2.3954	24.73712479125
2.3906	26.27522165
2.3858	26.50666587375
2.381	27.2546494075
2.3762	26.7886147675
2.3714	27.24082316625
2.3666	32.68626358125
2.3618	29.92364973625
2.357	33.76840595625
2.3522	34.6167335125
2.3474	36.54906492375
2.3426	35.99887224125
2.3378	37.6629837625
2.333	38.5773583275
2.3282	39.72256730375
2.3234	40.51977553625
2.3186	39.4348612625
2.3138	40.22234147875
2.309	43.9176373825
2.3042	45.84328555375
2.2994	50.2693706325
2.2946	52.0340425725
2.2898	49.33329953625
2.285	47.34218067875
2.2802	51.541317645
2.2754	51.80161342625
2.2706	56.8253992425
2.2658	60.48667273875
2.261	59.24612839875
2.2562	57.8865544925
2.2514	60.0887325325
2.2466	59.59459257
2.2418	65.69821814375
2.237	69.52806590125
2.2322	66.577792115
2.2274	69.34150146125
2.2226	70.36455766
2.2178	73.5625046875
2.213	75.21273567625
2.2082	78.4340114925
2.2034	82.32239037625
2.1986	82.054673635
2.1938	79.392584775
2.189	82.80334898
2.1842	84.88691269375
2.1794	89.00813580875
2.1746	89.3167608375
2.1698	88.5014691075
2.165	89.30558653875
2.1602	90.3914274675
2.1554	90.6799328075
2.1506	98.23274811625
2.1458	106.15715849875
2.141	102.67539156125
2.1362	103.04355337125
2.1314	101.41844264
2.1266	103.79363756375
2.1218	107.793191885
2.117	112.2557602425
2.1122	115.69191599
2.1074	115.915671905
2.1026	113.94614819875
2.0978	111.4683920125
2.093	119.541840695
2.0882	117.92799662125
2.0834	123.58650284375
2.0786	127.34637626
2.0738	127.25983726
2.069	131.50517972375
2.0642	130.34082961125
2.0594	136.4173359825
2.0546	139.85487572375
2.0498	135.3536480475
2.045	136.87413664125
2.0402	139.84876803375
2.0354	138.5794936275
2.0306	147.00062576
2.0258	149.82989340875
2.021	149.28031778625
2.0162	148.16880067625
2.0114	142.28218290375
2.0066	149.18454778625
2.0018	150.3854298625
1.997	157.1916379925
1.9922	163.87230995
1.9874	158.04612789625
1.9826	157.81494838
1.9778	162.6322984875
1.973	166.7528360875
1.9682	168.47405197625
1.9634	166.697917695
1.9586	168.67522411625
1.9538	168.6903744775
1.949	168.10872899375
1.9442	171.47068538125
1.9394	181.08907428125
1.9346	182.71057360625
1.9298	175.6993054575
1.925	179.74398746125
1.9202	178.121910495
1.9154	181.14717503125
1.9106	183.85322518875
1.9058	186.4424236675
1.901	190.96070497
1.8962	185.41972872125
1.8914	192.9942187075
1.8866	188.78611272625
1.8818	194.718593805
1.877	197.9612975275
1.8722	192.46333922625
1.8674	197.1146776
1.8626	198.52127366125
1.8578	201.9097296675
1.853	203.85605124625
1.8482	203.51118412625
1.8434	203.6266129675
1.8386	205.45038243125
1.8338	209.125595335
1.829	210.55328697125
1.8242	205.79363974625
1.8194	212.85047304
1.8146	210.44360900375
1.8098	210.670810635
1.805	211.85490590375
1.8002	215.02898581875
1.7954	214.18357045375
1.7906	216.48999369875
1.7858	220.2104514225
1.781	215.3466370725
1.7762	221.00743576125
1.7714	218.745685565
1.7666	223.680629445
1.7618	222.38870096375
1.757	225.59648057875
1.7522	220.90170721625
1.7474	224.21452614
1.7426	229.54248219125
1.7378	230.650867845
1.733	228.97409410125
1.7282	231.87933079625
1.7234	229.66991581
1.7186	227.9659535725
1.7138	231.162774205
1.709	237.8335659
1.7042	235.3895100525
1.6994	230.14085202375
1.6946	235.950289915
1.6898	235.12213179875
1.685	238.89755339625
1.6802	234.72477458
1.6754	241.60961161875
1.6706	241.4069952475
1.6658	241.09356182
1.661	236.22548662875
1.6562	237.78923668875
1.6514	241.84361953375
1.6466	238.18362451625
1.6418	241.56187094125
1.637	242.86703966625
1.6322	238.81331702
1.6274	241.9358253525
1.6226	238.506408825
1.6178	240.54393159125
1.613	244.44708873375
1.6082	239.4530683975
1.6034	245.65252150375
1.5986	242.80959924375
1.5938	242.09783939625
1.589	245.7686046375
1.5842	248.7642138725
1.5794	250.71537033875
1.5746	248.48650154625
1.5698	243.308986675
1.565	251.3812906425
1.5602	250.56422990875
1.5554	250.58703040625
1.5506	249.99549153
1.5458	249.11928867625
1.541	249.27358394125
1.5362	255.262058175
1.5314	251.27477900125
1.5266	251.69504016375
1.5218	253.302407085
1.517	249.0828728275
1.5122	252.5870801175
1.5074	254.87309307125
1.5026	252.48296940125
1.4978	251.5975366275
1.493	256.18887086375
1.4882	256.28875055375
1.4834	255.31113489875
1.4786	256.124203325
1.4738	260.44936863875
1.469	253.96020110125
1.4642	260.33610204125
1.4594	260.8974305275
1.4546	254.6365789025
1.4498	259.2166084175
1.445	260.78815216375
1.4402	257.07622091875
1.4354	261.34275974625
1.4306	258.14934157625
1.4258	259.96528674625
1.421	257.78858966
1.4162	257.4890041975
1.4114	263.3693172025
1.4066	263.8425303275
1.4018	259.1802789775
1.397	263.141369465
1.3922	264.86086273875
1.3874	258.09007958625
1.3826	260.94484986375
1.3778	262.1592592675
1.373	266.30886022625
1.3682	265.26831554125
1.3634	262.939326895
1.3586	267.242777935
1.3538	267.130397475
1.349	268.1518297825
1.3442	268.71093509625
1.3394	268.267186945
1.3346	268.50904374625
1.3298	259.808700695
1.325	268.3484083925
1.3202	263.18320218375
1.3154	270.4712733425
1.3106	268.86006443625
1.3058	270.6087273875
1.301	267.79530799375
1.2962	259.40718609125
1.2914	269.38621899625
1.2866	268.12617903875
1.2818	274.625840895
1.277	267.18478604375
1.2722	271.7140577425
1.2674	270.4906379025
1.2626	273.3101471475
1.2578	268.62214419
1.253	267.34105509125
1.2482	268.15405471625
1.2434	269.92282262875
1.2386	268.13539532125
1.2338	264.86169463875
1.229	268.22406253625
1.2242	274.39757826125
1.2194	263.929611075
1.2146	272.128765865
1.2098	266.3915177025
1.205	271.70141338625
1.2002	267.18400053
1.1954	270.55285954125
1.1906	268.48439988625
1.1858	270.52789556625
1.181	270.61571112125
1.1762	270.03211386125
1.1714	273.8248394875
1.1666	272.59794035
1.1618	269.221335775
1.157	266.72441703375
1.1522	272.43571738
1.1474	271.50925307
1.1426	270.9481148075
1.1378	271.6841640375
1.133	274.24010153125
1.1282	270.94027333875
1.1234	275.09312346875
1.1186	277.52018058625
1.1138	273.43213482625
1.109	271.59690609
1.1042	271.61139802875
1.0994	268.66966020125
1.0946	276.13302687125
1.0898	272.10642043625
1.085	275.16933945625
1.0802	267.57101786875
1.0754	270.77322461125
1.0706	272.53001406875
1.0658	275.610159955
1.061	274.0401002875
1.0562	276.69832627125
1.0514	270.8727514675
1.0466	272.92661876625
1.0418	272.55486076125
1.037	269.5260169525
1.0322	272.40892795
1.0274	275.0732099475
1.0226	269.43081699125
1.0178	269.44468201
1.013	275.39609589125
1.0082	275.12159966625
1.0034	275.76066966
0.9986	281.7720487275
0.9938	274.95218969625
0.989	271.27019338625
0.9842	277.00806281375
0.9794	274.18317786125
0.9746	277.30610164125
0.9698	268.75947003625
0.965	273.4029618975
0.9602	275.1699367025
0.9554	275.36260453875
0.9506	268.7120064925
0.9458	272.5511195675
0.941	276.05899383625
0.9362	270.8410342725
0.9314	280.01068046625
0.9266	273.70245517125
0.9218	277.8299136175
0.917	272.4141654075
0.9122	272.56644898625
0.9074	272.81699604875
0.9026	279.95922697375
0.8978	272.9010008775
0.893	272.82796815875
0.8882	269.5035633225
0.8834	277.73202658625
0.8786	277.5256027225
0.8738	273.52432364625
0.869	270.94178175125
0.8642	274.59799643
0.8594	272.99249181
0.8546	272.36438119875
0.8498	276.7180801975
0.845	274.24116182875
0.8402	274.718079375
0.8354	275.934411605
0.8306	276.35824838875
0.8258	272.76249380125
0.821	273.05124181375
0.8162	278.86342153
0.8114	271.602658035
0.8066	278.7162146025
0.801800000000001	272.34920781625
0.797	273.22547333125
0.7922	278.65189143875
0.7874	273.29024845375
0.7826	270.02650869875
0.7778	273.05720438
0.773	273.23459125875
0.7682	275.62393114125
0.7634	275.55171180375
0.7586	275.7232594875
0.7538	273.70672542
0.749	274.76445760625
0.7442	278.623143865
0.7394	271.99031132375
0.7346	274.26031400375
0.7298	277.73888827625
0.725	274.14101842375
0.7202	275.46410267625
0.7154	274.0825701375
0.7106	273.27817749375
0.7058	276.02860476625
0.701000000000001	272.66482756875
0.6962	276.0404117
0.6914	272.3368436125
0.6866	270.5783480475
0.6818	275.5965319375
0.677	274.90450442375
0.6722	280.253302305
0.6674	273.2495009725
0.6626	271.42588234375
0.6578	281.45310798
0.653	275.40730294625
0.6482	278.63765914
0.6434	275.608670205
0.6386	273.83647082625
0.6338	272.999139255
0.629	275.9414077625
0.624200000000001	277.06786504875
0.6194	270.91358003125
0.6146	273.12401254875
0.6098	276.4447965575
0.605	272.57957360625
0.600200000000001	275.360958315
0.5954	272.37754462375
0.5906	278.5724899375
0.5858	275.8391453275
0.581	271.789137345
0.5762	278.28722206875
0.5714	269.55908282125
0.5666	279.61675498
0.5618	276.4111078775
0.557	278.27834563375
0.5522	278.235348765
0.5474	273.41384545
0.5426	276.4090949075
0.5378	275.4851008925
0.533	277.799376055
0.5282	273.97578924625
0.523400000000001	279.93095330875
0.5186	277.3808001075
0.5138	276.07675289875
0.509	270.99986743125
0.5042	282.8957804525
0.499400000000001	281.45945768625
0.4946	281.8799757525
0.4898	270.59042484
0.485	272.3614048275
0.4802	276.50577350625
0.4754	271.44677125125
0.4706	275.1147983175
0.4658	270.9589243175
0.461	273.7528441925
0.4562	275.25256661
0.4514	272.08916587125
0.4466	276.75888399
0.4418	275.8416225875
0.437	273.2465242375
0.4322	280.46883445375
0.4274	274.88065259
0.422600000000001	272.11461938625
0.4178	272.5224887625
0.413	272.88096226
0.4082	271.17819681375
0.4034	282.3569578625
0.398600000000001	274.53999866
0.3938	280.09509665625
0.389	273.2436728875
0.3842	271.91506297375
0.3794	278.13758679
0.3746	275.35596919125
0.3698	274.20600298125
0.365	274.69776561375
0.3602	272.6084009375
0.3554	273.2113348825
0.3506	279.268414345
0.345800000000001	276.09657868875
0.341	270.12305022
0.3362	278.0648395375
0.3314	274.1192023375
0.3266	268.49283935125
0.321800000000001	273.99753501125
0.317	275.22171842875
0.3122	277.24303373375
0.3074	273.27476542125
0.3026	275.37874002375
0.297800000000001	275.069627705
0.293	272.89114482125
0.2882	273.6340729175
0.2834	275.54063924125
0.2786	273.72017012875
0.2738	275.8408642
0.269	276.2192044775
0.2642	268.386909995
0.2594	278.13709561625
0.2546	276.50675369625
0.2498	271.5831544425
0.245000000000001	275.33020852
0.2402	277.5682060875
0.2354	275.28436073125
0.2306	277.442556455
0.2258	271.54125034625
0.221000000000001	274.34269815
0.2162	276.40741400125
0.2114	271.0904824875
0.2066	281.3037925325
0.2018	277.0464885325
0.197000000000001	279.008951345
0.1922	278.80889507125
0.1874	279.41521643125
0.1826	274.36844932
0.1778	280.6146601375
0.173	272.0410064925
0.168200000000001	272.35166256
0.1634	269.43855648875
0.1586	276.28745072375
0.1538	275.62195678375
0.149	273.56362945
0.144200000000001	278.37268850375
0.1394	270.9221510775
0.1346	277.12712861625
0.1298	276.38652370375
0.125	275.4179266025
0.120200000000001	273.683668495
0.1154	275.988865365
0.110600000000001	271.45559631125
0.1058	273.45286264875
0.101	277.1085938325
0.096200000000001	273.9357727675
0.0914	279.91689198125
0.086600000000001	278.4860449125
0.0818	268.1924368275
0.077	271.691617065
0.072200000000001	278.44984569125
0.0674	274.309320425
0.062600000000001	276.56989247625
0.0578	278.9230220725
0.053	279.23475057375
0.048200000000001	270.900294195
0.0434	274.84111027625
0.038600000000001	270.43429107875
0.0338	277.0504218925
0.029000000000001	274.3982624225
0.0242	275.92174435625
0.0194	279.55583207
0.014600000000001	276.5227228725
0.0098	271.93314043875
0.005000000000001	276.593667665
0.0002	279.15274196125
