   6.00159979       1.00000001E-10
   6.00640011       2.35998537E-02
   6.01119995       8.19998160E-02
   6.01599979       2.27999873E-02
   6.02080011      0.207200006    
   6.02559996       6.04000837E-02
   6.03039980      0.192000121    
   6.03519917      0.163200080    
   6.03999996      0.210800171    
   6.04479980      0.163999945    
   6.04959965       9.11999494E-02
   6.05439997       9.67999250E-02
   6.05919981       8.88000503E-02
   6.06399965       6.95999116E-02
   6.06879950      0.137999877    
   6.07359982       9.35998559E-02
   6.07840014       3.20001207E-02
   6.08319998       1.00000001E-10
   6.08799982       1.00000001E-10
   6.09279966       1.00000001E-10
   6.09759998       1.00000001E-10
   6.10239935       1.00000001E-10
   6.10719967       1.00000001E-10
   6.11199999       1.00000001E-10
   6.11680031      0.111600034    
   6.12159967      0.134800106    
   6.12639952       7.83999637E-02
   6.13119984       4.16000374E-02
   6.13599968       1.00000001E-10
   6.14079952       9.00000036E-02
   6.14560080      0.117200010    
   6.15040016      0.161600038    
   6.15520000       8.36001560E-02
   6.15999937       5.56002818E-02
   6.16480064      0.117200010    
   6.16960001      0.141199946    
   6.17439938      0.125599980    
   6.17920065      0.192799985    
   6.18400002      0.153999940    
   6.18879938       2.39999387E-02
   6.19359970       2.32000723E-02
   6.19839954       5.44000231E-02
   6.20319986       3.36001590E-02
   6.20799923       3.39999385E-02
   6.21280050       1.00000001E-10
   6.21759987       9.32000726E-02
   6.22239971      0.194400027    
   6.22719955      0.266799927    
   6.23200035      0.263999939    
   6.23679972      0.305199891    
   6.24159956      0.333200067    
   6.24640036      0.370799869    
   6.25120068      0.412400216    
   6.25599957      0.291600049    
   6.26080036      0.196799934    
   6.26560020      0.301200271    
   6.27039957      0.151600033    
   6.27519941      0.167600095    
   6.28000021      0.136399835    
   6.28480053      0.173200071    
   6.28960037      0.150399774    
   6.29439926       3.75997908E-02
   6.29920053       7.79998749E-02
   6.30400038      0.143600166    
   6.30880022      0.128800049    
   6.31360054      0.140000001    
   6.31840038      0.217999876    
   6.32320070      0.178799748    
   6.32800007       6.55999780E-02
   6.33280039       9.19998139E-02
   6.33760023      0.111199953    
   6.34240007       5.11999503E-02
   6.34720039      0.126799926    
   6.35200071       1.00000001E-10
   6.35680056       1.00000001E-10
   6.36159992       1.00000001E-10
   6.36640024       1.00000001E-10
   6.37120056       1.00000001E-10
   6.37600040       1.00000001E-10
   6.38080072       1.00000001E-10
   6.38560057       1.00000001E-10
   6.39040041       1.00000001E-10
   6.39519978       1.00000001E-10
   6.40000010       1.00000001E-10
   6.40480042       1.00000001E-10
   6.40960026       1.00000001E-10
   6.41440010       1.00000001E-10
   6.41920042       1.00000001E-10
   6.42400026       1.00000001E-10
   6.42880011       1.00000001E-10
   6.43359947       1.00000001E-10
   6.43839979       1.00000001E-10
   6.44319963       1.00000001E-10
   6.44799995       1.00000001E-10
   6.45280027       1.00000001E-10
   6.45760012       1.00000001E-10
   6.46239996       1.00000001E-10
   6.46719933       1.00000001E-10
   6.47199965       1.00000001E-10
   6.47679949       1.00000001E-10
   6.48159981       1.00000001E-10
   6.48640013       1.00000001E-10
   6.49119997       1.00000001E-10
   6.49599981       1.00000001E-10
   6.50079966       1.00000001E-10
   6.50559998       1.00000001E-10
   6.51039982       1.00000001E-10
   6.51520014       1.00000001E-10
   6.52000046       1.00000001E-10
   6.52480030       1.00000001E-10
   6.52960014       1.00000001E-10
   6.53439999       1.00000001E-10
   6.53920031       1.00000001E-10
   6.54400015       1.00000001E-10
   6.54880047       1.00000001E-10
   6.55360031       1.00000001E-10
   6.55840015       1.00000001E-10
   6.56320000       1.00000001E-10
   6.56799984       1.00000001E-10
   6.57280016       1.00000001E-10
   6.57760000       1.00000001E-10
   6.58240032       1.00000001E-10
   6.58720016       1.00000001E-10
   6.59200001       1.00000001E-10
   6.59679985       1.00000001E-10
   6.60159969       1.00000001E-10
   6.60639954       1.00000001E-10
   6.61119986       1.00000001E-10
   6.61599970       1.00000001E-10
   6.62080002       3.20007326E-03
   6.62559986       2.16000360E-02
   6.63039923       1.00000001E-10
   6.63519955       7.44000226E-02
   6.63999939       3.67999263E-02
   6.64479971      0.138399959    
   6.64960003       6.76001012E-02
   6.65439987      0.120799869    
   6.65919971       5.60000613E-02
   6.66399908       4.27999869E-02
   6.66879940       5.60000613E-02
   6.67359924      0.158399969    
   6.67839956      0.279600233    
   6.68319988      0.389599919    
   6.68799973      0.413200080    
   6.69279909      0.447600096    
   6.69759893      0.545200169    
   6.70239973      0.448399961    
   6.70719910      0.593199790    
   6.71199989      0.627600074    
   6.71679974      0.852000117    
   6.72160053      0.873600185    
   6.72640038      0.965200186    
   6.73119974       1.16119993    
   6.73600054       1.16839993    
   6.74080038       1.35160005    
   6.74560070       1.42279994    
   6.75039959       1.49360013    
   6.75519943       1.51359987    
   6.76000023       1.65960026    
   6.76479959       1.63920009    
   6.76959944       1.86920011    
   6.77440023       1.84040010    
   6.77919960       1.78839993    
   6.78399944       1.77599978    
   6.78880024       1.72359991    
   6.79360008       1.77519989    
   6.79839945       1.78479981    
   6.80319929       1.84840000    
   6.80800009       1.59640014    
   6.81279898       1.65839994    
   6.81759930       1.66680026    
   6.82240009       1.66039979    
   6.82719994       1.68799984    
   6.83199930       1.57399964    
   6.83680010       1.60279965    
   6.84159994       1.66640019    
   6.84639931       1.61999965    
   6.85120010       1.69919980    
   6.85599995       1.74600005    
   6.86079979       1.79399991    
   6.86560011       1.70319974    
   6.87039995       1.66559994    
   6.87520027       1.59840024    
   6.87999916       1.57880008    
   6.88479996       1.50160003    
   6.88960028       1.55600011    
   6.89440012       1.56040013    
   6.89919996       1.63759983    
   6.90400028       1.67679989    
   6.90880013       1.60680020    
   6.91359901       1.51279998    
   6.91840029       1.49039984    
   6.92320013       1.36600041    
   6.92799997       1.38440001    
   6.93280029       1.48320007    
   6.93760061       1.46000004    
   6.94240046       1.65800023    
   6.94719982       1.51880002    
   6.95200014       1.62239993    
   6.95680046       1.51679993    
   6.96160030       1.55719972    
   6.96640015       1.59599972    
   6.97120047       1.52960026    
   6.97600079       1.60119998    
   6.98080015       1.50359988    
   6.98559999       1.43840027    
   6.99040031       1.36440003    
   6.99520016       1.31800044    
   7.00000000       1.36639953    
   7.00480032       1.40320003    
   7.00960064       1.31080019    
   7.01440001       1.23679996    
   7.01919985       1.34119999    
   7.02400017       1.30919981    
   7.02880049       1.33840024    
   7.03359985       1.22760010    
   7.03839970       1.27880001    
   7.04320002       1.20560002    
   7.04799986       1.32919979    
   7.05279970       1.37559998    
   7.05760002       1.47479975    
   7.06239986       1.39320004    
   7.06719971       1.34080017    
   7.07200003       1.33400023    
   7.07680130       1.28960025    
   7.08160019       1.33479977    
   7.08640099       1.40320003    
   7.09120035       1.35800052    
   7.09599972       1.33039975    
   7.10080004       1.22679996    
   7.10560131       1.27840030    
   7.11040020       1.29679990    
   7.11520004       1.31239986    
   7.11999989       1.39559996    
   7.12480021       1.46400023    
   7.12960005       1.54039979    
   7.13439989       1.53479981    
   7.13919973       1.56920040    
   7.14400005       1.52559996    
   7.14879990       1.65479982    
   7.15359974       1.82479978    
   7.15839958       1.75799990    
   7.16319942       1.77679992    
   7.16799974       1.80839968    
   7.17279959       1.75119996    
   7.17759943       1.75799990    
   7.18239927       1.61719966    
   7.18719959       1.77440000    
   7.19199944       1.74679995    
   7.19679928       1.72200012    
   7.20159960       1.75600040    
   7.20639944       1.68919981    
   7.21119976       1.78319943    
   7.21599960       1.76999998    
   7.22080040       1.85440004    
   7.22559929       1.92599976    
   7.23039961       1.95760012    
   7.23519945       2.12239981    
   7.23999929       2.10040045    
   7.24479961       2.28599977    
   7.24959946       2.27959967    
   7.25440025       2.46479988    
   7.25919962       2.54520011    
   7.26399946       2.63680053    
   7.26879930       2.69720030    
   7.27359962       2.83919978    
   7.27840042       2.89680004    
   7.28320026       2.99279976    
   7.28800011       3.08879948    
   7.29280043       3.04519963    
   7.29760027       3.04479980    
   7.30240011       3.12720037    
   7.30719948       3.25320005    
   7.31200027       3.44519949    
   7.31680012       3.61919975    
   7.32160044       3.60160041    
   7.32639933       3.67599964    
   7.33120012       3.77479911    
   7.33599997       3.83399963    
   7.34080029       4.05720043    
   7.34560061       4.23080015    
   7.35039997       4.36160040    
   7.35520029       4.53559923    
   7.36000013       4.64720011    
   7.36479998       4.77839947    
   7.36960030       4.79480028    
   7.37440062       4.83600044    
   7.37920046       4.87280035    
   7.38400030       5.02520037    
   7.38880062       5.00040054    
   7.39360046       4.99480057    
   7.39839983       5.17999983    
   7.40320063       5.32159996    
   7.40800095       5.42480040    
   7.41280031       5.56599998    
   7.41760063       5.76959944    
   7.42240047       6.12800026    
   7.42720032       6.15000010    
   7.43200016       6.28000021    
   7.43680048       6.45280027    
   7.44160080       6.60960007    
   7.44640017       6.79200029    
   7.45120001       6.90359974    
   7.45600033       6.97679996    
   7.46080017       7.06640005    
   7.46559954       7.24799967    
   7.47040033       7.46840048    
   7.47520018       7.50079966    
   7.48000002       7.57079935    
   7.48479986       7.55159950    
   7.48960018       7.77760077    
   7.49440002       7.85360050    
   7.49919987       7.95959949    
   7.50400019       8.10680008    
   7.50880003       8.25959969    
   7.51359987       8.47520065    
   7.51839972       8.50159931    
   7.52319956       8.66960049    
   7.52799988       8.81920052    
   7.53279972       9.02320099    
   7.53760004       9.20440102    
   7.54239988       9.45119953    
   7.54719973       9.60799885    
   7.55199957       9.60640049    
   7.55679989       9.63239956    
   7.56159973       9.90560055    
   7.56639957       10.1716013    
   7.57119989       10.3300009    
   7.57600021       10.5264015    
   7.58080101       10.5628004    
   7.58559990       10.6027994    
   7.59040022       10.8163986    
   7.59520006       10.9095993    
   7.59999990       11.1152000    
   7.60479975       11.2412014    
   7.60960007       11.4787998    
   7.61439991       11.8027992    
   7.61919928       12.1299992    
   7.62399960       12.3327999    
   7.62879992       12.7507982    
   7.63359976       12.9759998    
   7.63840008       13.1924009    
   7.64319992       13.4488010    
   7.64799976       13.6179991    
   7.65279961       13.8119993    
   7.65759993       13.9952002    
   7.66239977       14.0891991    
   7.66719961       14.4356003    
   7.67199993       14.6800013    
   7.67679977       15.0144005    
   7.68159962       15.2832003    
   7.68639994       15.5672007    
   7.69120073       15.7604008    
   7.69600058       16.1947994    
   7.70079947       16.4799995    
   7.70559978       16.7388000    
   7.71039963       16.9903984    
   7.71520042       17.3176003    
   7.71999931       17.7127991    
   7.72480059       18.0624008    
   7.72959948       18.3811989    
   7.73439932       18.6780014    
   7.73920059       18.9375992    
   7.74399948       19.2715988    
   7.74880075       19.6491985    
   7.75359964       19.8903999    
   7.75840044       20.3920002    
   7.76320028       20.7612019    
   7.76799917       21.0492001    
   7.77279949       21.4115982    
   7.77760077       21.7967987    
   7.78240013       22.2075977    
   7.78719950       22.6043987    
   7.79200077       23.1280003    
   7.79680014       23.5844021    
   7.80159950       23.9167976    
   7.80639935       24.1379986    
   7.81120014       24.5279999    
   7.81599998       25.0091991    
   7.82080030       25.5135994    
   7.82559919       26.0224018    
   7.83039904       26.4155998    
   7.83519936       26.7900009    
   7.83999920       27.0227985    
   7.84480000       27.4212017    
   7.84959984       27.7807980    
   7.85439920       28.1476002    
   7.85919905       28.4283981    
   7.86399984       28.7619991    
   7.86879921       28.9176025    
   7.87359905       29.3627987    
   7.87839985       29.7679996    
   7.88319969       30.1427975    
   7.88799906       30.6156006    
   7.89279890       30.9496021    
   7.89759970       31.2735977    
   7.90239859       31.5352020    
   7.90719986       31.7804012    
   7.91199970       32.0487976    
   7.91680002       32.2975960    
   7.92159891       32.4704018    
   7.92639875       32.6888008    
   7.93119955       32.9651985    
   7.93599892       33.0975990    
   7.94079971       33.4372025    
   7.94559956       33.7284012    
   7.95039988       33.9851990    
   7.95520020       34.2020035    
   7.95999956       34.3324013    
   7.96479988       34.5135994    
   7.96959972       34.6135979    
   7.97440004       34.8815994    
   7.97919989       35.0520020    
   7.98399973       35.1344032    
   7.98880005       35.1840019    
   7.99359989       35.2844009    
   7.99840021       35.3152008    
   8.00320053       35.3576012    
   8.00799942       35.5215988    
   8.01279926       35.5555992    
   8.01759911       35.5372009    
   8.02239990       35.3647995    
   8.02720070       35.3108025    
   8.03200054       35.2760010    
   8.03680038       35.3404007    
   8.04159927       35.3115997    
   8.04639912       35.2832031    
   8.05119991       35.1787987    
   8.05600071       34.8992004    
   8.06080055       34.6940041    
   8.06560040       34.4911957    
   8.07040024       34.3048058    
   8.07520103       34.2256012    
   8.07999992       34.1308022    
   8.08480072       33.9511948    
   8.08960056       33.7368011    
   8.09440041       33.4323959    
   8.09920025       33.1964073    
   8.10400009       32.9600067    
   8.10880089       32.7080040    
   8.11360073       32.2823982    
   8.11840057       31.8611965    
   8.12320137       31.4431992    
   8.12800121       31.0171967    
   8.13280010       30.7327976    
   8.13760090       30.3467960    
   8.14240074       30.0400009    
   8.14720058       29.6612015    
   8.15200043       29.3424015    
   8.15680122       28.9120026    
   8.16160202       28.6408005    
   8.16640091       28.2599945    
   8.17120075       27.8976021    
   8.17600060       27.4387989    
   8.18080044       26.9327984    
   8.18560123       26.3716011    
   8.19040203       25.8776016    
   8.19520187       25.3976021    
   8.20000076       24.9851952    
   8.20480061       24.5047989    
   8.20960045       24.0723972    
   8.21440029       23.4771976    
   8.21920109       23.0507965    
   8.22400093       22.6399994    
   8.22880173       22.1635990    
   8.23359966       21.6740036    
   8.23840046       21.1879978    
   8.24320030       20.6619968    
   8.24800014       20.1452007    
   8.25279999       19.6832027    
   8.25759983       19.2351952    
   8.26240063       18.8644047    
   8.26719952       18.4008007    
   8.27199936       17.8308010    
   8.27680016       17.2512016    
   8.28160000       16.7539997    
   8.28639984       16.3135929    
   8.29120064       15.8536034    
   8.29600048       15.4988041    
   8.30079937       15.0747948    
   8.30560017       14.6260061    
   8.31040001       14.1851950    
   8.31519985       13.6912012    
   8.31999969       13.2971973    
   8.32480049       12.8636036    
   8.32960033       12.4095993    
   8.33440018       12.0068064    
   8.33920002       11.5991993    
   8.34399986       11.2047949    
   8.34879971       10.8759956    
   8.35359955       10.5696096    
   8.35840034       10.2856054    
   8.36320019       9.99080086    
   8.36800003       9.65320301    
   8.37279987       9.28040028    
   8.37759972       8.99200153    
   8.38239956       8.65959930    
   8.38720036       8.36120129    
   8.39200020       8.01319313    
   8.39680099       7.72160149    
   8.40159988       7.37919903    
   8.40639973       7.10720682    
   8.41120052       6.82559586    
   8.41600037       6.61879873    
   8.42080021       6.37919903    
   8.42560005       6.18200207    
   8.43040085       5.94240236    
   8.43519974       5.73239279    
   8.43999958       5.49360371    
   8.44480038       5.30040026    
   8.44960022       5.07920885    
   8.45439911       4.91200209    
   8.45920086       4.69600582    
   8.46400070       4.48360348    
   8.46880054       4.33080101    
   8.47359943       4.18679667    
   8.47840023       4.01520491    
   8.48320007       3.88600588    
   8.48799896       3.69719720    
   8.49280071       3.54679680    
   8.49760056       3.38560557    
   8.50239944       3.23199224    
   8.50719929       3.08919930    
   8.51200008       3.00319338    
   8.51679993       2.88199210    
   8.52159882       2.76560545    
   8.52640057       2.64680672    
   8.53120041       2.54759765    
   8.53599930       2.42439461    
   8.54079914       2.31759763    
   8.54559898       2.23959970    
   8.55039978       2.14719725    
   8.55519962       2.06719732    
   8.55999947       1.95560551    
   8.56480026       1.86359370    
   8.56959915       1.82719731    
   8.57439899       1.76999998    
   8.57919884       1.71319342    
   8.58399963       1.64280272    
   8.58879948       1.57559574    
   8.59359932       1.50759768    
   8.59840012       1.42759764    
   8.60319901       1.35879886    
   8.60799885       1.31639647    
   8.61279964       1.26120114    
   8.61759949       1.20240235    
   8.62239933       1.16919923    
   8.62719917       1.12519526    
   8.63199997       1.08440435    
   8.63679886       1.05519533    
   8.64159870       1.00879884    
   8.64639950      0.955996096    
   8.65119934      0.914003909    
   8.65599918      0.871201158    
   8.66079998      0.821201146    
   8.66559982      0.791591823    
   8.67039967      0.766796887    
   8.67519951      0.726806641    
   8.68000031      0.697197258    
   8.68480015      0.661201179    
   8.68959999      0.643593729    
   8.69439983      0.623203099    
   8.69919968      0.592392564    
   8.70399952      0.567998052    
   8.70880032      0.535595715    
   8.71360016      0.511601567    
   8.71840000      0.494394541    
   8.72319984      0.478798836    
   8.72799969      0.468398452    
   8.73279953      0.434794933    
   8.73760033      0.416396499    
   8.74239922      0.396406263    
   8.74720001      0.386005849    
   8.75200081      0.377207041    
   8.75679970      0.369208992    
   8.76160049      0.349199206    
   8.76639938      0.332392573    
   8.77120018      0.312402338    
   8.77600002      0.296806633    
   8.78080082      0.290800780    
   8.78560066      0.273593754    
   8.79039955      0.261601567    
   8.79520035      0.251201183    
   8.80000019      0.237597659    
   8.80480003      0.237207025    
   8.80959988      0.225205079    
   8.81440163      0.221201167    
   8.81920147      0.209999993    
   8.82400131      0.204794928    
   8.82880020      0.192802727    
   8.83360100      0.185595706    
   8.83840084      0.176396489    
   8.84320068      0.170400396    
   8.84800148      0.159999996    
