  0.252999991       1.89790130E-02
  0.291400015       1.97127238E-02
  0.329800010       4.23386134E-03
  0.368199974       4.36664377E-05
  0.406599969       5.37166663E-04
  0.444999963       1.00000001E-10
  0.483399987       2.74238671E-04
  0.521800041       1.59378524E-03
  0.560199976       6.89587370E-03
  0.598600030       1.84894446E-02
  0.637000024       1.55963060E-02
  0.675400019       1.97617672E-02
  0.713800013       1.00873755E-02
  0.752200007       5.38203027E-03
  0.790600002       1.93213951E-03
  0.828999996       2.04675278E-04
  0.867400050       2.01452966E-03
  0.905799985       5.99308056E-04
  0.944200039       4.10171272E-03
  0.982599974       2.40786793E-03
   1.02100003       4.44065081E-03
   1.05940008       2.65552057E-03
   1.09780002       2.88769254E-03
   1.13620007       1.41448260E-03
   1.17460001       3.66814231E-04
   1.21300006       2.33021262E-03
   1.25139999       3.59197147E-03
   1.28979993       1.74402236E-03
   1.32819998       1.00000001E-10
   1.36660004       2.05327990E-03
   1.40500021       3.95864993E-03
   1.44340003       1.00000001E-10
   1.48180008       1.00000001E-10
   1.52020001       1.00000001E-10
   1.55859995       1.00000001E-10
   1.59699988       1.00000001E-10
   1.63539994       1.00000001E-10
   1.67380011       1.00000001E-10
   1.71220016       1.00000001E-10
   1.75059998       1.00000001E-10
   1.78899992       3.91312363E-03
   1.82739997       2.11168267E-02
   1.86579990       2.78699137E-02
   1.90419996       2.72808429E-02
   1.94260025       2.44757179E-02
   1.98100019       1.82308238E-02
   2.01940012       5.64696547E-03
   2.05780005       1.00000001E-10
   2.09619999       1.00000001E-10
   2.13459969       1.00000001E-10
   2.17299986       1.00000001E-10
   2.21140003       1.00000001E-10
   2.24980021       1.00000001E-10
   2.28820014       8.53402657E-04
   2.32659984       2.46393448E-03
   2.36500001       4.97301575E-03
   2.40339994       1.78707833E-03
   2.44180012       1.18138880E-04
   2.48020029       1.00000001E-10
   2.51860023       4.35122638E-06
   2.55700016       3.12001701E-03
   2.59539986       1.20281952E-03
   2.63380003       1.82347069E-03
   2.67219996       7.01754354E-03
   2.71059990       1.32271750E-02
   2.74900007       2.12353356E-02
   2.78740025       2.65663452E-02
   2.82580018       2.81606652E-02
   2.86420012       2.70025432E-02
   2.90260029       2.75533497E-02
   2.94099998       2.41147336E-02
   2.97940016       4.25835140E-03
   3.01780009       1.24857901E-03
   3.05620003       1.24566635E-04
   3.09460020       5.90640074E-03
   3.13299990       8.78072716E-03
   3.17139983       9.09803156E-03
   3.20980000       2.16455497E-02
   3.24820018       2.60666274E-02
   3.28660035       2.82708835E-02
   3.32500029       1.43261710E-02
   3.36340022       5.82567416E-03
   3.40180016       6.09571440E-03
   3.44019985       3.38895392E-04
   3.47860026       1.00000001E-10
   3.51700020       1.00000001E-10
   3.55539989       1.49304949E-04
   3.59380007       1.00000001E-10
   3.63219976       1.00000001E-10
   3.67059970       1.00000001E-10
   3.70899963       1.00000001E-10
   3.74740028       1.00000001E-10
   3.78580046       1.00000001E-10
   3.82420015       1.00000001E-10
   3.86260033       1.00000001E-10
   3.90100026       1.00000001E-10
   3.93940020       1.00000001E-10
   3.97779989       3.66595038E-03
   4.01620007       1.25388550E-02
   4.05459976       2.32163593E-02
   4.09299994       2.15046182E-02
   4.13139963       2.23208778E-02
   4.16979980       1.72080118E-02
   4.20819998       1.09581472E-02
   4.24660015       1.26660541E-02
   4.28500032       9.53192171E-03
   4.32340050       1.19341852E-03
   4.36180019       2.06873426E-03
   4.40020037       1.00000001E-10
   4.43860054       1.00000001E-10
   4.47700024       1.00000001E-10
   4.51539993       1.00000001E-10
   4.55380011       1.00000001E-10
   4.59219980       1.00000001E-10
   4.63059998       1.00000001E-10
   4.66899967       1.00000001E-10
   4.70739937       1.00000001E-10
   4.74579954       2.47588236E-04
   4.78419971       1.13085750E-03
   4.82259989       6.97719818E-03
   4.86100006       6.85396884E-03
   4.89940023       1.00000001E-10
   4.93780041       5.75767737E-03
   4.97620010       6.80120941E-03
   5.01460028       2.43640877E-03
   5.05299997       2.99646612E-03
   5.09139967       6.91318000E-03
   5.12979984       1.87116340E-02
   5.16820002       1.41529990E-02
   5.20659971       1.17172552E-02
   5.24499941       1.40543152E-02
   5.28340006       1.00077819E-02
   5.32180023       1.00000001E-10
   5.36020088       1.00000001E-10
   5.39860058       1.00000001E-10
   5.43700075       1.00000001E-10
   5.47540045       1.00000001E-10
   5.51380062       1.00000001E-10
   5.55220032       1.00000001E-10
   5.59060001       3.56989866E-03
   5.62899971       1.28218364E-02
   5.66739988       1.73726734E-02
   5.70580006       1.34009365E-02
   5.74419975       3.58790625E-03
   5.78259945       9.48801055E-04
   5.82100010       1.00000001E-10
   5.85940075       1.00000001E-10
   5.89780045       1.00000001E-10
   5.93620014       1.00000001E-10
   5.97460032       2.02995306E-03
   6.01300001       1.04388017E-02
   6.05140018       2.33423021E-02
   6.08980036       3.49020176E-02
   6.12820005       4.14330214E-02
   6.16660023       3.10898758E-02
   6.20499992       2.19437480E-02
   6.24339962       1.68685410E-02
   6.28179932       7.68755656E-03
   6.32019997       2.01725727E-03
   6.35860062       2.79613747E-03
   6.39700031       4.96572023E-03
   6.43540049       4.46376111E-03
   6.47380018       1.58271787E-03
   6.51220036       5.78393985E-04
   6.55060005       5.12685860E-04
   6.58899975       1.00000001E-10
   6.62739944       1.00000001E-10
   6.66579962       1.00000001E-10
   6.70419979       1.00000001E-10
   6.74259949       1.00000001E-10
   6.78099966       1.00000001E-10
   6.81939983       1.00000001E-10
   6.85779953       1.00000001E-10
   6.89619970       4.82461561E-04
   6.93459988       5.82127087E-03
   6.97300053       6.97820273E-04
   7.01140022       1.00000001E-10
   7.04979992       1.00000001E-10
   7.08819962       1.00000001E-10
   7.12659979       1.00000001E-10
   7.16499996       1.00000001E-10
   7.20339966       1.62123435E-03
   7.24179935       8.21471680E-03
   7.28019953       2.22615479E-03
   7.31859970       1.54643774E-03
   7.35699940       3.06978298E-04
   7.39539909       2.60174042E-03
   7.43379974       2.91648001E-04
   7.47220039       1.00000001E-10
   7.51060057       1.00000001E-10
   7.54899979       1.00000001E-10
   7.58739996       2.31411937E-03
   7.62580013       6.99406397E-03
   7.66419983       7.41899945E-03
   7.70259953       9.79990698E-03
   7.74099970       8.42026994E-03
   7.77939987       9.55857988E-03
   7.81779957       1.00000001E-10
   7.85619974       1.00000001E-10
   7.89459944       1.82404605E-04
   7.93299961       1.00000001E-10
   7.97139978       1.74224464E-04
   8.00979996       2.74314871E-03
   8.04820061       1.48838032E-02
   8.08659935       2.03227438E-02
   8.12500000       1.72870271E-02
   8.16339970       2.11305339E-02
   8.20179939       2.44063102E-02
   8.24020004       2.19457150E-02
   8.27859879       1.52896475E-02
   8.31699944       4.83360514E-03
   8.35540009       1.20606506E-04
   8.39379978       1.67567821E-04
   8.43220043       1.00000001E-10
   8.47060013       1.00000001E-10
   8.50899982       1.00000001E-10
   8.54739952       1.00000001E-10
   8.58580017       1.00000001E-10
   8.62419987       1.00000001E-10
   8.66259956       1.58248655E-03
   8.70100021       7.85470067E-04
   8.73939896       5.21323737E-03
   8.77779961       9.61210765E-03
   8.81620026       1.09418277E-02
   8.85459995       6.94460887E-03
   8.89299965       4.92339628E-03
   8.93140030       1.40347145E-02
   8.96980000       2.05555521E-02
   9.00819969       2.22350359E-02
   9.04660034       2.88178269E-02
   9.08500004       4.34960537E-02
   9.12339973       5.08465394E-02
   9.16180038       6.15931898E-02
   9.20019913       7.23341554E-02
   9.23859978       9.92222205E-02
   9.27699947      0.123326942    
   9.31540012      0.145370781    
   9.35379982      0.176919222    
   9.39220047      0.220593989    
   9.43060017      0.274521828    
   9.46899986      0.327818930    
   9.50740051      0.395487636    
   9.54580021      0.475782007    
   9.58419991      0.575804472    
   9.62259960      0.677217007    
   9.66099930      0.787348986    
   9.69939995      0.913540006    
   9.73779869       1.04545140    
   9.77619934       1.19562364    
   9.81459999       1.34032345    
   9.85300064       1.48967981    
   9.89139938       1.63065219    
   9.92980003       1.76483977    
   9.96819973       1.88083696    
   10.0065994       1.94924355    
   10.0450001       1.98014736    
   10.0834007       1.95782554    
   10.1217995       1.89600670    
   10.1602001       1.77782893    
   10.1985998       1.61835241    
   10.2369995       1.43216729    
   10.2754002       1.23880458    
   10.3137999       1.04568005    
   10.3521996      0.852074027    
   10.3906002      0.678947330    
   10.4289989      0.525142550    
   10.4673996      0.398865342    
   10.5057993      0.295780271    
   10.5441990      0.213740692    
   10.5825996      0.153381497    
   10.6209993      0.110489808    
   10.6594000       8.04009959E-02
   10.6977997       5.90415224E-02
