   18.3111992       5.55999763E-02
   18.3160019       5.87998964E-02
   18.3208008       9.40000936E-02
   18.3255997      0.172799990    
   18.3304005      0.186399996    
   18.3351994      0.224400029    
   18.3400002      0.166800082    
   18.3447990      0.175599977    
   18.3496017      0.159199983    
   18.3544006      0.181999967    
   18.3591995      0.216399997    
   18.3640003      0.170000002    
   18.3688011      0.197999880    
   18.3736000      0.199600071    
   18.3783989      0.211199954    
   18.3831997      0.243199915    
   18.3880005      0.228800043    
   18.3927994      0.228399962    
   18.3976002      0.185600132    
   18.4023991      0.190800011    
   18.4071999      0.192000121    
   18.4119987      0.188399971    
   18.4167995      0.105599977    
   18.4215984       8.44000280E-02
   18.4263992       7.60000646E-02
   18.4312000       4.55999747E-02
   18.4360008       3.75999436E-02
   18.4408016       4.79995739E-03
   18.4455986       2.03999337E-02
   18.4503994       6.27999902E-02
   18.4552002       3.59999090E-02
   18.4599991       2.88000479E-02
   18.4647999       9.19999704E-02
   18.4695988      0.102399901    
   18.4743996      0.115200043    
   18.4791985      0.113600008    
   18.4839993      0.180400088    
   18.4888020      0.138399959    
   18.4935989      0.209199980    
   18.4983997      0.221999973    
   18.5032024      0.280800015    
   18.5080013      0.234400019    
   18.5128002      0.188399971    
   18.5176010      0.141999975    
   18.5224018       8.96000639E-02
   18.5271988       9.36000049E-02
   18.5319996      0.106799930    
   18.5368004       4.51998897E-02
   18.5415993       6.19999692E-02
   18.5463982      0.113200076    
   18.5512009      0.170000002    
   18.5559998      0.170000002    
   18.5607986      0.163199916    
   18.5656013      0.123199917    
   18.5704002       9.36000049E-02
   18.5752010       1.31999208E-02
   18.5799999       8.08000192E-02
   18.5848007       9.88000482E-02
   18.5896015      0.128400117    
   18.5943985      0.105200045    
   18.5991993      0.104800113    
   18.6040001      0.173600003    
   18.6087990      0.179199979    
   18.6135979      0.168799892    
   18.6184006      0.185200036    
   18.6231995      0.162400052    
   18.6279984      0.130399927    
   18.6328011      0.108000033    
   18.6375999      0.133599848    
   18.6424007      0.177599952    
   18.6471996      0.163199916    
   18.6520004      0.180000007    
   18.6567993      0.193599999    
   18.6615982      0.208399966    
   18.6663990      0.151199952    
   18.6711979      0.164400026    
   18.6759987      0.144400030    
   18.6807976      0.143200070    
   18.6856003      0.193999946    
   18.6903992      0.160800025    
   18.6951981      0.165200040    
   18.6999989      0.131199956    
   18.7048016       9.91999805E-02
   18.7096004      0.120400086    
   18.7143993      0.144799963    
   18.7192001      0.125599980    
   18.7239990       6.91999793E-02
   18.7287979       8.52000415E-02
   18.7335987       3.55999768E-02
   18.7383995       3.28001417E-02
   18.7431984       1.00000001E-10
   18.7479973       1.95999146E-02
   18.7528000       9.91999805E-02
   18.7576008      0.122799985    
   18.7623978      0.161599889    
   18.7672005      0.140799865    
   18.7720013       8.72000158E-02
   18.7768002      0.129199982    
   18.7815990       9.16000381E-02
   18.7863998       8.03999305E-02
   18.7912006       3.87998968E-02
   18.7959995       3.27999890E-02
   18.8007984       2.72000115E-02
   18.8055992       4.36000079E-02
   18.8104000       5.47999591E-02
   18.8151970      0.135200039    
   18.8199997      0.100000001    
   18.8247986       6.63999915E-02
   18.8295975       8.79998803E-02
   18.8344002      0.132800147    
   18.8392010      0.106799930    
   18.8439999       6.95999116E-02
   18.8488007       9.27999914E-02
   18.8535995      0.103600003    
   18.8584003      0.130399927    
   18.8631992      0.203599855    
   18.8680000      0.264799953    
   18.8728008      0.267999887    
   18.8775997      0.296400160    
   18.8823986      0.234399870    
   18.8871994      0.254400015    
   18.8920002      0.255999923    
   18.8967991      0.314400017    
   18.9015999      0.332800001    
   18.9064007      0.428800046    
   18.9111996      0.460800022    
   18.9160004      0.528000057    
   18.9208012      0.597999871    
   18.9256001      0.564000070    
   18.9304008      0.565200210    
   18.9351997      0.594799936    
   18.9400005      0.703600168    
   18.9448013      0.753999949    
   18.9496002      0.796800077    
   18.9544010      0.792799830    
   18.9591999      0.856000066    
   18.9640007      0.942799985    
   18.9687996      0.999199808    
   18.9736004       1.05479991    
   18.9784012       1.10399973    
   18.9832001       1.13880014    
   18.9880028       1.17639995    
   18.9928017       1.15599990    
   18.9976006       1.19440019    
   19.0023994       1.20959997    
   19.0072002       1.27800024    
   19.0119991       1.36680007    
   19.0167999       1.44960010    
   19.0216007       1.51039982    
   19.0264015       1.55040014    
   19.0312004       1.59920013    
   19.0359993       1.64359999    
   19.0408001       1.71600008    
   19.0456009       1.77879989    
   19.0504017       1.81439984    
   19.0552006       1.88800001    
   19.0599995       1.95000005    
   19.0648003       1.99480009    
   19.0696011       2.01319981    
   19.0743999       2.06319976    
   19.0792007       2.10760021    
   19.0840015       2.20440006    
   19.0887985       2.20200014    
   19.0935993       2.25520015    
   19.0984001       2.24880004    
   19.1031990       2.28119993    
   19.1079998       2.34200001    
   19.1128006       2.40600014    
   19.1175995       2.47399974    
   19.1224003       2.58920002    
   19.1272011       2.67920017    
   19.1320000       2.76959991    
   19.1367989       2.82680035    
   19.1415997       2.86519980    
   19.1464005       2.88039970    
   19.1512012       2.91960025    
   19.1560001       2.95760012    
   19.1607990       2.99639988    
   19.1655998       3.09039974    
   19.1703987       3.18079948    
   19.1751995       3.26759982    
   19.1800003       3.25079989    
   19.1847992       3.30599999    
   19.1896000       3.36759973    
   19.1943989       3.45959997    
   19.1991997       3.50799990    
   19.2039986       3.51800013    
   19.2087994       3.58040047    
   19.2136002       3.69679999    
   19.2183990       3.79320002    
   19.2231998       3.88799977    
   19.2280006       3.98880005    
   19.2327995       4.12360001    
   19.2375984       4.26600027    
   19.2423992       4.36960030    
   19.2472000       4.42399979    
   19.2519989       4.50439978    
   19.2567997       4.56879997    
   19.2616024       4.70840025    
   19.2663994       4.84640026    
   19.2711983       4.97279978    
   19.2759991       5.10120010    
   19.2807999       5.17359972    
   19.2856007       5.28520012    
   19.2903996       5.46000004    
   19.2952003       5.55760002    
   19.2999992       5.67840004    
   19.3047981       5.84480047    
   19.3095989       5.99920034    
   19.3143997       6.10000038    
   19.3192005       6.27680016    
   19.3240013       6.41719961    
   19.3288021       6.65759993    
   19.3336010       6.88719988    
   19.3383999       7.11200094    
   19.3431988       7.28999996    
   19.3479996       7.48000002    
   19.3528004       7.72279978    
   19.3575993       7.88479996    
   19.3623981       8.05879974    
   19.3671989       8.26439953    
   19.3719997       8.46880054    
   19.3767986       8.67599964    
   19.3815994       9.00960064    
   19.3864002       9.33240032    
   19.3911991       9.62999916    
   19.3960018       9.89960003    
   19.4007988       10.1947994    
   19.4055977       10.4812002    
   19.4103985       10.8199997    
   19.4151993       11.1183996    
   19.4199982       11.5051994    
   19.4247990       11.8631992    
   19.4295998       12.1788015    
   19.4343987       12.5148001    
   19.4391975       12.8900003    
   19.4439983       13.3848000    
   19.4487991       13.7523985    
   19.4535999       14.0815992    
   19.4583988       14.4568005    
   19.4632015       14.8875990    
   19.4679985       15.2756014    
   19.4727993       15.6507998    
   19.4776001       16.0079975    
   19.4823990       16.4755974    
   19.4871979       16.9907990    
   19.4919987       17.4344006    
   19.4967995       17.9024010    
   19.5015984       18.3619995    
   19.5063972       18.8319988    
   19.5112000       19.3787994    
   19.5159988       19.8875999    
   19.5208015       20.4396000    
   19.5256004       20.9831982    
   19.5304012       21.5063992    
   19.5352001       22.0624008    
   19.5400009       22.6604004    
   19.5447998       23.2891998    
   19.5495987       23.8952007    
   19.5543995       24.4743996    
   19.5592003       25.0987988    
   19.5639992       25.6784000    
   19.5688000       26.2612019    
   19.5735989       26.8504009    
   19.5783997       27.4215984    
   19.5831985       27.9823990    
   19.5880013       28.5991993    
   19.5928001       29.1900005    
   19.5976009       29.9004021    
   19.6024017       30.5699978    
   19.6072006       31.2348022    
   19.6120014       31.8788013    
   19.6168003       32.5587997    
   19.6216011       33.0960007    
   19.6264000       33.6807976    
   19.6312008       34.3128014    
   19.6359997       35.0064011    
   19.6408005       35.6616020    
   19.6456013       36.3271980    
   19.6504002       36.9732018    
   19.6552010       37.6492004    
   19.6600018       38.2604027    
   19.6648006       38.8883972    
   19.6696014       39.5355988    
   19.6744022       40.1935997    
   19.6792011       40.8071976    
   19.6840019       41.2708015    
   19.6888008       41.9132042    
   19.6936016       42.5679970    
   19.6984005       43.1907959    
   19.7032013       43.7351990    
   19.7080002       44.2812004    
   19.7128010       44.8879967    
   19.7175999       45.4984016    
   19.7224007       46.0276031    
   19.7271996       46.5204010    
   19.7320023       47.0615997    
   19.7367992       47.5383987    
   19.7416000       47.9888000    
   19.7464008       48.4280014    
   19.7511997       48.8031998    
   19.7559986       49.2375984    
   19.7608013       49.6443977    
   19.7656002       49.9608040    
   19.7703991       50.2983971    
   19.7752018       50.5995979    
   19.7799988       50.8652000    
   19.7847996       51.0615959    
   19.7896004       51.2979965    
   19.7943993       51.6203995    
   19.7992001       51.7904015    
   19.8040009       51.9951935    
   19.8088017       52.1016006    
   19.8136005       52.2080040    
   19.8184013       52.3520012    
   19.8232002       52.5235977    
   19.8280010       52.5452042    
   19.8327999       52.5663948    
   19.8376007       52.4631920    
   19.8424015       52.4379997    
   19.8472004       52.3827972    
   19.8520012       52.3464012    
   19.8568001       52.2516022    
   19.8616009       52.1711960    
   19.8664017       52.0223961    
   19.8712025       51.8459969    
   19.8760014       51.5955963    
   19.8808002       51.3507996    
   19.8856010       51.0660019    
   19.8903999       50.6944046    
   19.8952007       50.3036041    
   19.9000015       49.9587975    
   19.9048004       49.5747986    
   19.9096012       49.1971970    
   19.9144001       48.7675972    
   19.9191990       48.3236046    
   19.9239998       47.9420013    
   19.9288006       47.4175987    
   19.9335995       46.8516006    
   19.9384022       46.3055992    
   19.9432011       45.8307953    
   19.9480000       45.3347931    
   19.9528008       44.7231979    
   19.9575996       44.0591927    
   19.9624004       43.4076042    
   19.9672012       42.7799988    
   19.9720001       42.1371956    
   19.9768009       41.5411949    
   19.9815998       40.8968010    
   19.9864006       40.2192001    
   19.9912014       39.5444031    
   19.9960003       38.8208008    
   20.0008011       38.1123962    
   20.0056000       37.4927979    
   20.0104008       36.8120003    
   20.0152016       36.1167984    
   20.0200005       35.4192009    
   20.0247993       34.7260056    
   20.0296001       33.9948044    
   20.0344009       33.2327919    
   20.0391998       32.5187988    
   20.0440006       31.7972069    
   20.0487995       31.1179981    
   20.0536003       30.3931942    
   20.0584011       29.6651955    
   20.0631981       28.9412003    
   20.0680008       28.2771969    
   20.0728016       27.5895996    
   20.0776005       26.9568062    
   20.0823994       26.2387981    
   20.0872002       25.5236034    
   20.0919991       24.7975979    
   20.0967999       24.1020012    
   20.1016006       23.4504013    
   20.1063995       22.7860050    
   20.1112003       22.1004009    
   20.1159992       21.4471970    
   20.1208000       20.8091984    
   20.1256008       20.2024021    
   20.1303997       19.6563969    
   20.1352005       19.1031933    
   20.1400013       18.5200005    
   20.1448002       17.9440041    
   20.1496010       17.3575974    
   20.1543999       16.7880077    
   20.1592007       16.2735939    
   20.1639996       15.7296000    
   20.1688004       15.2268066    
   20.1735992       14.7587986    
   20.1784000       14.2532034    
   20.1832008       13.7136040    
   20.1879997       13.2100000    
   20.1928005       12.7660055    
   20.1975994       12.3616018    
   20.2024002       11.9451952    
   20.2071991       11.5144043    
   20.2119999       11.0928030    
   20.2168007       10.6571970    
   20.2216015       10.2744045    
   20.2263985       9.91959953    
   20.2311993       9.57519531    
   20.2360001       9.23120117    
   20.2408009       8.89000034    
   20.2455997       8.51639652    
   20.2504005       8.17479515    
   20.2551994       7.86999989    
   20.2599983       7.56160164    
   20.2647972       7.26679707    
   20.2695999       6.98599625    
   20.2744007       6.69800758    
   20.2792015       6.42919922    
   20.2840023       6.17199230    
   20.2888012       5.92240238    
   20.2936001       5.70160151    
   20.2983990       5.46959972    
   20.3031998       5.22439432    
   20.3080006       4.99440432    
   20.3127995       4.79400396    
   20.3176003       4.58599615    
   20.3224010       4.40760756    
   20.3272018       4.23719740    
   20.3319988       4.07120132    
   20.3367996       3.89519525    
   20.3416023       3.71560550    
   20.3464012       3.56759763    
   20.3512020       3.44560552    
   20.3560009       3.31520510    
   20.3608017       3.17200184    
   20.3656025       3.02959967    
   20.3703995       2.88839841    
   20.3752003       2.76200199    
   20.3800011       2.64519525    
   20.3848000       2.53919911    
   20.3895988       2.43680668    
   20.3944016       2.34159184    
   20.3991985       2.22080088    
   20.4040012       2.12799811    
   20.4088020       2.03799796    
   20.4136009       1.94280279    
   20.4184017       1.86639643    
   20.4232006       1.79919922    
   20.4279995       1.72120118    
   20.4327984       1.64439452    
   20.4375992       1.56959963    
   20.4424000       1.50679684    
   20.4471989       1.45079100    
   20.4519997       1.39040041    
   20.4568005       1.33560550    
   20.4616013       1.27159178    
   20.4663982       1.21400392    
   20.4711990       1.15120113    
   20.4759998       1.10679686    
   20.4808006       1.05400395    
   20.4856014       1.00919926    
   20.4904022      0.964003921    
   20.4952011      0.918408215    
   20.5000000      0.879999995    
   20.5047989      0.842402339    
   20.5095997      0.810400367    
   20.5143986      0.776796877    
   20.5192013      0.747998059    
   20.5239983      0.714404285    
   20.5287991      0.680000007    
   20.5335979      0.645205081    
   20.5384007      0.620800793    
   20.5432014      0.596406221    
   20.5480003      0.569599628    
   20.5528011      0.538398445    
   20.5576000      0.512001932    
   20.5624027      0.490800768    
   20.5671997      0.467998058    
   20.5720024      0.447597653    
   20.5768013      0.433603525    
   20.5815983      0.412001967    
   20.5864010      0.397197276    
   20.5911980      0.375595689    
   20.5960007      0.360000014    
   20.6008015      0.348398447    
   20.6055984      0.332402349    
   20.6104012      0.314003915    
   20.6152020      0.297197253    
   20.6200008      0.280400395    
   20.6248016      0.265195310    
   20.6296043      0.253994137    
   20.6344013      0.239999995    
   20.6392021      0.232001960    
   20.6440010      0.219199225    
   20.6488018      0.208798826    
   20.6536007      0.201601565    
   20.6584015      0.194003910    
   20.6632004      0.183603510    
   20.6680012      0.177197263    
   20.6728001      0.169199213    
   20.6776009      0.160800785    
