#E   3eV	     5eV 		      7eV            20ev
0    56.2	     91.1		    	129	        407	    
0.1  56.19	     91.07		    	129	        406.3	    
0.2  56.18	     91.04		    	129	        405.6	    
0.3  56.17	     91.01		    	129	        404.9	    
0.4  56.16	     90.98		    	129	        404.2	    
0.5  56.15	     90.95		    	129	        403.5	    
0.6  56.14	     90.92		    	129	        402.8	    
0.7  56.13	     90.89		    	129	        402.1	    
0.8  56.12	     90.86		    	129	        401.4	    
0.9  56.11	     90.83		    	129	        400.7	    
1    56.1	     90.8		    	129	        400	    
1.1  56.08	     90.71		    	128.7	        398.3	    
1.2  56.06	     90.62		    	128.4	        396.6	    
1.3  56.04	     90.53		    	128.1	        394.9	    
1.4  56.02	     90.44		    	127.8	        393.2	    
1.5  56	             90.35		    	127.5	        391.5	    
1.6  55.98	     90.26		    	127.2	        389.8	    
1.7  55.96	     90.17		    	126.9	        388.1	    
1.8  55.94	     90.08		    	126.6	        386.4	    
1.9  55.92	     89.99		    	126.3	        384.7	    
2    55.9	     89.9		    	126	        383	    
2.1  55.88	     89.76		    	125.7	        380.9	    
2.2  55.86	     89.62		    	125.4	        378.8	    
2.3  55.84	     89.48		    	125.1	        376.7	    
2.4  55.82	     89.34		    	124.8	        374.6	    
2.5  55.8	     89.2		    	124.5	        372.5	    
2.6  55.78	     89.06		    	124.2	        370.4	    
2.7  55.76	     88.92		    	123.9	        368.3	    
2.8  55.74	     88.78		    	123.6	        366.2	    
2.9  55.72	     88.64		    	123.3	        364.1	    
3    55.7	     88.5		    	123	        362	    
3.1  55.67	     88.34		    	122.7	        359.8	    
3.2  55.64	     88.18		    	122.4	        357.6	    
3.3  55.61	     88.02		    	122.1	        355.4	    
3.4  55.58	     87.86		    	121.8	        353.2	    
3.5  55.55	     87.7		    	121.5	        351	    
3.6  55.52	     87.54		    	121.2	        348.8	    
3.7  55.49	     87.38		    	120.9	        346.6	    
3.8  55.46	     87.22		    	120.6	        344.4	    
3.9  55.43	     87.06		    	120.3	        342.2	    
4    55.4	     86.9		    	120	        340	    
4.1  55.36	     86.73		    	119.6	        337.8	    
4.2  55.32	     86.56		    	119.2	        335.6	    
4.3  55.28	     86.39		    	118.8	        333.4	    
4.4  55.24	     86.22		    	118.4	        331.2	    
4.5  55.2	     86.05		    	118	        329	    
4.6  55.16	     85.88		    	117.6	        326.8	    
4.7  55.12	     85.71		    	117.2	        324.6	    
4.8  55.08	     85.54		    	116.8	        322.4	    
4.9  55.04	     85.37		    	116.4	        320.2	    
5    55	     85.2		    	116	        318	    
5.1  54.97	     85.03		    	115.6	        315.9	    
5.2  54.94	     84.86		    	115.2	        313.8	    
5.3  54.91	     84.69		    	114.8	        311.7	    
5.4  54.88	     84.52		    	114.4	        309.6	    
5.5  54.85	     84.35		    	114	        307.5	    
5.6  54.82	     84.18		    	113.6	        305.4	    
5.7  54.79	     84.01		    	113.2	        303.3	    
5.8  54.76	     83.84		    	112.8	        301.2	    
5.9  54.73	     83.67		    	112.4	        299.1	    
6    54.7	     83.5		    	112	        297	    
6.1  54.66	     83.33		    	111.7	        294.9	    
6.2  54.62	     83.16		    	111.4	        292.8	    
6.3  54.58	     82.99		    	111.1	        290.7	    
6.4  54.54	     82.82		    	110.8	        288.6	    
6.5  54.5	     82.65		    	110.5	        286.5	    
6.6  54.46	     82.48		    	110.2	        284.4	    
6.7  54.42	     82.31		    	109.9	        282.3	    
6.8  54.38	     82.14		    	109.6	        280.2	    
6.9  54.34	     81.97		    	109.3	        278.1	    
7    54.3	     81.8		    	109	        276	    
7.1  54.26	     81.64		    	108.7	        273.9	    
7.2  54.22	     81.48		    	108.4	        271.8	    
7.3  54.18	     81.32		    	108.1	        269.7	    
7.4  54.14	     81.16		    	107.8	        267.6	    
7.5  54.1	     81		    	107.5	        265.5	    
7.6  54.06	     80.84		    	107.2	        263.4	    
7.7  54.02	     80.68		    	106.9	        261.3	    
7.8  53.98	     80.52		    	106.6	        259.2	    
7.9  53.94	     80.36		    	106.3	        257.1	    
8    53.9	     80.2		    	106	        255	    
8.1  53.86	     80.03		    	105.6	        252.9	    
8.2  53.82	     79.86		    	105.2	        250.8	    
8.3  53.78	     79.69		    	104.8	        248.7	    
8.4  53.74	     79.52		    	104.4	        246.6	    
8.5  53.7	     79.35		    	104	        244.5	    
8.6  53.66	     79.18		    	103.6	        242.4	    
8.7  53.62	     79.01		    	103.2	        240.3	    
8.8  53.58	     78.84		    	102.8	        238.2	    
8.9  53.54	     78.67		    	102.4	        236.1	    
9    53.5	     78.5		    	102	        234	    
9.1  53.46	     78.34		    	101.68	        232	    
9.2  53.42	     78.18		    	101.36	        230	    
9.3  53.38	     78.02		    	101.04	        228	    
9.4  53.34	     77.86		    	100.72	        226	    
9.5  53.3	     77.7		    	100.4	        224	    
9.6  53.26	     77.54		    	100.08	        222	    
9.7  53.22	     77.38		    	99.76	        220	    
9.8  53.18	     77.22		    	99.44	        218	    
9.9  53.14	     77.06		    	99.12	        216	    
10   53.1	     76.9		    	98.8	        214	    
10.1 53.06	     76.73		    	98.46	        212.1	    
10.2 53.02	     76.56		    	98.12	        210.2	    
10.3 52.98	     76.39		    	97.78	        208.3	    
10.4 52.94	     76.22		    	97.44	        206.4	    
10.5 52.9	     76.05		    	97.1	        204.5	    
10.6 52.86	     75.88		    	96.76	        202.6	    
10.7 52.82	     75.71		    	96.42	        200.7	    
10.8 52.78	     75.54		    	96.08	        198.8	    
10.9 52.74	     75.37		    	95.74	        196.9	    
11   52.7	     75.2		    	95.4	        195	    
12   52.2	     73.5		    	92.1	        177	    
13   51.8	     71.8		    	88.8	        160	    
14   51.3	     70.1		    	85.5	        144	    
15   50.7	     68.4		    	82.3	        129	    
16   50.2	     66.7		    	79.1	        116	    
17   49.7	     65		    	76	        103	    
18   49.1	     63.3		    	73	        92.1	    
19   48.6	     61.6		    	70	        81.8	    
20   48	     60		    	67.2	        72.7	    
21   47.4	     58.3		    	64.4	        64.5	    
22   46.7	     56.6		    	61.6	        57.3	    
23   46.1	     55		    	59	        50.9	    
24   45.5	     53.4		    	56.4	        45.4	    
25   44.8	     51.8		    	53.9	        40.5	    
26   44.1	     50.2		    	51.5	        36.3	    
27   43.4	     48.6		    	49.3	        32.7	    
28   42.7	     47.1		    	47	        29.7	    
29   42	     45.6		    	44.9	        27	    
30   41.2	     44.1		    	42.9	        24.8	    
31   40.5	     42.6		    	40.9	        22.9	    
32   39.7	     41.2		    	39.1	        21.3	    
33   39	     39.8		    	37.3	        19.9	    
34   38.2	     38.5		    	35.7	        18.7	    
35   37.5	     37.2		    	34.1	        17.7	    
36   36.7	     35.9		    	32.5	        16.8	    
37   35.9	     34.6		    	31.1	        16	    
38   35.2	     33.4		    	29.8	        15.3	    
39   34.4	     32.2		    	28.5	        14.7	    
40   33.6	     31.1		    	27.4	        14.1	    
41   32.8	     30		    	26.3	        13.6	    
42   32.1	     29		    	25.2	        13.1	    
43   31.3	     28		    	24.3	        12.7	    
44   30.6	     27		    	23.4	        12.2	    
45   29.8	     26.1		    	22.6	        11.8	    
46   29.1	     25.2		    	21.8	        11.4	    
47   28.3	     24.3		    	21.1	        11	    
48   27.6	     23.5		    	20.4	        10.7	    
49   26.9	     22.8		    	19.8	        10.3	    
50   26.2	     22		    	19.2	        9.97	    
51   25.5	     21.4		    	18.7	        9.64	    
52   24.9	     20.7		    	18.2	        9.33	    
53   24.2	     20.1		    	17.8	        9.02	    
54   23.6	     19.5		    	17.4	        8.73	    
55   23	     19		    	17	        8.46	    
56   22.4	     18.5		    	16.6	        8.2	    
57   21.8	     18		    	16.3	        7.95	    
58   21.3	     17.5		    	16	        7.72	    
59   20.7	     17.1		    	15.7	        7.51	    
60   20.2	     16.7		    	15.4	        7.29	    
61   19.7	     16.3		    	15.1	        7.1	    
62   19.3	     16		    	14.9	        6.91	    
63   18.8	     15.7		    	14.6	        6.73	    
64   18.4	     15.4		    	14.4	        6.56	    
65   17.9	     15.1		    	14.2	        6.4	    
66   17.5	     14.8		    	13.9	        6.25	    
67   17.1	     14.6		    	13.7	        6.1	    
68   16.8	     14.3		    	13.5	        5.95	    
69   16.4	     14.1		    	13.3	        5.81	    
70   16.1	     13.9		    	13	        5.66	    
71   15.8	     13.7		    	12.8	        5.53	    
72   15.5	     13.5		    	12.6	        5.39	    
73   15.2	     13.3		    	12.4	        5.25	    
74   15	     13.1		    	12.2	        5.11	    
75   14.7	     13		    	11.9	        4.97	    
76   14.5	     12.8		    	11.7	        4.83	    
77   14.3	     12.6		    	11.5	        4.69	    
78   14.1	     12.5		    	11.3	        4.56	    
79   13.9	     12.3		    	11.1	        4.42	    
80   13.8	     12.2		    	10.8	        4.28	    
81   13.6	     12		    	10.6	        4.14	    
82   13.5	     11.9		    	10.4	        4.01	    
83   13.3	     11.7		    	10.2	        3.87	    
84   13.2	     11.6		    	9.98	        3.74	    
85   13.1	     11.4		    	9.77	        3.61	    
86   13	     11.3		    	9.57	        3.49	    
87   12.9	     11.2		    	9.37	        3.37	    
88   12.8	     11		    	9.18	        3.25	    
89   12.8	     10.9		    	8.99	        3.14	    
90   12.7	     10.8		    	8.81	        3.03	    
91   12.6	     10.7		    	8.63	        2.93	    
92   12.6	     10.5		    	8.47	        2.83	    
93   12.5	     10.4		    	8.31	        2.74	    
94   12.5	     10.3		    	8.15	        2.66	    
95   12.5	     10.2		    	8.01	        2.59	    
96   12.5	     10.1		    	7.87	        2.52	    
97   12.4	     9.94		    	7.75	        2.46	    
98   12.4	     9.84		    	7.63	        2.41	    
99   12.4	     9.74		    	7.52	        2.37	    
100  12.4	     9.64		    	7.42	        2.34	    
101  12.4	     9.54		    	7.32	        2.31	    
102  12.4	     9.46		    	7.24	        2.29	    
103  12.4	     9.37		    	7.17	        2.28	    
104  12.4	     9.29		    	7.1	        2.28	    
105  12.4	     9.22		    	7.04	        2.29	    
106  12.4	     9.15		    	7	        2.3	    
107  12.5	     9.09		    	6.96	        2.33	    
108  12.5	     9.03		    	6.93	        2.36	    
109  12.5	     8.98		    	6.91	        2.4	    
110  12.5	     8.94		    	6.9	        2.44	    
111  12.5	     8.9		    	6.89	        2.5	    
112  12.6	     8.87		    	6.89	        2.56	    
113  12.6	     8.84		    	6.9	        2.63	    
114  12.6	     8.83		    	6.92	        2.71	    
115  12.7	     8.81		    	6.95	        2.79	    
116  12.7	     8.81		    	6.98	        2.88	    
117  12.7	     8.81		    	7.02	        2.98	    
118  12.8	     8.81		    	7.06	        3.09	    
119  12.8	     8.82		    	7.11	        3.2	    
120  12.8	     8.84		    	7.17	        3.31	    
121  12.9	     8.86		    	7.23	        3.44	    
122  12.9	     8.9		    	7.3	        3.57	    
123  13	     8.93		    	7.38	        3.7	    
124  13	     8.97		    	7.46	        3.84	    
125  13	     9.02		    	7.54	        3.99	    
126  13.1	     9.06		    	7.63	        4.14	    
127  13.1	     9.12		    	7.73	        4.3	    
128  13.2	     9.18		    	7.82	        4.46	    
129  13.2	     9.24		    	7.93	        4.62	    
130  13.3	     9.31		    	8.03	        4.8	    
131  13.3	     9.38		    	8.15	        4.97	    
132  13.4	     9.46		    	8.26	        5.15	    
133  13.4	     9.54		    	8.38	        5.33	    
134  13.5	     9.62		    	8.5	        5.52	    
135  13.5	     9.7		    	8.62	        5.71	    
136  13.6	     9.79		    	8.75	        5.9	    
137  13.6	     9.88		    	8.87	        6.1	    
138  13.7	     9.98		    	9	        6.29	    
139  13.7	     10.1		    	9.14	        6.5	    
140  13.8	     10.2		    	9.27	        6.7	    
141  13.9	     10.3		    	9.4	        6.9	    
142  13.9	     10.4		    	9.54	        7.1	    
143  14	     10.5		    	9.68	        7.31	    
144  14	     10.6		    	9.81	        7.51	    
145  14.1	     10.7		    	9.95	        7.71	    
146  14.1	     10.8		    	10.1	        7.92	    
147  14.2	     10.9		    	10.2	        8.12	    
148  14.2	     11		    	10.4	        8.32	    
149  14.3	     11.1		    	10.5	        8.53	    
150  14.3	     11.2		    	10.6	        8.73	    
151  14.4	     11.3		    	10.8	        8.92	    
152  14.4	     11.4		    	10.9	        9.11	    
153  14.5	     11.5		    	11	        9.31	    
154  14.5	     11.6		    	11.2	        9.49	    
155  14.6	     11.6		    	11.3	        9.68	    
156  14.6	     11.7		    	11.4	        9.86	    
157  14.7	     11.8		    	11.5	        10	    
158  14.7	     11.9		    	11.7	        10.2	    
159  14.8	     12		    	11.8	        10.4	    
160  14.8	     12.1		    	11.9	        10.5	    
161  14.8	     12.2		    	12	        10.7	    
162  14.9	     12.2		    	12.1	        10.8	    
163  14.9	     12.3		    	12.2	        11	    
164  14.9	     12.4		    	12.3	        11.1	    
165  15	     12.4		    	12.4	        11.2	    
166  15	     12.5		    	12.5	        11.4	    
167  15	     12.6		    	12.6	        11.5	    
168  15.1	     12.6		    	12.6	        11.6	    
169  15.1	     12.7		    	12.7	        11.7	    
170  15.1	     12.7		    	12.8	        11.8	    
171  15.1	     12.7		    	12.8	        11.9	    
172  15.2	     12.8		    	12.9	        11.9	    
173  15.2	     12.8		    	12.9	        12	    
174  15.2	     12.8		    	13	        12.1	    
175  15.2	     12.9		    	13	        12.1	    
176  15.2	     12.9		    	13	        12.2	    
177  15.2	     12.9		    	13.1	        12.2	    
178  15.2	     12.9		    	13.1	        12.2	    
179  15.2	     12.9		    	13.1	        12.2	    
180  15.2            12.9                	13.1            12.2	    
