0.002200	0.000000
0.007000	0.000000
0.011800	0.000000
0.016600	0.000000
0.021400	0.000000
0.026200	0.000000
0.031000	0.000000
0.035800	0.000000
0.040600	0.000000
0.045400	0.000000
0.050200	0.000000
0.055000	0.000000
0.059800	0.000000
0.064600	0.000000
0.069400	0.000000
0.074200	0.000000
0.079000	0.000000
0.083800	0.000000
0.088600	0.000000
0.093400	0.000000
0.098200	0.000000
0.103000	0.000000
0.107800	0.000000
0.112600	0.000000
0.117400	0.000000
0.122200	0.017898
0.127000	0.055354
0.131800	0.090305
0.136600	0.122809
0.141400	0.152928
0.146200	0.180721
0.151000	0.206250
0.155800	0.229573
0.160600	0.250751
0.165400	0.269844
0.170200	0.286913
0.175000	0.302018
0.179800	0.315218
0.184600	0.326575
0.189400	0.336147
0.194200	0.343996
0.199000	0.350182
0.203800	0.354764
0.208600	0.357803
0.213400	0.359360
0.218200	0.359493
0.223000	0.358264
0.227800	0.355733
0.232600	0.351959
0.237400	0.347003
0.242200	0.340926
0.247000	0.333787
0.251800	0.325646
0.256600	0.316564
0.261400	0.306601
0.266200	0.295817
0.271000	0.283065
0.275800	0.281631
0.280600	0.275365
0.285400	0.263799
0.290200	0.250793
0.295000	0.250483
0.299800	0.246324
0.304600	0.238159
0.309400	0.226081
0.314200	0.219670
0.319000	0.198935
0.323800	0.183678
0.328600	0.177930
0.333400	0.166583
0.338200	0.150650
0.343000	0.130853
0.347800	0.108350
0.352600	0.095674
0.357400	0.084596
0.362200	0.071476
0.367000	0.057584
0.371800	0.046235
0.376600	0.035198
0.381400	0.019333
0.386200	0.009987
0.391000	0.004623
0.395800	0.000000
0.400600	0.000000
0.405400	0.000000
0.410200	0.000000
0.415000	0.000000
0.419800	0.000000
0.424600	0.000000
0.429400	0.000000
0.434200	0.000000
0.439000	0.000000
0.443800	0.000000
0.448600	0.000000
0.453400	0.000000
0.458200	0.000000
0.463000	0.000000
0.467800	0.000000
0.472600	0.000000
0.477400	0.000000
0.482200	0.000000
0.487000	0.000000
0.491800	0.006955
0.496600	0.019077
0.501400	0.020642
0.506200	0.039848
0.511000	0.062682
0.515800	0.068592
0.520600	0.080762
0.525400	0.097913
0.530200	0.114226
0.535000	0.124576
0.539800	0.138380
0.544600	0.155671
0.549400	0.189197
0.554200	0.209647
0.559000	0.220849
0.563800	0.226850
0.568600	0.237997
0.573400	0.256475
0.578200	0.259472
0.583000	0.251290
0.587800	0.263941
0.592600	0.280033
0.597400	0.289349
0.602200	0.293674
0.607000	0.313139
0.611800	0.304388
0.616600	0.298527
0.621400	0.303110
0.626200	0.326271
0.631000	0.336005
0.635800	0.333366
0.640600	0.354168
0.645400	0.339764
0.650200	0.337050
0.655000	0.342062
0.659800	0.347664
0.664600	0.354805
0.669400	0.343313
0.674200	0.346814
0.679000	0.367248
0.683800	0.363991
0.688600	0.348407
0.693400	0.342263
0.698200	0.353035
0.703000	0.350777
0.707800	0.328074
0.712600	0.326147
0.717400	0.312290
0.722200	0.298090
0.727000	0.285665
0.731800	0.285327
0.736600	0.273095
0.741400	0.266826
0.746200	0.255289
0.751000	0.243918
0.755800	0.209420
0.760600	0.203633
0.765400	0.190175
0.770200	0.183024
0.775000	0.158002
0.779800	0.138184
0.784600	0.120555
0.789400	0.098904
0.794200	0.087408
0.799000	0.094502
0.803800	0.103392
0.808600	0.070711
0.813400	0.045502
0.818200	0.029683
0.823000	0.005693
0.827800	0.000000
0.832600	0.000000
0.837400	0.000000
0.842200	0.000000
0.847000	0.000000
0.851800	0.000000
0.856600	0.000000
0.861400	0.000000
0.866200	0.000000
0.871000	0.000000
0.875800	0.000000
0.880600	0.000000
0.885400	0.000000
0.890200	0.000000
0.895000	0.000000
0.899800	0.000000
0.904600	0.000000
0.909400	0.000000
0.914200	0.000000
0.919000	0.000000
0.923800	0.000000
0.928600	0.000000
0.933400	0.000000
0.938200	0.000000
0.943000	0.000000
0.947800	0.000000
0.952600	0.000000
0.957400	0.000000
0.962200	0.000000
0.967000	0.000000
0.971800	0.000000
0.976600	0.000000
0.981400	0.000000
0.986200	0.000000
0.991000	0.000000
0.995800	0.000000
1.000600	0.000000
1.005400	0.000000
1.010200	0.000000
1.015000	0.000000
1.019800	0.000000
1.024600	0.000000
1.029400	0.000000
1.034200	0.000000
1.039000	0.000000
1.043800	0.000000
1.048600	0.000000
1.053400	0.000000
1.058200	0.000000
1.063000	0.000000
1.067800	0.000000
1.072600	0.000000
1.077400	0.000000
1.082200	0.000000
1.087000	0.000000
1.091800	0.000000
1.096600	0.000000
1.101400	0.000000
1.106200	0.000000
1.111000	0.000000
1.115800	0.000000
1.120600	0.000000
1.125400	0.000000
1.130200	0.000000
1.135000	0.000000
1.139800	0.000000
1.144600	0.000000
1.149400	0.000000
1.154200	0.000000
1.159000	0.000000
1.163800	0.000000
1.168600	0.000000
1.173400	0.000000
1.178200	0.017386
1.183000	0.036174
1.187800	0.049882
1.192600	0.067193
1.197400	0.092900
1.202200	0.120997
1.207000	0.132245
1.211800	0.135032
1.216600	0.136629
1.221400	0.150638
1.226200	0.166572
1.231000	0.171701
1.235800	0.189979
1.240600	0.207586
1.245400	0.213233
1.250200	0.214124
1.255000	0.207973
1.259800	0.224851
1.264600	0.227457
1.269400	0.235423
1.274200	0.228595
1.279000	0.239271
1.283800	0.240383
1.288600	0.263908
1.293400	0.263824
1.298200	0.263689
1.303000	0.270071
1.307800	0.283660
1.312600	0.291729
1.317400	0.296372
1.322200	0.307279
1.327000	0.308007
1.331800	0.280344
1.336600	0.244895
1.341400	0.258745
1.346200	0.270859
1.351000	0.273522
1.355800	0.285928
1.360600	0.283760
1.365400	0.287013
1.370200	0.276100
1.375000	0.292376
1.379800	0.293871
1.384600	0.297716
1.389400	0.290566
1.394200	0.291985
1.399000	0.308275
1.403800	0.323579
1.408600	0.316802
1.413400	0.324536
1.418200	0.320239
1.423000	0.310552
1.427800	0.304392
1.432600	0.305236
1.437400	0.305445
1.442200	0.306560
1.447000	0.279853
1.451800	0.276041
1.456600	0.283642
1.461400	0.283608
1.466200	0.279654
1.471000	0.268078
1.475800	0.253399
1.480600	0.251183
1.485400	0.258996
1.490200	0.275256
1.495000	0.265983
1.499800	0.248246
1.504600	0.244413
1.509400	0.216157
1.514200	0.219534
1.519000	0.219620
1.523800	0.236546
1.528600	0.250140
1.533400	0.235050
1.538200	0.222790
1.543000	0.222826
1.547800	0.207000
1.552600	0.203626
1.557400	0.208945
1.562200	0.204466
1.567000	0.205072
1.571800	0.191446
1.576600	0.196147
1.581400	0.212384
1.586200	0.205723
1.591000	0.194547
1.595800	0.182657
1.600600	0.183057
1.605400	0.171396
1.610200	0.169469
1.615000	0.164159
1.619800	0.152001
1.624600	0.152374
1.629400	0.164624
1.634200	0.158454
1.639000	0.150277
1.643800	0.154700
1.648600	0.163339
1.653400	0.172092
1.658200	0.159489
1.663000	0.167876
1.667800	0.173418
1.672600	0.166544
1.677400	0.168266
1.682200	0.172760
1.687000	0.169399
1.691800	0.149488
1.696600	0.145890
1.701400	0.125343
1.706200	0.123907
1.711000	0.128415
1.715800	0.122873
1.720600	0.126770
1.725400	0.113164
1.730200	0.092603
1.735000	0.075085
1.739800	0.056621
1.744600	0.036096
1.749400	0.032830
1.754200	0.030484
1.759000	0.020209
1.763800	0.015036
1.768600	0.000000
1.773400	0.000000
1.778200	0.000000
1.783000	0.000000
1.787800	0.000000
1.792600	0.000000
1.797400	0.000000
1.802200	0.000000
1.807000	0.000000
1.811800	0.000000
1.816600	0.000000
1.821400	0.000000
1.826200	0.000000
1.831000	0.000000
1.835800	0.000000
1.840600	0.000000
1.845400	0.000000
1.850200	0.000000
1.855000	0.000000
1.859800	0.000000
1.864600	0.000000
1.869400	0.000000
1.874200	0.000000
1.879000	0.000000
1.883800	0.000000
1.888600	0.000000
1.893400	0.000000
1.898200	0.000000
1.903000	0.000000
1.907800	0.000000
1.912600	0.000000
1.917400	0.000000
1.922200	0.000000
1.927000	0.000000
1.931800	0.000000
1.936600	0.000000
1.941400	0.000000
1.946200	0.000000
1.951000	0.000000
1.955800	0.000000
1.960600	0.000000
1.965400	0.000000
1.970200	0.000000
1.975000	0.000000
1.979800	0.000000
1.984600	0.000000
1.989400	0.000000
1.994200	0.000000
1.999000	0.000000
2.003800	0.000000
2.008600	0.000000
2.013400	0.000000
2.018200	0.000000
2.023000	0.000000
2.027800	0.000000
2.032600	0.000000
2.037400	0.000000
2.042200	0.000000
2.047000	0.000000
2.051800	0.000000
2.056600	0.000000
2.061400	0.000000
2.066200	0.000000
2.071000	0.000000
2.075800	0.000000
2.080600	0.000000
2.085400	0.000000
2.090200	0.000000
2.095000	0.000000
2.099800	0.000000
2.104600	0.000000
2.109400	0.000000
2.114200	0.000000
2.119000	0.000000
2.123800	0.000000
2.128600	0.000000
2.133400	0.000000
2.138200	0.000000
2.143000	0.000000
2.147800	0.000000
2.152600	0.000000
2.157400	0.000000
2.162200	0.000000
2.167000	0.000000
2.171800	0.000000
2.176600	0.000000
2.181400	0.000000
2.186200	0.000000
2.191000	0.000000
2.195800	0.000000
2.200600	0.000000
2.205400	0.000000
2.210200	0.000000
2.215000	0.000000
2.219800	0.000000
2.224600	0.000000
2.229400	0.000000
2.234200	0.000000
2.239000	0.000000
2.243800	0.000000
2.248600	0.000000
2.253400	0.000000
2.258200	0.000000
2.263000	0.000000
2.267800	0.000000
2.272600	0.000000
2.277400	0.000000
2.282200	0.000000
2.287000	0.000000
2.291800	0.000000
2.296600	0.000000
2.301400	0.000000
2.306200	0.000000
2.311000	0.000000
2.315800	0.000000
2.320600	0.000000
2.325400	0.000000
2.330200	0.000000
2.335000	0.000000
2.339800	0.000000
2.344600	0.000000
2.349400	0.000000
2.354200	0.000000
2.359000	0.000000
2.363800	0.000000
2.368600	0.000000
2.373400	0.000000
2.378200	0.000000
2.383000	0.000000
2.387800	0.000000
2.392600	0.000000
2.397400	0.000000
2.402200	0.000000
2.407000	0.000000
2.411800	0.014127
2.416600	0.038688
2.421400	0.056745
2.426200	0.076532
2.431000	0.100856
2.435800	0.093936
2.440600	0.128703
2.445400	0.147788
2.450200	0.164529
2.455000	0.194867
2.459800	0.221034
2.464600	0.254931
2.469400	0.267190
2.474200	0.272448
2.479000	0.282850
2.483800	0.288658
2.488600	0.304729
2.493400	0.317514
2.498200	0.341742
2.503000	0.356349
2.507800	0.367262
2.512600	0.379868
2.517400	0.399524
2.522200	0.380930
2.527000	0.400848
2.531800	0.413982
2.536600	0.400513
2.541400	0.398426
2.546200	0.415120
2.551000	0.430799
2.555800	0.438967
2.560600	0.452212
2.565400	0.443066
2.570200	0.436412
2.575000	0.444528
2.579800	0.452403
2.584600	0.457419
2.589400	0.474362
2.594200	0.489395
2.599000	0.473782
2.603800	0.452283
2.608600	0.446508
2.613400	0.434216
2.618200	0.428549
2.623000	0.438766
2.627800	0.434496
2.632600	0.426468
2.637400	0.423189
2.642200	0.403168
2.647000	0.400017
2.651800	0.397617
2.656600	0.378310
2.661400	0.372162
2.666200	0.370215
2.671000	0.352372
2.675800	0.338834
2.680600	0.311118
2.685400	0.281321
2.690200	0.266121
2.695000	0.250637
2.699800	0.236409
2.704600	0.217332
2.709400	0.204694
2.714200	0.194488
2.719000	0.191591
2.723800	0.186650
2.728600	0.171420
2.733400	0.175691
2.738200	0.155989
2.743000	0.146555
2.747800	0.144660
2.752600	0.138482
2.757400	0.124212
2.762200	0.112926
2.767000	0.095042
2.771800	0.073137
2.776600	0.061604
2.781400	0.037192
2.786200	0.036226
2.791000	0.034199
2.795800	0.016347
2.800600	0.001405
2.805400	0.009486
2.810200	0.000000
2.815000	0.000000
2.819800	0.000000
2.824600	0.000000
2.829400	0.000000
2.834200	0.000000
2.839000	0.000000
2.843800	0.000000
2.848600	0.000000
2.853400	0.000000
2.858200	0.000000
2.863000	0.000000
2.867800	0.000000
2.872600	0.000000
2.877400	0.000000
2.882200	0.000000
2.887000	0.000000
2.891800	0.000000
2.896600	0.000000
2.901400	0.000000
2.906200	0.000000
2.911000	0.000000
2.915800	0.000000
2.920600	0.000000
2.925400	0.000000
2.930200	0.000000
2.935000	0.000000
2.939800	0.000000
2.944600	0.000000
2.949400	0.000000
2.954200	0.000000
2.959000	0.000000
2.963800	0.000000
2.968600	0.000000
2.973400	0.000000
2.978200	0.000000
2.983000	0.000000
2.987800	0.000000
2.992600	0.000000
2.997400	0.000000
3.002200	0.000000
3.007000	0.000000
3.011800	0.000000
3.016600	0.000000
3.021400	0.000000
3.026200	0.000000
3.031000	0.000000
3.035800	0.000000
3.040600	0.000000
3.045400	0.000000
3.050200	0.000000
3.055000	0.000000
3.059800	0.000000
3.064600	0.000000
3.069400	0.000000
3.074200	0.000000
3.079000	0.000000
3.083800	0.000000
3.088600	0.000000
3.093400	0.000000
3.098200	0.000000
3.103000	0.000000
3.107800	0.000000
3.112600	0.000000
3.117400	0.000000
3.122200	0.000000
3.127000	0.000000
3.131800	0.000000
3.136600	0.000000
3.141400	0.000000
3.146200	0.000000
3.151000	0.000000
3.155800	0.000000
3.160600	0.000000
3.165400	0.000000
3.170200	0.000000
3.175000	0.000000
3.179800	0.000000
3.184600	0.000000
3.189400	0.000000
3.194200	0.000000
3.199000	0.000000
3.203800	0.000000
3.208600	0.000000
3.213400	0.000000
3.218200	0.000000
3.223000	0.000000
3.227800	0.000000
3.232600	0.000000
3.237400	0.000000
3.242200	0.000000
3.247000	0.000000
3.251800	0.000000
3.256600	0.000000
3.261400	0.000000
3.266200	0.000000
3.271000	0.000000
3.275800	0.000000
3.280600	0.000000
3.285400	0.000000
3.290200	0.000000
3.295000	0.000000
3.299800	0.000000
3.304600	0.000000
3.309400	0.000000
3.314200	0.018845
3.319000	0.027840
3.323800	0.031495
3.328600	0.040897
3.333400	0.066943
3.338200	0.051765
3.343000	0.077268
3.347800	0.103348
3.352600	0.096160
3.357400	0.077492
3.362200	0.061330
3.367000	0.047911
3.371800	0.042879
3.376600	0.041294
3.381400	0.049648
3.386200	0.057117
3.391000	0.058801
3.395800	0.064445
3.400600	0.065151
3.405400	0.059578
3.410200	0.068485
3.415000	0.082876
3.419800	0.105550
3.424600	0.113346
3.429400	0.133646
3.434200	0.125785
3.439000	0.117344
3.443800	0.116663
3.448600	0.125030
3.453400	0.110288
3.458200	0.120226
3.463000	0.119451
3.467800	0.110515
3.472600	0.109910
3.477400	0.120223
3.482200	0.140013
3.487000	0.155303
3.491800	0.178418
3.496600	0.195988
3.501400	0.197101
3.506200	0.194406
3.511000	0.206592
3.515800	0.218714
3.520600	0.214071
3.525400	0.192449
3.530200	0.203081
3.535000	0.226703
3.539800	0.225469
3.544600	0.227294
3.549400	0.220952
3.554200	0.202186
3.559000	0.183872
3.563800	0.174472
3.568600	0.173649
3.573400	0.155537
3.578200	0.158526
3.583000	0.155307
3.587800	0.150230
3.592600	0.148216
3.597400	0.123364
3.602200	0.132896
3.607000	0.125186
3.611800	0.129951
3.616600	0.124589
3.621400	0.132720
3.626200	0.134609
3.631000	0.129100
3.635800	0.130799
3.640600	0.133208
3.645400	0.140639
3.650200	0.138993
3.655000	0.139689
3.659800	0.146183
3.664600	0.116497
3.669400	0.104224
3.674200	0.099245
3.679000	0.094704
3.683800	0.098210
3.688600	0.093270
3.693400	0.087121
3.698200	0.081876
3.703000	0.081701
3.707800	0.060779
3.712600	0.042982
3.717400	0.032311
3.722200	0.009347
3.727000	0.000000
3.731800	0.000000
3.736600	0.000000
3.741400	0.000000
3.746200	0.000000
3.751000	0.000000
3.755800	0.000000
3.760600	0.000000
3.765400	0.000000
3.770200	0.000000
3.775000	0.000000
3.779800	0.000000
3.784600	0.000000
3.789400	0.000000
3.794200	0.000000
3.799000	0.000000
3.803800	0.000000
3.808600	0.000000
3.813400	0.000000
3.818200	0.000000
3.823000	0.000000
3.827800	0.000000
3.832600	0.000000
3.837400	0.000000
3.842200	0.000000
3.847000	0.000000
3.851800	0.000000
3.856600	0.000000
3.861400	0.000000
3.866200	0.000000
3.871000	0.000000
3.875800	0.000000
3.880600	0.000000
3.885400	0.000000
3.890200	0.000000
3.895000	0.000000
3.899800	0.000000
3.904600	0.000000
3.909400	0.000000
3.914200	0.000000
3.919000	0.000000
3.923800	0.000000
3.928600	0.000000
3.933400	0.000000
3.938200	0.000000
3.943000	0.000000
3.947800	0.000000
3.952600	0.000000
3.957400	0.000000
3.962200	0.000000
3.967000	0.000000
3.971800	0.000000
3.976600	0.000000
3.981400	0.000000
3.986200	0.000000
3.991000	0.000000
3.995800	0.000000
4.000600	0.030784
4.005400	0.044853
4.010200	0.052251
4.015000	0.052203
4.019800	0.040239
4.024600	0.026541
4.029400	0.021838
4.034200	0.024570
4.039000	0.037143
4.043800	0.033475
4.048600	0.034090
4.053400	0.038378
4.058200	0.042644
4.063000	0.039486
4.067800	0.034716
4.072600	0.029291
4.077400	0.031737
4.082200	0.017564
4.087000	0.024943
4.091800	0.023980
4.096600	0.038136
4.101400	0.032484
4.106200	0.038679
4.111000	0.041743
4.115800	0.046992
4.120600	0.062929
4.125400	0.067217
4.130200	0.083689
4.135000	0.065515
4.139800	0.082016
4.144600	0.082504
4.149400	0.082849
4.154200	0.074206
4.159000	0.080913
4.163800	0.079949
4.168600	0.071543
4.173400	0.067634
4.178200	0.060495
4.183000	0.060030
4.187800	0.067899
4.192600	0.051871
4.197400	0.059943
4.202200	0.059881
4.207000	0.053734
4.211800	0.046841
4.216600	0.037347
4.221400	0.035274
4.226200	0.037230
4.231000	0.035824
4.235800	0.030623
4.240600	0.031916
4.245400	0.019867
4.250200	0.000000
4.255000	0.000000
4.259800	0.000000
4.264600	0.000000
4.269400	0.000000
4.274200	0.000000
4.279000	0.000000
4.283800	0.000000
4.288600	0.000000
4.293400	0.000000
4.298200	0.000000
4.303000	0.000000
4.307800	0.000000
4.312600	0.000000
4.317400	0.000000
4.322200	0.000000
4.327000	0.000000
4.331800	0.000000
4.336600	0.000000
4.341400	0.000000
4.346200	0.000000
4.351000	0.000000
4.355800	0.000000
4.360600	0.000000
4.365400	0.000000
4.370200	0.000000
4.375000	0.000000
4.379800	0.000000
4.384600	0.000000
4.389400	0.000000
4.394200	0.000000
4.399000	0.000000
4.403800	0.000000
4.408600	0.000000
4.413400	0.000000
4.418200	0.012866
4.423000	0.033289
4.427800	0.043667
4.432600	0.055616
4.437400	0.066235
4.442200	0.059149
4.447000	0.066335
4.451800	0.072207
4.456600	0.073688
4.461400	0.075642
4.466200	0.098340
4.471000	0.095666
4.475800	0.084457
4.480600	0.081185
4.485400	0.072065
4.490200	0.076189
4.495000	0.087846
4.499800	0.070935
4.504600	0.072258
4.509400	0.073766
4.514200	0.060669
4.519000	0.064837
4.523800	0.062472
4.528600	0.072874
4.533400	0.052817
4.538200	0.046395
4.543000	0.040699
4.547800	0.034548
4.552600	0.038758
4.557400	0.036228
4.562200	0.026173
4.567000	0.027315
4.571800	0.018082
4.576600	0.017406
4.581400	0.015698
4.586200	0.012107
4.591000	0.017531
4.595800	0.011531
4.600600	0.007970
4.605400	0.011286
4.610200	0.006094
4.615000	0.018280
4.619800	0.033928
4.624600	0.037043
4.629400	0.028876
4.634200	0.029043
4.639000	0.042180
4.643800	0.047542
4.648600	0.049482
4.653400	0.023109
4.658200	0.015867
4.663000	0.013191
4.667800	0.034729
4.672600	0.010994
4.677400	0.017312
4.682200	0.025179
4.687000	0.035743
4.691800	0.055583
4.696600	0.062109
4.701400	0.079095
4.706200	0.081910
4.711000	0.085716
4.715800	0.073592
4.720600	0.052725
4.725400	0.065042
4.730200	0.059976
4.735000	0.053076
4.739800	0.050170
4.744600	0.055618
4.749400	0.057960
4.754200	0.048932
4.759000	0.016616
4.763800	0.005648
4.768600	0.000000
4.773400	0.000000
4.778200	0.000000
4.783000	0.000000
4.787800	0.000000
4.792600	0.000000
4.797400	0.000000
4.802200	0.000000
4.807000	0.000000
4.811800	0.000000
4.816600	0.000000
4.821400	0.000000
4.826200	0.012462
4.831000	0.027735
4.835800	0.039666
4.840600	0.045247
4.845400	0.041998
4.850200	0.039770
4.855000	0.044493
4.859800	0.044297
4.864600	0.054401
4.869400	0.054266
4.874200	0.064609
4.879000	0.080379
4.883800	0.083611
4.888600	0.089587
4.893400	0.104653
4.898200	0.102539
4.903000	0.101579
4.907800	0.115925
4.912600	0.123455
4.917400	0.145172
4.922200	0.151709
4.927000	0.151857
4.931800	0.152425
4.936600	0.154005
4.941400	0.167625
4.946200	0.163567
4.951000	0.173931
4.955800	0.174931
4.960600	0.161253
4.965400	0.138447
4.970200	0.131870
4.975000	0.131149
4.979800	0.118871
4.984600	0.111600
4.989400	0.106955
4.994200	0.115374
4.999000	0.097943
5.003800	0.101301
5.008600	0.097210
5.013400	0.100400
5.018200	0.112490
5.023000	0.098502
5.027800	0.089285
5.032600	0.101764
5.037400	0.102655
5.042200	0.097925
5.047000	0.101533
5.051800	0.092578
5.056600	0.092216
5.061400	0.073544
5.066200	0.073964
5.071000	0.075935
5.075800	0.074887
5.080600	0.072486
5.085400	0.075946
5.090200	0.089252
5.095000	0.111438
5.099800	0.101553
5.104600	0.106571
5.109400	0.112275
5.114200	0.112113
5.119000	0.111529
5.123800	0.119724
5.128600	0.136731
5.133400	0.145022
5.138200	0.138955
5.143000	0.131289
5.147800	0.130185
5.152600	0.103124
5.157400	0.113831
5.162200	0.118200
5.167000	0.128092
5.171800	0.125683
5.176600	0.114575
5.181400	0.117306
5.186200	0.136832
5.191000	0.151563
5.195800	0.149087
5.200600	0.135144
5.205400	0.160415
5.210200	0.160187
5.215000	0.165096
5.219800	0.162316
5.224600	0.126483
5.229400	0.113339
5.234200	0.097935
5.239000	0.093147
5.243800	0.098447
5.248600	0.110923
5.253400	0.107368
5.258200	0.094846
5.263000	0.096985
5.267800	0.105699
5.272600	0.107834
5.277400	0.112950
5.282200	0.112377
5.287000	0.112109
5.291800	0.142477
5.296600	0.145658
5.301400	0.159863
5.306200	0.187628
5.311000	0.185088
5.315800	0.190849
5.320600	0.190970
5.325400	0.193457
5.330200	0.211249
5.335000	0.219248
5.339800	0.230347
5.344600	0.236617
5.349400	0.238952
5.354200	0.232038
5.359000	0.236993
5.363800	0.221088
5.368600	0.227997
5.373400	0.225275
5.378200	0.221091
5.383000	0.224417
5.387800	0.227268
5.392600	0.217450
5.397400	0.217280
5.402200	0.230447
5.407000	0.232020
5.411800	0.218712
5.416600	0.214762
5.421400	0.208754
5.426200	0.198293
5.431000	0.197909
5.435800	0.192770
5.440600	0.183071
5.445400	0.166758
5.450200	0.133320
5.455000	0.109113
5.459800	0.082844
5.464600	0.067594
5.469400	0.048855
5.474200	0.035534
5.479000	0.029018
5.483800	0.000000
5.488600	0.000000
5.493400	0.000000
5.498200	0.000000
5.503000	0.000000
5.507800	0.000000
5.512600	0.000000
5.517400	0.000000
5.522200	0.000000
5.527000	0.000000
5.531800	0.000000
5.536600	0.000000
5.541400	0.000000
5.546200	0.000000
5.551000	0.000000
5.555800	0.000000
5.560600	0.000000
5.565400	0.000000
5.570200	0.000000
5.575000	0.000000
5.579800	0.000000
5.584600	0.000000
5.589400	0.000000
5.594200	0.000000
5.599000	0.000000
5.603800	0.000000
5.608600	0.000000
5.613400	0.000000
5.618200	0.000000
5.623000	0.000000
5.627800	0.000000
5.632600	0.000000
5.637400	0.000000
5.642200	0.000000
5.647000	0.000000
5.651800	0.000000
5.656600	0.000000
5.661400	0.000000
5.666200	0.000000
5.671000	0.000000
5.675800	0.000000
5.680600	0.000000
5.685400	0.000000
5.690200	0.000000
5.695000	0.000000
5.699800	0.000000
5.704600	0.000000
5.709400	0.000000
5.714200	0.000000
5.719000	0.000000
5.723800	0.000000
5.728600	0.000000
5.733400	0.000000
5.738200	0.000000
5.743000	0.000000
5.747800	0.000000
5.752600	0.000000
5.757400	0.000000
5.762200	0.000000
5.767000	0.000000
5.771800	0.000000
5.776600	0.000000
5.781400	0.000000
5.786200	0.000000
5.791000	0.000000
5.795800	0.000000
5.800600	0.000000
5.805400	0.000000
5.810200	0.000000
5.815000	0.000000
5.819800	0.000000
5.824600	0.000000
5.829400	0.000000
5.834200	0.000000
5.839000	0.000000
5.843800	0.006985
5.848600	0.007637
5.853400	0.008480
5.858200	0.008264
5.863000	0.000000
5.867800	0.000000
5.872600	0.000000
5.877400	0.000000
5.882200	0.000000
5.887000	0.000000
5.891800	0.000000
5.896600	0.000000
5.901400	0.000000
5.906200	0.000000
5.911000	0.000000
5.915800	0.000000
5.920600	0.000000
5.925400	0.000000
5.930200	0.000000
5.935000	0.000000
5.939800	0.000000
5.944600	0.000000
5.949400	0.000000
5.954200	0.000000
5.959000	0.000000
5.963800	0.000000
5.968600	0.000000
5.973400	0.000000
5.978200	0.000000
5.983000	0.000000
5.987800	0.000000
5.992600	0.000000
5.997400	0.000000
6.002200	0.000000
6.007000	0.000000
6.011800	0.000000
6.016600	0.000000
6.021400	0.004574
6.026200	0.000000
6.031000	0.003644
6.035800	0.017730
6.040600	0.024311
6.045400	0.030635
6.050200	0.049301
6.055000	0.043506
6.059800	0.060352
6.064600	0.049386
6.069400	0.045337
6.074200	0.032303
6.079000	0.042114
6.083800	0.042060
6.088600	0.028333
6.093400	0.027043
6.098200	0.021931
6.103000	0.025983
6.107800	0.023720
6.112600	0.018090
6.117400	0.019474
6.122200	0.011461
6.127000	0.000000
6.131800	0.000000
6.136600	0.000000
6.141400	0.000000
6.146200	0.000000
6.151000	0.000000
6.155800	0.000000
6.160600	0.000000
6.165400	0.005921
6.170200	0.006333
6.175000	0.011847
6.179800	0.010257
6.184600	0.020113
6.189400	0.019659
6.194200	0.035053
6.199000	0.048074
6.203800	0.050510
6.208600	0.053336
6.213400	0.061087
6.218200	0.059525
6.223000	0.059427
6.227800	0.054661
6.232600	0.057856
6.237400	0.051152
6.242200	0.057247
6.247000	0.075016
6.251800	0.093682
6.256600	0.097338
6.261400	0.108074
6.266200	0.125993
6.271000	0.146769
6.275800	0.148511
6.280600	0.163762
6.285400	0.176840
6.290200	0.189790
6.295000	0.191835
6.299800	0.197269
6.304600	0.203939
6.309400	0.225036
6.314200	0.224224
6.319000	0.226821
6.323800	0.234260
6.328600	0.238447
6.333400	0.229314
6.338200	0.239591
6.343000	0.241529
6.347800	0.247899
6.352600	0.248392
6.357400	0.254914
6.362200	0.258415
6.367000	0.270185
6.371800	0.263972
6.376600	0.258856
6.381400	0.259635
6.386200	0.268517
6.391000	0.268593
6.395800	0.281352
6.400600	0.278544
6.405400	0.284914
6.410200	0.297411
6.415000	0.304133
6.419800	0.309025
6.424600	0.316341
6.429400	0.330286
6.434200	0.337418
6.439000	0.329869
6.443800	0.332520
6.448600	0.339824
6.453400	0.348171
6.458200	0.358551
6.463000	0.352681
6.467800	0.350688
6.472600	0.324800
6.477400	0.328770
6.482200	0.330229
6.487000	0.313763
6.491800	0.302643
6.496600	0.298997
6.501400	0.294389
6.506200	0.283474
6.511000	0.274299
6.515800	0.262649
6.520600	0.265963
6.525400	0.259723
6.530200	0.253946
6.535000	0.223820
6.539800	0.222958
6.544600	0.217958
6.549400	0.206061
6.554200	0.201818
6.559000	0.188829
6.563800	0.171213
6.568600	0.150099
6.573400	0.122330
6.578200	0.106668
6.583000	0.074890
6.587800	0.057704
6.592600	0.026180
6.597400	0.009810
6.602200	0.000000
6.607000	0.000000
6.611800	0.000000
6.616600	0.000000
6.621400	0.000000
6.626200	0.000000
6.631000	0.000000
6.635800	0.000000
6.640600	0.000000
6.645400	0.000000
6.650200	0.000000
6.655000	0.000000
6.659800	0.000000
6.664600	0.000000
6.669400	0.000000
6.674200	0.000000
6.679000	0.000000
6.683800	0.000000
6.688600	0.000000
6.693400	0.000000
6.698200	0.000000
6.703000	0.000000
6.707800	0.000000
6.712600	0.000000
6.717400	0.000000
6.722200	0.000000
6.727000	0.000000
6.731800	0.000000
6.736600	0.000000
6.741400	0.000000
6.746200	0.000000
6.751000	0.000000
6.755800	0.000000
6.760600	0.000000
6.765400	0.000000
6.770200	0.000000
6.775000	0.000000
6.779800	0.000000
6.784600	0.000000
6.789400	0.000000
6.794200	0.000000
6.799000	0.000000
6.803800	0.000000
6.808600	0.000000
6.813400	0.000000
6.818200	0.000000
6.823000	0.000000
6.827800	0.000000
6.832600	0.000000
6.837400	0.000000
6.842200	0.000000
6.847000	0.000000
6.851800	0.000000
6.856600	0.000000
6.861400	0.000000
6.866200	0.000000
6.871000	0.000000
6.875800	0.015591
6.880600	0.022443
6.885400	0.039489
6.890200	0.064100
6.895000	0.082672
6.899800	0.087832
6.904600	0.106010
6.909400	0.124870
6.914200	0.136448
6.919000	0.141845
6.923800	0.156538
6.928600	0.164906
6.933400	0.181055
6.938200	0.190386
6.943000	0.184280
6.947800	0.185523
6.952600	0.190258
6.957400	0.179520
6.962200	0.175861
6.967000	0.175654
6.971800	0.182803
6.976600	0.171501
6.981400	0.159253
6.986200	0.143786
6.991000	0.135811
6.995800	0.122564
7.000600	0.113834
7.005400	0.120491
7.010200	0.093814
7.015000	0.081318
7.019800	0.078453
7.024600	0.061549
7.029400	0.039395
7.034200	0.020882
7.039000	0.011074
7.043800	0.009213
7.048600	0.000000
7.053400	0.000000
7.058200	0.000000
7.063000	0.000000
7.067800	0.000000
7.072600	0.000000
7.077400	0.000000
7.082200	0.000000
7.087000	0.000000
7.091800	0.000000
7.096600	0.000000
7.101400	0.000000
7.106200	0.000000
7.111000	0.000000
7.115800	0.000000
7.120600	0.000000
7.125400	0.000000
7.130200	0.000000
7.135000	0.000000
7.139800	0.000000
7.144600	0.000000
7.149400	0.000000
7.154200	0.000000
7.159000	0.000000
7.163800	0.000000
7.168600	0.000000
7.173400	0.000000
7.178200	0.000000
7.183000	0.000000
7.187800	0.000000
7.192600	0.000000
7.197400	0.000000
7.202200	0.000000
7.207000	0.000000
7.211800	0.000000
7.216600	0.000000
7.221400	0.000000
7.226200	0.000000
7.231000	0.000000
7.235800	0.000000
7.240600	0.000000
7.245400	0.000000
7.250200	0.000000
7.255000	0.000000
7.259800	0.000000
7.264600	0.000000
7.269400	0.000000
7.274200	0.000000
7.279000	0.000000
7.283800	0.000000
7.288600	0.000000
7.293400	0.000000
7.298200	0.000000
7.303000	0.000000
7.307800	0.000000
7.312600	0.000000
7.317400	0.000000
7.322200	0.000000
7.327000	0.000000
7.331800	0.000000
7.336600	0.000000
7.341400	0.000000
7.346200	0.000000
7.351000	0.000000
7.355800	0.000000
7.360600	0.000188
7.365400	0.014857
7.370200	0.048859
7.375000	0.085384
7.379800	0.109328
7.384600	0.134903
7.389400	0.157465
7.394200	0.188976
7.399000	0.198460
7.403800	0.204869
7.408600	0.219017
7.413400	0.243598
7.418200	0.260877
7.423000	0.271288
7.427800	0.277835
7.432600	0.296293
7.437400	0.299338
7.442200	0.303080
7.447000	0.309180
7.451800	0.311039
7.456600	0.311394
7.461400	0.309177
7.466200	0.306661
7.471000	0.300800
7.475800	0.315277
7.480600	0.311960
7.485400	0.306633
7.490200	0.310560
7.495000	0.295100
7.499800	0.291227
7.504600	0.282058
7.509400	0.279386
7.514200	0.286109
7.519000	0.290893
7.523800	0.277736
7.528600	0.268047
7.533400	0.256169
7.538200	0.240828
7.543000	0.244844
7.547800	0.235587
7.552600	0.214049
7.557400	0.207885
7.562200	0.202536
7.567000	0.189223
7.571800	0.173502
7.576600	0.150173
7.581400	0.138138
7.586200	0.121554
7.591000	0.108843
7.595800	0.097283
7.600600	0.073722
7.605400	0.061875
7.610200	0.057476
7.615000	0.051494
7.619800	0.050104
7.624600	0.038442
7.629400	0.037457
7.634200	0.034755
7.639000	0.022269
7.643800	0.028248
7.648600	0.017292
7.653400	0.009818
7.658200	0.000000
7.663000	0.000000
7.667800	0.000000
7.672600	0.000000
7.677400	0.000000
7.682200	0.000000
7.687000	0.000000
7.691800	0.000000
7.696600	0.000000
7.701400	0.000000
7.706200	0.000000
7.711000	0.000000
7.715800	0.000000
7.720600	0.000000
7.725400	0.000000
7.730200	0.000000
7.735000	0.000000
7.739800	0.000000
7.744600	0.000000
7.749400	0.000000
7.754200	0.000000
7.759000	0.000000
7.763800	0.000000
7.768600	0.000000
7.773400	0.000000
7.778200	0.000000
7.783000	0.000000
7.787800	0.000000
7.792600	0.000000
7.797400	0.000000
7.802200	0.000000
7.807000	0.000000
7.811800	0.000000
7.816600	0.000000
7.821400	0.000000
7.826200	0.000000
7.831000	0.000000
7.835800	0.000000
7.840600	0.000000
7.845400	0.000000
7.850200	0.000000
7.855000	0.000000
7.859800	0.000000
7.864600	0.000000
7.869400	0.000000
7.874200	0.000000
7.879000	0.000000
7.883800	0.000000
7.888600	0.000000
7.893400	0.000000
7.898200	0.000000
7.903000	0.000000
7.907800	0.000000
7.912600	0.000000
7.917400	0.000000
7.922200	0.000000
7.927000	0.000000
7.931800	0.000000
7.936600	0.000000
7.941400	0.000000
7.946200	0.000000
7.951000	0.000000
7.955800	0.000000
7.960600	0.000000
7.965400	0.000000
7.970200	0.000000
7.975000	0.000000
7.979800	0.000000
7.984600	0.000000
7.989400	0.000000
7.994200	0.000000
7.999000	0.000000
8.003800	0.000000
8.008600	0.000000
8.013400	0.000000
8.018200	0.000000
8.023000	0.000000
8.027800	0.000000
8.032600	0.000000
8.037400	0.000000
8.042200	0.000000
8.047000	0.000000
8.051800	0.000000
8.056600	0.000000
8.061400	0.000000
8.066200	0.000000
8.071000	0.014019
8.075800	0.021586
8.080600	0.023935
8.085400	0.044535
8.090200	0.055258
8.095000	0.067602
8.099800	0.086334
8.104600	0.093664
8.109400	0.103519
8.114200	0.111933
8.119000	0.126465
8.123800	0.140421
8.128600	0.153861
8.133400	0.167823
8.138200	0.184304
8.143000	0.196412
8.147800	0.219142
8.152600	0.238908
8.157400	0.251945
8.162200	0.258455
8.167000	0.255700
8.171800	0.272041
8.176600	0.280286
8.181400	0.284470
8.186200	0.295910
8.191000	0.296128
8.195800	0.292459
8.200600	0.293562
8.205400	0.301042
8.210200	0.306727
8.215000	0.313075
8.219800	0.322300
8.224600	0.323070
8.229400	0.329509
8.234200	0.318674
8.239000	0.319495
8.243800	0.303252
8.248600	0.308746
8.253400	0.312692
8.258200	0.308890
8.263000	0.309466
8.267800	0.318074
8.272600	0.320059
8.277400	0.319161
8.282200	0.312921
8.287000	0.324231
8.291800	0.334458
8.296600	0.346902
8.301400	0.335324
8.306200	0.338170
8.311000	0.337767
8.315800	0.336168
8.320600	0.326130
8.325400	0.328481
8.330200	0.306947
8.335000	0.285103
8.339800	0.261698
8.344600	0.244977
8.349400	0.243744
8.354200	0.248505
8.359000	0.242711
8.363800	0.234978
8.368600	0.219125
8.373400	0.198946
8.378200	0.185928
8.383000	0.161542
8.387800	0.137999
8.392600	0.139110
8.397400	0.125919
8.402200	0.119020
8.407000	0.098449
8.411800	0.084029
8.416600	0.074520
8.421400	0.056512
8.426200	0.039770
8.431000	0.024840
8.435800	0.016630
8.440600	0.007680
8.445400	0.003111
8.450200	0.000000
8.455000	0.000000
8.459800	0.000000
8.464600	0.000000
8.469400	0.000000
8.474200	0.000000
8.479000	0.000000
8.483800	0.000000
8.488600	0.000000
8.493400	0.000000
8.498200	0.000000
8.503000	0.000000
8.507800	0.000000
8.512600	0.000000
8.517400	0.000000
8.522200	0.000000
8.527000	0.000000
8.531800	0.000000
8.536600	0.000000
8.541400	0.000000
8.546200	0.000000
8.551000	0.000000
8.555800	0.000000
8.560600	0.000000
8.565400	0.000000
8.570200	0.000000
8.575000	0.000000
8.579800	0.000000
8.584600	0.000000
8.589400	0.000000
8.594200	0.000000
8.599000	0.000000
8.603800	0.000000
8.608600	0.000000
8.613400	0.000000
8.618200	0.000000
8.623000	0.000000
8.627800	0.000000
8.632600	0.000000
8.637400	0.000000
8.642200	0.000000
8.647000	0.000000
8.651800	0.000000
8.656600	0.000000
8.661400	0.000000
8.666200	0.000000
8.671000	0.000000
8.675800	0.000000
8.680600	0.000000
8.685400	0.000000
8.690200	0.000000
8.695000	0.000000
8.699800	0.000000
8.704600	0.000000
8.709400	0.000000
8.714200	0.000000
8.719000	0.000000
8.723800	0.000000
8.728600	0.000000
8.733400	0.000000
8.738200	0.000000
8.743000	0.000000
8.747800	0.000000
8.752600	0.000000
8.757400	0.000000
8.762200	0.000000
8.767000	0.000000
8.771800	0.000000
8.776600	0.000000
8.781400	0.000000
8.786200	0.000000
8.791000	0.000000
8.795800	0.000000
8.800600	0.000000
8.805400	0.000000
8.810200	0.000000
8.815000	0.000000
8.819800	0.000000
8.824600	0.000000
8.829400	0.000000
8.834200	0.000000
8.839000	0.000000
8.843800	0.000000
8.848600	0.000000
8.853400	0.000000
8.858200	0.000000
8.863000	0.000000
8.867800	0.000000
8.872600	0.000000
8.877400	0.001392
8.882200	0.020213
8.887000	0.025860
8.891800	0.038458
8.896600	0.045155
8.901400	0.058859
8.906200	0.082411
8.911000	0.095330
8.915800	0.117347
8.920600	0.133653
8.925400	0.141925
8.930200	0.148746
8.935000	0.155876
8.939800	0.171649
8.944600	0.185475
8.949400	0.192384
8.954200	0.216104
8.959000	0.218762
8.963800	0.224520
8.968600	0.230454
8.973400	0.230661
8.978200	0.218723
8.983000	0.229049
8.987800	0.239102
8.992600	0.253498
8.997400	0.264979
9.002200	0.266669
9.007000	0.252362
9.011800	0.242338
9.016600	0.222454
9.021400	0.202287
9.026200	0.203454
9.031000	0.198757
9.035800	0.194291
9.040600	0.201387
9.045400	0.184831
9.050200	0.175106
9.055000	0.167338
9.059800	0.161073
9.064600	0.169534
9.069400	0.145672
9.074200	0.130767
9.079000	0.121734
9.083800	0.109604
9.088600	0.087571
9.093400	0.082870
9.098200	0.075437
9.103000	0.057998
9.107800	0.036144
9.112600	0.022960
9.117400	0.015536
9.122200	0.007261
9.127000	0.001150
9.131800	0.000000
9.136600	0.000000
9.141400	0.000000
9.146200	0.000000
9.151000	0.000000
9.155800	0.000000
9.160600	0.000000
9.165400	0.000000
9.170200	0.000000
9.175000	0.000000
9.179800	0.000000
9.184600	0.000000
9.189400	0.000000
9.194200	0.000000
9.199000	0.000000
9.203800	0.000000
9.208600	0.000000
9.213400	0.000000
9.218200	0.000000
9.223000	0.000000
9.227800	0.000000
9.232600	0.000000
9.237400	0.000000
9.242200	0.000000
9.247000	0.000000
9.251800	0.000000
9.256600	0.000000
9.261400	0.000000
9.266200	0.000000
9.271000	0.000000
9.275800	0.000000
9.280600	0.000000
9.285400	0.000000
9.290200	0.000000
9.295000	0.000000
9.299800	0.000000
9.304600	0.000000
9.309400	0.000000
9.314200	0.000000
9.319000	0.000000
9.323800	0.000000
9.328600	0.000000
9.333400	0.000000
9.338200	0.000718
9.343000	0.006012
9.347800	0.012732
9.352600	0.024847
9.357400	0.049418
9.362200	0.054517
9.367000	0.060259
9.371800	0.070076
9.376600	0.077244
9.381400	0.081073
9.386200	0.080293
9.391000	0.092819
9.395800	0.100900
9.400600	0.099412
9.405400	0.094078
9.410200	0.099190
9.415000	0.088011
9.419800	0.087317
9.424600	0.083960
9.429400	0.090303
9.434200	0.090133
9.439000	0.088693
9.443800	0.081006
9.448600	0.068780
9.453400	0.067848
9.458200	0.053800
9.463000	0.043027
9.467800	0.042896
9.472600	0.047534
9.477400	0.034489
9.482200	0.022370
9.487000	0.000000
9.491800	0.000000
9.496600	0.000000
9.501400	0.000000
9.506200	0.000000
9.511000	0.000000
9.515800	0.000000
9.520600	0.000000
9.525400	0.000000
9.530200	0.000000
9.535000	0.000000
9.539800	0.000000
9.544600	0.000000
9.549400	0.000000
9.554200	0.000000
9.559000	0.000000
9.563800	0.000000
9.568600	0.000000
9.573400	0.000000
9.578200	0.000000
9.583000	0.000000
9.587800	0.000000
9.592600	0.000000
9.597400	0.000000
9.602200	0.000000
9.607000	0.000000
9.611800	0.000000
9.616600	0.000000
9.621400	0.000000
9.626200	0.000000
9.631000	0.000000
9.635800	0.000000
9.640600	0.000000
9.645400	0.000000
9.650200	0.000000
9.655000	0.000000
9.659800	0.000000
9.664600	0.000000
9.669400	0.000000
9.674200	0.000000
9.679000	0.000000
9.683800	0.000000
9.688600	0.000000
9.693400	0.000000
9.698200	0.000000
9.703000	0.000000
9.707800	0.000000
9.712600	0.000000
9.717400	0.000000
9.722200	0.000000
9.727000	0.000000
9.731800	0.000000
9.736600	0.000000
9.741400	0.000000
9.746200	0.013327
9.751000	0.023727
9.755800	0.039153
9.760600	0.053417
9.765400	0.061642
9.770200	0.066918
9.775000	0.088282
9.779800	0.121436
9.784600	0.136154
9.789400	0.152859
9.794200	0.176113
9.799000	0.195148
9.803800	0.212250
9.808600	0.228981
9.813400	0.246845
9.818200	0.268002
9.823000	0.292014
9.827800	0.318961
9.832600	0.340471
9.837400	0.357548
9.842200	0.382308
9.847000	0.394042
9.851800	0.413255
9.856600	0.439808
9.861400	0.446918
9.866200	0.469538
9.871000	0.480214
9.875800	0.490864
9.880600	0.506435
9.885400	0.513022
9.890200	0.506447
9.895000	0.514065
9.899800	0.529267
9.904600	0.531251
9.909400	0.524314
9.914200	0.533373
9.919000	0.550329
9.923800	0.549514
9.928600	0.549933
9.933400	0.551465
9.938200	0.553187
9.943000	0.546948
9.947800	0.552536
9.952600	0.542984
9.957400	0.538724
9.962200	0.529701
9.967000	0.517431
9.971800	0.497911
9.976600	0.489385
9.981400	0.479102
9.986200	0.457000
9.991000	0.439542
9.995800	0.449367
10.000600	0.439391
10.005400	0.408922
10.010200	0.396334
10.015000	0.391350
10.019800	0.384925
10.024600	0.371228
10.029400	0.348227
10.034200	0.351628
10.039000	0.354630
10.043800	0.329341
10.048600	0.323349
10.053400	0.312149
10.058200	0.312749
10.063000	0.286104
10.067800	0.276233
10.072600	0.249901
10.077400	0.242651
10.082200	0.222904
10.087000	0.200587
10.091800	0.192561
10.096600	0.187235
10.101400	0.175765
10.106200	0.175659
10.111000	0.166141
10.115800	0.150980
10.120600	0.141987
10.125400	0.138987
10.130200	0.120675
10.135000	0.109353
10.139800	0.078158
10.144600	0.073040
10.149400	0.064549
10.154200	0.041857
10.159000	0.037069
10.163800	0.027345
10.168600	0.012951
10.173400	0.000000
10.178200	0.000000
10.183000	0.000000
10.187800	0.000000
10.192600	0.000000
10.197400	0.000000
10.202200	0.000000
10.207000	0.000000
10.211800	0.000000
10.216600	0.000000
10.221400	0.000000
10.226200	0.000000
10.231000	0.000000
10.235800	0.000000
10.240600	0.000000
10.245400	0.000000
10.250200	0.000000
10.255000	0.000000
10.259800	0.000000
10.264600	0.000000
10.269400	0.000000
10.274200	0.000000
10.279000	0.000000
10.283800	0.000000
10.288600	0.000000
10.293400	0.000000
10.298200	0.000000
10.303000	0.000000
10.307800	0.000000
10.312600	0.000000
10.317400	0.000000
10.322200	0.000000
10.327000	0.000000
10.331800	0.000000
10.336600	0.000000
10.341400	0.000000
10.346200	0.000000
10.351000	0.000000
10.355800	0.000000
10.360600	0.000000
10.365400	0.000000
10.370200	0.000000
10.375000	0.000000
10.379800	0.000000
10.384600	0.000000
10.389400	0.000000
10.394200	0.000000
10.399000	0.000000
10.403800	0.000000
10.408600	0.000000
10.413400	0.000000
10.418200	0.000000
10.423000	0.000000
10.427800	0.000000
10.432600	0.000000
10.437400	0.000000
10.442200	0.000000
10.447000	0.000000
10.451800	0.000000
10.456600	0.000000
10.461400	0.000000
10.466200	0.000000
10.471000	0.000000
10.475800	0.000000
10.480600	0.000000
10.485400	0.000000
10.490200	0.000000
10.495000	0.000000
10.499800	0.000000
10.504600	0.000000
10.509400	0.000000
10.514200	0.000000
10.519000	0.000000
10.523800	0.021783
10.528600	0.015236
10.533400	0.014768
10.538200	0.033635
10.543000	0.045000
10.547800	0.046024
10.552600	0.048953
10.557400	0.053822
10.562200	0.073737
10.567000	0.079669
10.571800	0.080125
10.576600	0.098349
10.581400	0.114248
10.586200	0.124285
10.591000	0.124184
10.595800	0.134756
10.600600	0.147081
10.605400	0.154410
10.610200	0.155750
10.615000	0.168232
10.619800	0.164363
10.624600	0.150876
10.629400	0.138967
10.634200	0.142155
10.639000	0.136297
10.643800	0.128296
10.648600	0.123742
10.653400	0.116465
10.658200	0.106059
10.663000	0.101039
10.667800	0.081560
10.672600	0.074321
10.677400	0.059555
10.682200	0.057008
10.687000	0.054481
10.691800	0.047523
10.696600	0.035209
10.701400	0.012845
10.706200	0.000168
10.711000	0.000000
10.715800	0.000000
10.720600	0.000000
10.725400	0.000000
10.730200	0.000000
10.735000	0.000000
10.739800	0.000000
10.744600	0.000000
10.749400	0.000000
10.754200	0.000000
10.759000	0.000000
10.763800	0.000000
10.768600	0.000000
10.773400	0.000000
10.778200	0.000000
10.783000	0.000000
10.787800	0.000000
10.792600	0.006522
10.797400	0.021749
10.802200	0.027044
10.807000	0.029306
10.811800	0.029587
10.816600	0.020135
10.821400	0.020944
10.826200	0.022646
10.831000	0.024585
10.835800	0.017016
10.840600	0.020719
10.845400	0.011235
10.850200	0.013576
10.855000	0.005233
10.859800	0.000000
10.864600	0.000000
10.869400	0.000000
10.874200	0.000000
10.879000	0.000000
10.883800	0.000000
10.888600	0.000000
10.893400	0.000000
10.898200	0.000000
10.903000	0.000000
10.907800	0.000000
10.912600	0.000000
10.917400	0.000000
10.922200	0.000000
10.927000	0.000000
10.931800	0.000000
10.936600	0.000000
10.941400	0.000000
10.946200	0.000000
10.951000	0.000000
10.955800	0.000000
10.960600	0.000000
10.965400	0.000000
10.970200	0.000000
10.975000	0.000000
10.979800	0.000000
10.984600	0.000000
10.989400	0.000000
10.994200	0.000000
10.999000	0.000000
11.003800	0.000000
11.008600	0.000000
11.013400	0.000000
11.018200	0.000000
11.023000	0.000000
11.027800	0.000000
11.032600	0.000000
11.037400	0.000000
11.042200	0.000000
11.047000	0.000000
11.051800	0.000000
11.056600	0.000000
11.061400	0.000000
11.066200	0.000000
11.071000	0.000000
11.075800	0.000000
11.080600	0.000000
11.085400	0.000000
11.090200	0.000000
11.095000	0.000000
11.099800	0.000000
11.104600	0.000000
11.109400	0.000000
11.114200	0.000000
11.119000	0.000000
11.123800	0.000000
11.128600	0.000000
11.133400	0.000000
11.138200	0.000000
11.143000	0.000000
11.147800	0.000000
11.152600	0.000000
11.157400	0.000000
11.162200	0.000000
11.167000	0.000000
11.171800	0.000000
11.176600	0.000000
11.181400	0.000000
11.186200	0.000000
11.191000	0.000000
11.195800	0.000000
11.200600	0.000000
11.205400	0.000000
11.210200	0.000000
11.215000	0.000000
11.219800	0.000000
11.224600	0.000000
11.229400	0.000000
11.234200	0.000000
11.239000	0.000000
11.243800	0.000000
11.248600	0.000000
11.253400	0.014393
11.258200	0.033814
11.263000	0.052070
11.267800	0.074726
11.272600	0.095304
11.277400	0.112941
11.282200	0.123001
11.287000	0.127597
11.291800	0.137599
11.296600	0.141449
11.301400	0.155548
11.306200	0.167325
11.311000	0.186077
11.315800	0.205757
11.320600	0.219026
11.325400	0.230106
11.330200	0.239786
11.335000	0.252017
11.339800	0.263403
11.344600	0.272098
11.349400	0.293751
11.354200	0.308220
11.359000	0.311543
11.363800	0.314265
11.368600	0.315832
11.373400	0.311651
11.378200	0.316942
11.383000	0.309019
11.387800	0.323327
11.392600	0.317469
11.397400	0.314242
11.402200	0.316558
11.407000	0.315115
11.411800	0.309043
11.416600	0.322228
11.421400	0.325591
11.426200	0.341689
11.431000	0.340814
11.435800	0.349233
11.440600	0.349961
11.445400	0.352097
11.450200	0.347162
11.455000	0.341624
11.459800	0.333039
11.464600	0.323720
11.469400	0.316665
11.474200	0.302212
11.479000	0.289553
11.483800	0.285888
11.488600	0.275244
11.493400	0.268260
11.498200	0.263739
11.503000	0.242541
11.507800	0.222519
11.512600	0.216915
11.517400	0.199950
11.522200	0.181816
11.527000	0.170137
11.531800	0.151187
11.536600	0.124816
11.541400	0.097262
11.546200	0.065093
11.551000	0.040159
11.555800	0.031297
11.560600	0.008831
11.565400	0.000000
11.570200	0.000000
11.575000	0.000000
11.579800	0.000000
11.584600	0.000000
11.589400	0.000000
11.594200	0.000000
11.599000	0.000000
11.603800	0.000000
11.608600	0.000000
11.613400	0.000000
11.618200	0.000000
11.623000	0.000000
11.627800	0.000000
11.632600	0.000000
11.637400	0.000000
11.642200	0.000000
11.647000	0.000000
11.651800	0.000000
11.656600	0.000000
11.661400	0.000000
11.666200	0.000000
11.671000	0.000000
11.675800	0.000000
11.680600	0.000000
11.685400	0.000000
11.690200	0.000000
11.695000	0.000000
11.699800	0.000000
11.704600	0.000000
11.709400	0.000000
11.714200	0.000000
11.719000	0.000000
11.723800	0.000000
11.728600	0.000000
11.733400	0.000000
11.738200	0.000000
11.743000	0.000000
11.747800	0.000000
11.752600	0.000000
11.757400	0.000000
11.762200	0.000000
11.767000	0.000000
11.771800	0.000000
11.776600	0.000000
11.781400	0.000000
11.786200	0.000000
11.791000	0.000000
11.795800	0.000000
11.800600	0.000000
11.805400	0.000000
11.810200	0.000000
11.815000	0.000000
11.819800	0.000000
11.824600	0.000000
11.829400	0.000000
11.834200	0.000000
11.839000	0.000000
11.843800	0.000000
11.848600	0.000000
11.853400	0.000000
11.858200	0.000000
11.863000	0.000000
11.867800	0.000000
11.872600	0.000000
11.877400	0.000000
11.882200	0.000000
11.887000	0.000000
11.891800	0.000000
11.896600	0.000000
11.901400	0.000000
11.906200	0.000000
11.911000	0.000000
11.915800	0.000000
11.920600	0.000000
11.925400	0.000000
11.930200	0.000000
11.935000	0.021787
11.939800	0.036979
11.944600	0.057374
11.949400	0.062151
11.954200	0.076882
11.959000	0.076194
11.963800	0.092272
11.968600	0.099630
11.973400	0.107613
11.978200	0.121051
11.983000	0.127595
11.987800	0.135396
11.992600	0.155675
11.997400	0.171199
12.002200	0.178324
12.007000	0.192288
12.011800	0.204647
12.016600	0.205196
12.021400	0.208650
12.026200	0.211398
12.031000	0.213001
12.035800	0.229120
12.040600	0.243362
12.045400	0.235739
12.050200	0.251770
12.055000	0.255827
12.059800	0.251184
12.064600	0.259383
12.069400	0.267891
12.074200	0.286790
12.079000	0.297077
12.083800	0.303277
12.088600	0.298302
12.093400	0.309335
12.098200	0.304563
12.103000	0.308242
12.107800	0.320000
12.112600	0.322121
12.117400	0.335317
12.122200	0.327867
12.127000	0.332320
12.131800	0.330132
12.136600	0.328741
12.141400	0.338892
12.146200	0.347769
12.151000	0.358742
12.155800	0.344537
12.160600	0.330714
12.165400	0.333981
12.170200	0.332727
12.175000	0.333022
12.179800	0.328152
12.184600	0.324495
12.189400	0.325795
12.194200	0.316109
12.199000	0.306298
12.203800	0.289779
12.208600	0.289744
12.213400	0.279104
12.218200	0.262951
12.223000	0.247097
12.227800	0.236392
12.232600	0.205124
12.237400	0.198725
12.242200	0.178216
12.247000	0.162535
12.251800	0.124884
12.256600	0.108766
12.261400	0.076380
12.266200	0.038519
12.271000	0.000000
12.275800	0.000000
12.280600	0.000000
12.285400	0.000000
12.290200	0.000000
12.295000	0.000000
12.299800	0.000000
12.304600	0.000000
12.309400	0.000000
12.314200	0.000000
12.319000	0.000000
12.323800	0.000000
12.328600	0.000000
12.333400	0.000000
12.338200	0.000000
12.343000	0.000000
12.347800	0.000000
12.352600	0.000000
12.357400	0.000000
12.362200	0.000000
12.367000	0.000000
12.371800	0.000000
12.376600	0.000000
12.381400	0.000000
12.386200	0.000000
12.391000	0.000000
12.395800	0.000000
12.400600	0.000000
12.405400	0.000000
12.410200	0.000000
12.415000	0.000000
12.419800	0.000000
12.424600	0.000000
12.429400	0.000000
12.434200	0.000000
12.439000	0.000000
12.443800	0.000000
12.448600	0.000000
12.453400	0.000000
12.458200	0.000000
12.463000	0.000000
12.467800	0.000000
12.472600	0.000000
12.477400	0.000000
12.482200	0.000000
12.487000	0.000000
12.491800	0.000000
12.496600	0.000000
12.501400	0.000000
12.506200	0.000000
12.511000	0.000000
12.515800	0.000000
12.520600	0.000000
12.525400	0.000000
12.530200	0.000000
12.535000	0.000000
12.539800	0.000000
12.544600	0.000000
12.549400	0.000000
12.554200	0.000000
12.559000	0.000000
12.563800	0.000000
12.568600	0.000000
12.573400	0.000000
12.578200	0.000000
12.583000	0.000000
12.587800	0.000000
12.592600	0.000000
12.597400	0.000000
12.602200	0.000000
12.607000	0.000000
12.611800	0.000000
12.616600	0.000000
12.621400	0.000000
12.626200	0.000000
12.631000	0.000000
12.635800	0.000000
12.640600	0.000000
12.645400	0.000000
12.650200	0.000000
12.655000	0.000000
12.659800	0.000000
12.664600	0.000000
12.669400	0.010112
12.674200	0.019574
12.679000	0.029751
12.683800	0.042246
12.688600	0.063508
12.693400	0.086081
12.698200	0.096977
12.703000	0.107735
12.707800	0.110582
12.712600	0.122899
12.717400	0.131839
12.722200	0.131546
12.727000	0.133402
12.731800	0.136218
12.736600	0.139856
12.741400	0.140844
12.746200	0.144869
12.751000	0.139883
12.755800	0.137314
12.760600	0.138801
12.765400	0.144081
12.770200	0.138913
12.775000	0.138768
12.779800	0.128398
12.784600	0.130675
12.789400	0.124176
12.794200	0.111405
12.799000	0.113207
12.803800	0.127011
12.808600	0.135203
12.813400	0.139012
12.818200	0.142196
12.823000	0.143225
12.827800	0.142948
12.832600	0.147095
12.837400	0.159235
12.842200	0.167421
12.847000	0.166571
12.851800	0.158807
12.856600	0.165298
12.861400	0.158693
12.866200	0.152550
12.871000	0.150261
12.875800	0.140833
12.880600	0.126985
12.885400	0.111125
12.890200	0.092441
12.895000	0.074630
12.899800	0.066355
12.904600	0.058464
12.909400	0.051750
12.914200	0.033918
12.919000	0.030494
12.923800	0.014159
12.928600	0.000000
12.933400	0.000000
12.938200	0.000000
12.943000	0.000000
12.947800	0.000000
12.952600	0.000000
12.957400	0.000000
12.962200	0.000000
12.967000	0.000000
12.971800	0.000000
12.976600	0.000000
12.981400	0.000000
12.986200	0.000000
12.991000	0.000000
12.995800	0.000000
13.000600	0.000000
13.005400	0.000000
13.010200	0.000000
13.015000	0.000000
13.019800	0.000000
13.024600	0.000000
13.029400	0.000000
13.034200	0.000000
13.039000	0.000000
13.043800	0.000000
13.048600	0.000000
13.053400	0.000000
13.058200	0.000000
13.063000	0.000000
13.067800	0.000000
13.072600	0.000000
13.077400	0.000000
13.082200	0.000000
13.087000	0.000000
13.091800	0.000000
13.096600	0.000000
13.101400	0.000000
13.106200	0.000000
13.111000	0.000000
13.115800	0.000000
13.120600	0.000000
13.125400	0.000000
13.130200	0.000000
13.135000	0.000000
13.139800	0.000000
13.144600	0.000000
13.149400	0.000000
13.154200	0.000000
13.159000	0.000000
13.163800	0.000000
13.168600	0.000000
13.173400	0.000000
13.178200	0.000000
13.183000	0.000000
13.187800	0.000000
13.192600	0.000000
13.197400	0.000000
13.202200	0.000000
13.207000	0.000000
13.211800	0.000000
13.216600	0.000000
13.221400	0.000000
13.226200	0.000000
13.231000	0.000000
13.235800	0.000000
13.240600	0.000000
13.245400	0.000000
13.250200	0.000000
13.255000	0.000000
13.259800	0.000000
13.264600	0.000000
13.269400	0.000000
13.274200	0.000000
13.279000	0.000000
13.283800	0.000000
13.288600	0.000000
13.293400	0.000000
13.298200	0.000000
13.303000	0.000000
13.307800	0.000000
13.312600	0.008019
13.317400	0.016204
13.322200	0.023414
13.327000	0.048677
13.331800	0.061731
13.336600	0.056429
13.341400	0.061990
13.346200	0.081510
13.351000	0.091262
13.355800	0.090256
13.360600	0.111198
13.365400	0.110574
13.370200	0.108620
13.375000	0.114431
13.379800	0.117340
13.384600	0.128565
13.389400	0.133116
13.394200	0.138903
13.399000	0.146360
13.403800	0.153953
13.408600	0.164827
13.413400	0.173128
13.418200	0.194909
13.423000	0.204025
13.427800	0.218196
13.432600	0.220491
13.437400	0.219595
13.442200	0.218947
13.447000	0.224110
13.451800	0.213826
13.456600	0.219794
13.461400	0.237418
13.466200	0.241969
13.471000	0.246754
13.475800	0.245844
13.480600	0.247191
13.485400	0.251864
13.490200	0.268420
13.495000	0.287273
13.499800	0.310137
13.504600	0.326022
13.509400	0.343381
13.514200	0.346936
13.519000	0.343288
13.523800	0.354138
13.528600	0.380926
13.533400	0.397534
13.538200	0.405038
13.543000	0.418441
13.547800	0.438669
13.552600	0.470737
13.557400	0.489548
13.562200	0.511139
13.567000	0.521038
13.571800	0.540963
13.576600	0.550017
13.581400	0.570733
13.586200	0.585697
13.591000	0.589772
13.595800	0.608181
13.600600	0.624968
13.605400	0.664194
13.610200	0.684347
13.615000	0.707960
13.619800	0.750797
13.624600	0.768804
13.629400	0.803871
13.634200	0.825248
13.639000	0.864129
13.643800	0.888441
13.648600	0.925448
13.653400	0.960318
13.658200	1.006189
13.663000	1.054507
13.667800	1.095801
13.672600	1.149502
13.677400	1.201422
13.682200	1.246805
13.687000	1.274459
13.691800	1.324634
13.696600	1.372832
13.701400	1.427180
13.706200	1.479074
13.711000	1.529934
13.715800	1.585611
13.720600	1.634962
13.725400	1.675375
13.730200	1.737622
13.735000	1.791980
13.739800	1.859677
13.744600	1.930791
13.749400	1.982900
13.754200	2.043935
13.759000	2.103471
13.763800	2.158789
13.768600	2.205365
13.773400	2.256375
13.778200	2.323416
13.783000	2.391352
13.787800	2.467338
13.792600	2.518626
13.797400	2.577445
13.802200	2.627812
13.807000	2.701193
13.811800	2.761606
13.816600	2.824843
13.821400	2.891596
13.826200	2.962298
13.831000	3.024929
13.835800	3.081040
13.840600	3.150744
13.845400	3.211483
13.850200	3.281318
13.855000	3.356925
13.859800	3.412821
13.864600	3.478510
13.869400	3.548778
13.874200	3.617629
13.879000	3.672182
13.883800	3.735717
13.888600	3.815324
13.893400	3.877810
13.898200	3.962344
13.903000	4.043614
13.907800	4.112075
13.912600	4.191135
13.917400	4.256491
13.922200	4.327773
13.927000	4.394455
13.931800	4.467994
13.936600	4.537934
13.941400	4.607522
13.946200	4.675162
13.951000	4.732255
13.955800	4.798467
13.960600	4.868246
13.965400	4.940009
13.970200	5.012862
13.975000	5.081235
13.979800	5.153435
13.984600	5.241707
13.989400	5.314305
13.994200	5.366562
13.999000	5.434631
14.003800	5.504024
14.008600	5.582080
14.013400	5.658721
14.018200	5.737424
14.023000	5.798774
14.027800	5.861438
14.032600	5.916561
14.037400	5.977034
14.042200	6.043125
14.047000	6.119810
14.051800	6.192472
14.056600	6.254897
14.061400	6.309027
14.066200	6.368027
14.071000	6.436863
14.075800	6.505983
14.080600	6.586216
14.085400	6.638439
14.090200	6.706029
14.095000	6.771673
14.099800	6.836945
14.104600	6.889573
14.109400	6.947226
14.114200	7.009749
14.119000	7.077478
14.123800	7.164108
14.128600	7.228060
14.133400	7.293348
14.138200	7.342653
14.143000	7.401143
14.147800	7.462639
14.152600	7.509941
14.157400	7.575705
14.162200	7.639724
14.167000	7.714468
14.171800	7.778579
14.176600	7.852230
14.181400	7.912053
14.186200	7.981927
14.191000	8.046317
14.195800	8.102078
14.200600	8.159364
14.205400	8.201948
14.210200	8.246552
14.215000	8.300953
14.219800	8.358168
14.224600	8.417149
14.229400	8.481811
14.234200	8.534196
14.239000	8.590757
14.243800	8.652082
14.248600	8.694942
14.253400	8.749419
14.258200	8.810590
14.263000	8.858321
14.267800	8.916197
14.272600	8.950924
14.277400	8.987119
14.282200	9.040566
14.287000	9.081202
14.291800	9.122264
14.296600	9.162339
14.301400	9.208459
14.306200	9.255373
14.311000	9.287335
14.315800	9.310262
14.320600	9.331163
14.325400	9.370749
14.330200	9.402510
14.335000	9.444595
14.339800	9.488825
14.344600	9.528130
14.349400	9.556095
14.354200	9.581354
14.359000	9.598928
14.363800	9.627532
14.368600	9.666737
14.373400	9.690345
14.378200	9.726070
14.383000	9.753458
14.387800	9.772260
14.392600	9.803010
14.397400	9.820527
14.402200	9.846066
14.407000	9.865050
14.411800	9.889095
14.416600	9.913434
14.421400	9.925897
14.426200	9.938503
14.431000	9.941499
14.435800	9.944208
14.440600	9.959414
14.445400	9.966716
14.450200	9.988975
14.455000	9.990689
14.459800	10.001149
14.464600	9.998641
14.469400	10.005511
14.474200	10.006992
14.479000	10.005008
14.483800	10.001461
14.488600	9.993365
14.493400	9.975165
14.498200	9.955780
14.503000	9.944302
14.507800	9.936589
14.512600	9.919853
14.517400	9.889149
14.522200	9.870979
14.527000	9.857559
14.531800	9.833387
14.536600	9.804518
14.541400	9.774880
14.546200	9.744226
14.551000	9.706279
14.555800	9.681683
14.560600	9.645877
14.565400	9.612911
14.570200	9.575226
14.575000	9.529912
14.579800	9.478166
14.584600	9.438381
14.589400	9.400186
14.594200	9.356348
14.599000	9.308230
14.603800	9.257773
14.608600	9.200369
14.613400	9.130670
14.618200	9.079811
14.623000	9.014673
14.627800	8.952042
14.632600	8.893986
14.637400	8.838685
14.642200	8.784072
14.647000	8.720441
14.651800	8.652716
14.656600	8.573087
14.661400	8.505038
14.666200	8.433265
14.671000	8.371506
14.675800	8.306340
14.680600	8.235512
14.685400	8.170605
14.690200	8.100159
14.695000	8.022544
14.699800	7.945011
14.704600	7.859672
14.709400	7.768042
14.714200	7.683147
14.719000	7.594078
14.723800	7.500523
14.728600	7.416596
14.733400	7.334818
14.738200	7.257390
14.743000	7.176781
14.747800	7.095184
14.752600	7.021151
14.757400	6.933806
14.762200	6.840942
14.767000	6.760060
14.771800	6.668825
14.776600	6.575004
14.781400	6.490313
14.786200	6.398045
14.791000	6.308512
14.795800	6.221891
14.800600	6.129852
14.805400	6.043090
14.810200	5.957385
14.815000	5.861354
14.819800	5.772646
14.824600	5.684117
14.829400	5.596705
14.834200	5.511490
14.839000	5.422492
14.843800	5.336694
14.848600	5.259740
14.853400	5.183179
14.858200	5.098809
14.863000	5.022724
14.867800	4.940541
14.872600	4.851425
14.877400	4.763580
14.882200	4.682473
14.887000	4.606663
14.891800	4.535031
14.896600	4.456330
14.901400	4.377371
14.906200	4.301425
14.911000	4.221496
14.915800	4.144753
14.920600	4.071263
14.925400	3.993166
14.930200	3.923325
14.935000	3.851098
14.939800	3.782571
14.944600	3.715931
14.949400	3.649861
14.954200	3.586633
14.959000	3.527992
14.963800	3.466697
14.968600	3.407111
14.973400	3.341591
14.978200	3.275249
14.983000	3.202264
14.987800	3.141398
14.992600	3.077346
14.997400	3.017246
15.002200	2.949892
15.007000	2.885803
15.011800	2.824842
15.016600	2.766544
15.021400	2.709336
15.026200	2.656804
15.031000	2.607220
15.035800	2.552217
15.040600	2.494133
15.045400	2.441009
15.050200	2.391313
15.055000	2.335679
15.059800	2.283931
15.064600	2.235335
15.069400	2.187713
15.074200	2.138278
15.079000	2.087572
15.083800	2.044074
15.088600	1.993645
15.093400	1.947948
15.098200	1.901401
15.103000	1.854601
15.107800	1.809877
15.112600	1.769766
15.117400	1.724031
15.122200	1.679678
15.127000	1.639977
15.131800	1.601863
15.136600	1.562751
15.141400	1.527970
15.146200	1.493536
15.151000	1.454732
15.155800	1.420975
15.160600	1.386382
15.165400	1.349642
15.170200	1.313589
15.175000	1.277324
15.179800	1.243179
15.184600	1.209803
15.189400	1.178674
15.194200	1.146404
15.199000	1.115821
15.203800	1.082447
15.208600	1.049467
15.213400	1.018597
15.218200	0.986258
15.223000	0.955393
15.227800	0.927140
15.232600	0.895162
15.237400	0.870809
15.242200	0.850902
15.247000	0.829295
15.251800	0.807599
15.256600	0.788810
15.261400	0.766072
15.266200	0.743195
15.271000	0.721838
15.275800	0.701214
15.280600	0.678132
15.285400	0.652514
15.290200	0.632050
15.295000	0.612357
15.299800	0.589617
15.304600	0.571858
15.309400	0.554479
15.314200	0.535473
15.319000	0.519657
15.323800	0.501492
15.328600	0.482960
15.333400	0.465298
15.338200	0.449744
15.343000	0.432043
15.347800	0.418601
15.352600	0.403540
15.357400	0.389659
15.362200	0.376197
15.367000	0.361181
15.371800	0.346992
15.376600	0.335346
15.381400	0.321638
15.386200	0.308380
15.391000	0.298187
15.395800	0.284783
15.400600	0.273079
15.405400	0.261931
15.410200	0.255986
15.415000	0.247021
15.419800	0.238385
15.424600	0.230069
15.429400	0.222065
15.434200	0.214362
15.439000	0.206951
15.443800	0.199823
15.448600	0.192969
15.453400	0.186379
15.458200	0.180043
15.463000	0.173953
15.467800	0.168099
15.472600	0.162471
15.477400	0.157060
15.482200	0.151858
15.487000	0.146853
15.491800	0.142038
15.496600	0.137402
15.501400	0.132936
15.506200	0.128631
15.511000	0.124478
15.515800	0.120467
15.520600	0.116588
15.525400	0.112832
15.530200	0.109191
15.535000	0.105654
15.539800	0.102212
15.544600	0.098856
15.549400	0.095576
15.554200	0.092363
15.559000	0.089207
15.563800	0.086100
15.568600	0.083032
15.573400	0.079993
15.578200	0.076974
15.583000	0.073965
15.587800	0.070958
15.592600	0.067943
15.597400	0.064910
15.602200	0.061850
15.607000	0.058754
15.611800	0.055612
15.616600	0.052415
15.621400	0.049154
15.626200	0.045818
15.631000	0.042400
15.635800	0.038889
15.640600	0.035275
15.645400	0.031551
15.650200	0.027705
15.655000	0.023729
15.659800	0.019614
15.664600	0.015350
15.669400	0.010927
15.674200	0.006337
