0.001800	0.000000
0.006600	0.000000
0.011400	0.000000
0.016200	0.000000
0.021000	0.000000
0.025800	0.000000
0.030600	0.000000
0.035400	0.000000
0.040200	0.000000
0.045000	0.000000
0.049800	0.000000
0.054600	0.000000
0.059400	0.000000
0.064200	0.000000
0.069000	0.000000
0.073800	0.000000
0.078600	0.000000
0.083400	0.000000
0.088200	0.000000
0.093000	0.000000
0.097800	0.000000
0.102600	0.000000
0.107400	0.000000
0.112200	0.000000
0.117000	0.000000
0.121800	0.000000
0.126600	0.000000
0.131400	0.000000
0.136200	0.000000
0.141000	0.000000
0.145800	0.000000
0.150600	0.000000
0.155400	0.000000
0.160200	0.000000
0.165000	0.000000
0.169800	0.000000
0.174600	0.000000
0.179400	0.000000
0.184200	0.000000
0.189000	0.000000
0.193800	0.000000
0.198600	0.000000
0.203400	0.000000
0.208200	0.000000
0.213000	0.000000
0.217800	0.000000
0.222600	0.000000
0.227400	0.000000
0.232200	0.000000
0.237000	0.000000
0.241800	0.000000
0.246600	0.000000
0.251400	0.000000
0.256200	0.000000
0.261000	0.000000
0.265800	0.000000
0.270600	0.000000
0.275400	0.000000
0.280200	0.000000
0.285000	0.000000
0.289800	0.000000
0.294600	0.000000
0.299400	0.000000
0.304200	0.000000
0.309000	0.000000
0.313800	0.000000
0.318600	0.000000
0.323400	0.000000
0.328200	0.000000
0.333000	0.000000
0.337800	0.000000
0.342600	0.000000
0.347400	0.000000
0.352200	0.000000
0.357000	0.000000
0.361800	0.000000
0.366600	0.000000
0.371400	0.000000
0.376200	0.000000
0.381000	0.000000
0.385800	0.000000
0.390600	0.000000
0.395400	0.000000
0.400200	0.000000
0.405000	0.000000
0.409800	0.000000
0.414600	0.000000
0.419400	0.000000
0.424200	0.000000
0.429000	0.000000
0.433800	0.000000
0.438600	0.000000
0.443400	0.000000
0.448200	0.000000
0.453000	0.000000
0.457800	0.000000
0.462600	0.000000
0.467400	0.000000
0.472200	0.000000
0.477000	0.000000
0.481800	0.000000
0.486600	0.000000
0.491400	0.000000
0.496200	0.000000
0.501000	0.000000
0.505800	0.000000
0.510600	0.000000
0.515400	0.000000
0.520200	0.000000
0.525000	0.000000
0.529800	0.000000
0.534600	0.000000
0.539400	0.000000
0.544200	0.000000
0.549000	0.000000
0.553800	0.000000
0.558600	0.000000
0.563400	0.000000
0.568200	0.000000
0.573000	0.000000
0.577800	0.000000
0.582600	0.000000
0.587400	0.000000
0.592200	0.000000
0.597000	0.000000
0.601800	0.000000
0.606600	0.000000
0.611400	0.000000
0.616200	0.000000
0.621000	0.000000
0.625800	0.000000
0.630600	0.000000
0.635400	0.000000
0.640200	0.000000
0.645000	0.000000
0.649800	0.000000
0.654600	0.000000
0.659400	0.000000
0.664200	0.000000
0.669000	0.000000
0.673800	0.000000
0.678600	0.000000
0.683400	0.000000
0.688200	0.000000
0.693000	0.000000
0.697800	0.000000
0.702600	0.000000
0.707400	0.000000
0.712200	0.000000
0.717000	0.000000
0.721800	0.000000
0.726600	0.000000
0.731400	0.000000
0.736200	0.000000
0.741000	0.000000
0.745800	0.000000
0.750600	0.000000
0.755400	0.000000
0.760200	0.000000
0.765000	0.000000
0.769800	0.000000
0.774600	0.000000
0.779400	0.000000
0.784200	0.000000
0.789000	0.000000
0.793800	0.000000
0.798600	0.000000
0.803400	0.000000
0.808200	0.000000
0.813000	0.000000
0.817800	0.000000
0.822600	0.000000
0.827400	0.000000
0.832200	0.000000
0.837000	0.000000
0.841800	0.000000
0.846600	0.000000
0.851400	0.000000
0.856200	0.000000
0.861000	0.000000
0.865800	0.000000
0.870600	0.000000
0.875400	0.000000
0.880200	0.000000
0.885000	0.000000
0.889800	0.000000
0.894600	0.000000
0.899400	0.000000
0.904200	0.000000
0.909000	0.000000
0.913800	0.000000
0.918600	0.000000
0.923400	0.000000
0.928200	0.000000
0.933000	0.000000
0.937800	0.000000
0.942600	0.000000
0.947400	0.000000
0.952200	0.000000
0.957000	0.000000
0.961800	0.000000
0.966600	0.000000
0.971400	0.000000
0.976200	0.000000
0.981000	0.000000
0.985800	0.000000
0.990600	0.000000
0.995400	0.000000
1.000200	0.000000
1.005000	0.000000
1.009800	0.000000
1.014600	0.000000
1.019400	0.000000
1.024200	0.000000
1.029000	0.000000
1.033800	0.000000
1.038600	0.000000
1.043400	0.000000
1.048200	0.000000
1.053000	0.000000
1.057800	0.000000
1.062600	0.000000
1.067400	0.000000
1.072200	0.000000
1.077000	0.000000
1.081800	0.000000
1.086600	0.000000
1.091400	0.000000
1.096200	0.000000
1.101000	0.000000
1.105800	0.000000
1.110600	0.000000
1.115400	0.000000
1.120200	0.000000
1.125000	0.000000
1.129800	0.000000
1.134600	0.000000
1.139400	0.000000
1.144200	0.000000
1.149000	0.000000
1.153800	0.000000
1.158600	0.000000
1.163400	0.000000
1.168200	0.000000
1.173000	0.000000
1.177800	0.000000
1.182600	0.000000
1.187400	0.000000
1.192200	0.000000
1.197000	0.000000
1.201800	0.000000
1.206600	0.000000
1.211400	0.000000
1.216200	0.000000
1.221000	0.000000
1.225800	0.000000
1.230600	0.000000
1.235400	0.000000
1.240200	0.000000
1.245000	0.000000
1.249800	0.000000
1.254600	0.000000
1.259400	0.000000
1.264200	0.000000
1.269000	0.000000
1.273800	0.000000
1.278600	0.000000
1.283400	0.000000
1.288200	0.000000
1.293000	0.000000
1.297800	0.000000
1.302600	0.000000
1.307400	0.000000
1.312200	0.000000
1.317000	0.000000
1.321800	0.000000
1.326600	0.000000
1.331400	0.000000
1.336200	0.000000
1.341000	0.000000
1.345800	0.000000
1.350600	0.000000
1.355400	0.000000
1.360200	0.000000
1.365000	0.000000
1.369800	0.000000
1.374600	0.000000
1.379400	0.000000
1.384200	0.000000
1.389000	0.000000
1.393800	0.000000
1.398600	0.000000
1.403400	0.000000
1.408200	0.000000
1.413000	0.000000
1.417800	0.000000
1.422600	0.000000
1.427400	0.000000
1.432200	0.000000
1.437000	0.000000
1.441800	0.000000
1.446600	0.000000
1.451400	0.000000
1.456200	0.000000
1.461000	0.000000
1.465800	0.000000
1.470600	0.000000
1.475400	0.000000
1.480200	0.000000
1.485000	0.000000
1.489800	0.000000
1.494600	0.000000
1.499400	0.000000
1.504200	0.000000
1.509000	0.000000
1.513800	0.000000
1.518600	0.000000
1.523400	0.000000
1.528200	0.000000
1.533000	0.000000
1.537800	0.000000
1.542600	0.000000
1.547400	0.000000
1.552200	0.000000
1.557000	0.000000
1.561800	0.000000
1.566600	0.000000
1.571400	0.000000
1.576200	0.000000
1.581000	0.000000
1.585800	0.000000
1.590600	0.000000
1.595400	0.000000
1.600200	0.000000
1.605000	0.000000
1.609800	0.000000
1.614600	0.000000
1.619400	0.000000
1.624200	0.000000
1.629000	0.000000
1.633800	0.000000
1.638600	0.000000
1.643400	0.000000
1.648200	0.000000
1.653000	0.000000
1.657800	0.000000
1.662600	0.000000
1.667400	0.000000
1.672200	0.000000
1.677000	0.000000
1.681800	0.000000
1.686600	0.000000
1.691400	0.000000
1.696200	0.000000
1.701000	0.000000
1.705800	0.000000
1.710600	0.000000
1.715400	0.000000
1.720200	0.000000
1.725000	0.000000
1.729800	0.000000
1.734600	0.000000
1.739400	0.000000
1.744200	0.000000
1.749000	0.000000
1.753800	0.000000
1.758600	0.000000
1.763400	0.000000
1.768200	0.000000
1.773000	0.000000
1.777800	0.000000
1.782600	0.000000
1.787400	0.000000
1.792200	0.000000
1.797000	0.000000
1.801800	0.000000
1.806600	0.000000
1.811400	0.000000
1.816200	0.000000
1.821000	0.000000
1.825800	0.000000
1.830600	0.000000
1.835400	0.000000
1.840200	0.000000
1.845000	0.000000
1.849800	0.000000
1.854600	0.000000
1.859400	0.000000
1.864200	0.000000
1.869000	0.000000
1.873800	0.000000
1.878600	0.000000
1.883400	0.000000
1.888200	0.000000
1.893000	0.000000
1.897800	0.000000
1.902600	0.000000
1.907400	0.000000
1.912200	0.000000
1.917000	0.000000
1.921800	0.000000
1.926600	0.000000
1.931400	0.000000
1.936200	0.000000
1.941000	0.000000
1.945800	0.000000
1.950600	0.000000
1.955400	0.000000
1.960200	0.000000
1.965000	0.000000
1.969800	0.000000
1.974600	0.000000
1.979400	0.000000
1.984200	0.000000
1.989000	0.000000
1.993800	0.000000
1.998600	0.000000
2.003400	0.000000
2.008200	0.000000
2.013000	0.000000
2.017800	0.000000
2.022600	0.000000
2.027400	0.000000
2.032200	0.000000
2.037000	0.000000
2.041800	0.000000
2.046600	0.000000
2.051400	0.000000
2.056200	0.000000
2.061000	0.000000
2.065800	0.000000
2.070600	0.000000
2.075400	0.000000
2.080200	0.000000
2.085000	0.000000
2.089800	0.000000
2.094600	0.000000
2.099400	0.000000
2.104200	0.000000
2.109000	0.000000
2.113800	0.000000
2.118600	0.000000
2.123400	0.000000
2.128200	0.000000
2.133000	0.000000
2.137800	0.000000
2.142600	0.000000
2.147400	0.000000
2.152200	0.000000
2.157000	0.000000
2.161800	0.000000
2.166600	0.000000
2.171400	0.000000
2.176200	0.000000
2.181000	0.000000
2.185800	0.000000
2.190600	0.000000
2.195400	0.000000
2.200200	0.000000
2.205000	0.000000
2.209800	0.000000
2.214600	0.000000
2.219400	0.000000
2.224200	0.000000
2.229000	0.000000
2.233800	0.000000
2.238600	0.000000
2.243400	0.000000
2.248200	0.000000
2.253000	0.000000
2.257800	0.000000
2.262600	0.000000
2.267400	0.000000
2.272200	0.000000
2.277000	0.000000
2.281800	0.000000
2.286600	0.000000
2.291400	0.000000
2.296200	0.000000
2.301000	0.000000
2.305800	0.000000
2.310600	0.000000
2.315400	0.000000
2.320200	0.000000
2.325000	0.000000
2.329800	0.000000
2.334600	0.000000
2.339400	0.000000
2.344200	0.000000
2.349000	0.000000
2.353800	0.000000
2.358600	0.000000
2.363400	0.000000
2.368200	0.000000
2.373000	0.000000
2.377800	0.000000
2.382600	0.000000
2.387400	0.000000
2.392200	0.000000
2.397000	0.000000
2.401800	0.000000
2.406600	0.000000
2.411400	0.000000
2.416200	0.000000
2.421000	0.000000
2.425800	0.000000
2.430600	0.000000
2.435400	0.000000
2.440200	0.000000
2.445000	0.000000
2.449800	0.000000
2.454600	0.000000
2.459400	0.000000
2.464200	0.000000
2.469000	0.000000
2.473800	0.000000
2.478600	0.000000
2.483400	0.000000
2.488200	0.000000
2.493000	0.000000
2.497800	0.000000
2.502600	0.000000
2.507400	0.000000
2.512200	0.000000
2.517000	0.000000
2.521800	0.000000
2.526600	0.000000
2.531400	0.000000
2.536200	0.000000
2.541000	0.000000
2.545800	0.000000
2.550600	0.000000
2.555400	0.000000
2.560200	0.000000
2.565000	0.000000
2.569800	0.000000
2.574600	0.000000
2.579400	0.000000
2.584200	0.000000
2.589000	0.000000
2.593800	0.000000
2.598600	0.000000
2.603400	0.000000
2.608200	0.000000
2.613000	0.000000
2.617800	0.000000
2.622600	0.000000
2.627400	0.000000
2.632200	0.000000
2.637000	0.000000
2.641800	0.000000
2.646600	0.000000
2.651400	0.000000
2.656200	0.000000
2.661000	0.000000
2.665800	0.000000
2.670600	0.000000
2.675400	0.000000
2.680200	0.000000
2.685000	0.000000
2.689800	0.000000
2.694600	0.000000
2.699400	0.000000
2.704200	0.000000
2.709000	0.000000
2.713800	0.000000
2.718600	0.000000
2.723400	0.000000
2.728200	0.000000
2.733000	0.000000
2.737800	0.000000
2.742600	0.000000
2.747400	0.000000
2.752200	0.000000
2.757000	0.000000
2.761800	0.000000
2.766600	0.000000
2.771400	0.000000
2.776200	0.000000
2.781000	0.000000
2.785800	0.000000
2.790600	0.000000
2.795400	0.000000
2.800200	0.000000
2.805000	0.000000
2.809800	0.000000
2.814600	0.000000
2.819400	0.000000
2.824200	0.000000
2.829000	0.000000
2.833800	0.000000
2.838600	0.000000
2.843400	0.000000
2.848200	0.000000
2.853000	0.000000
2.857800	0.000000
2.862600	0.000000
2.867400	0.000000
2.872200	0.000000
2.877000	0.000000
2.881800	0.000000
2.886600	0.000000
2.891400	0.000000
2.896200	0.000000
2.901000	0.000000
2.905800	0.000000
2.910600	0.000000
2.915400	0.000000
2.920200	0.000000
2.925000	0.000000
2.929800	0.000000
2.934600	0.000000
2.939400	0.000000
2.944200	0.000000
2.949000	0.000000
2.953800	0.000000
2.958600	0.000000
2.963400	0.000000
2.968200	0.000000
2.973000	0.000000
2.977800	0.000000
2.982600	0.000000
2.987400	0.000000
2.992200	0.000000
2.997000	0.000000
3.001800	0.000000
3.006600	0.000000
3.011400	0.000000
3.016200	0.000000
3.021000	0.000000
3.025800	0.000000
3.030600	0.000000
3.035400	0.000000
3.040200	0.000000
3.045000	0.000000
3.049800	0.000000
3.054600	0.000000
3.059400	0.000000
3.064200	0.000000
3.069000	0.000000
3.073800	0.000000
3.078600	0.000000
3.083400	0.000000
3.088200	0.000000
3.093000	0.000000
3.097800	0.000000
3.102600	0.000000
3.107400	0.000000
3.112200	0.000000
3.117000	0.000000
3.121800	0.000000
3.126600	0.000000
3.131400	0.000000
3.136200	0.000000
3.141000	0.000000
3.145800	0.000000
3.150600	0.000000
3.155400	0.000000
3.160200	0.000000
3.165000	0.000000
3.169800	0.000000
3.174600	0.000000
3.179400	0.000000
3.184200	0.000000
3.189000	0.000000
3.193800	0.000000
3.198600	0.000000
3.203400	0.000000
3.208200	0.000000
3.213000	0.000000
3.217800	0.000000
3.222600	0.000000
3.227400	0.000000
3.232200	0.000000
3.237000	0.000000
3.241800	0.000000
3.246600	0.000000
3.251400	0.000000
3.256200	0.000000
3.261000	0.000000
3.265800	0.000000
3.270600	0.000000
3.275400	0.000000
3.280200	0.000000
3.285000	0.000000
3.289800	0.000000
3.294600	0.000000
3.299400	0.000000
3.304200	0.000000
3.309000	0.000000
3.313800	0.000000
3.318600	0.000000
3.323400	0.000000
3.328200	0.000000
3.333000	0.000000
3.337800	0.000000
3.342600	0.000000
3.347400	0.000000
3.352200	0.000000
3.357000	0.000000
3.361800	0.000000
3.366600	0.000000
3.371400	0.000000
3.376200	0.000000
3.381000	0.000000
3.385800	0.000000
3.390600	0.000000
3.395400	0.000000
3.400200	0.000000
3.405000	0.000000
3.409800	0.000000
3.414600	0.000000
3.419400	0.000000
3.424200	0.000000
3.429000	0.000000
3.433800	0.000000
3.438600	0.000000
3.443400	0.000000
3.448200	0.000000
3.453000	0.000000
3.457800	0.000000
3.462600	0.000000
3.467400	0.000000
3.472200	0.000000
3.477000	0.000000
3.481800	0.000000
3.486600	0.000000
3.491400	0.000000
3.496200	0.000000
3.501000	0.000000
3.505800	0.000000
3.510600	0.000000
3.515400	0.000000
3.520200	0.000000
3.525000	0.000000
3.529800	0.000000
3.534600	0.000000
3.539400	0.000000
3.544200	0.000000
3.549000	0.000000
3.553800	0.000000
3.558600	0.000000
3.563400	0.000000
3.568200	0.000000
3.573000	0.000000
3.577800	0.000000
3.582600	0.000000
3.587400	0.000000
3.592200	0.000000
3.597000	0.000000
3.601800	0.000000
3.606600	0.000000
3.611400	0.000000
3.616200	0.000000
3.621000	0.000000
3.625800	0.000000
3.630600	0.000000
3.635400	0.000000
3.640200	0.000000
3.645000	0.000000
3.649800	0.000000
3.654600	0.000000
3.659400	0.000000
3.664200	0.000000
3.669000	0.000000
3.673800	0.000000
3.678600	0.000000
3.683400	0.000000
3.688200	0.000000
3.693000	0.000000
3.697800	0.000000
3.702600	0.000000
3.707400	0.000000
3.712200	0.000000
3.717000	0.000000
3.721800	0.000000
3.726600	0.000000
3.731400	0.000000
3.736200	0.000000
3.741000	0.000000
3.745800	0.000000
3.750600	0.000000
3.755400	0.000000
3.760200	0.000000
3.765000	0.000000
3.769800	0.000000
3.774600	0.000000
3.779400	0.000000
3.784200	0.000000
3.789000	0.000000
3.793800	0.000000
3.798600	0.000000
3.803400	0.000000
3.808200	0.000000
3.813000	0.000000
3.817800	0.000000
3.822600	0.000000
3.827400	0.000000
3.832200	0.000000
3.837000	0.000000
3.841800	0.000000
3.846600	0.000000
3.851400	0.000000
3.856200	0.000000
3.861000	0.000000
3.865800	0.000000
3.870600	0.000000
3.875400	0.000000
3.880200	0.000000
3.885000	0.000000
3.889800	0.000000
3.894600	0.000000
3.899400	0.000000
3.904200	0.000000
3.909000	0.000000
3.913800	0.000000
3.918600	0.000000
3.923400	0.000000
3.928200	0.000000
3.933000	0.000000
3.937800	0.000000
3.942600	0.000000
3.947400	0.000000
3.952200	0.000000
3.957000	0.000000
3.961800	0.000000
3.966600	0.000000
3.971400	0.000000
3.976200	0.000000
3.981000	0.000000
3.985800	0.000000
3.990600	0.000000
3.995400	0.000000
4.000200	0.000000
4.005000	0.000000
4.009800	0.000000
4.014600	0.000000
4.019400	0.000000
4.024200	0.000000
4.029000	0.000000
4.033800	0.000000
4.038600	0.000000
4.043400	0.000000
4.048200	0.000000
4.053000	0.000000
4.057800	0.000000
4.062600	0.000000
4.067400	0.000000
4.072200	0.000000
4.077000	0.000000
4.081800	0.000000
4.086600	0.000000
4.091400	0.000000
4.096200	0.000000
4.101000	0.000000
4.105800	0.000000
4.110600	0.000000
4.115400	0.000000
4.120200	0.000000
4.125000	0.000000
4.129800	0.000000
4.134600	0.000000
4.139400	0.000000
4.144200	0.000000
4.149000	0.000000
4.153800	0.000000
4.158600	0.000000
4.163400	0.000000
4.168200	0.000000
4.173000	0.000000
4.177800	0.000000
4.182600	0.000000
4.187400	0.000000
4.192200	0.000000
4.197000	0.000000
4.201800	0.000000
4.206600	0.000000
4.211400	0.000000
4.216200	0.000000
4.221000	0.000000
4.225800	0.000000
4.230600	0.000000
4.235400	0.000000
4.240200	0.000000
4.245000	0.000000
4.249800	0.000000
4.254600	0.000000
4.259400	0.000000
4.264200	0.000000
4.269000	0.000000
4.273800	0.000000
4.278600	0.000000
4.283400	0.000000
4.288200	0.000000
4.293000	0.000000
4.297800	0.000000
4.302600	0.000000
4.307400	0.000000
4.312200	0.000000
4.317000	0.000000
4.321800	0.000000
4.326600	0.000000
4.331400	0.000000
4.336200	0.000000
4.341000	0.000000
4.345800	0.000000
4.350600	0.000000
4.355400	0.000000
4.360200	0.000000
4.365000	0.000000
4.369800	0.000000
4.374600	0.000000
4.379400	0.000000
4.384200	0.000000
4.389000	0.000000
4.393800	0.000000
4.398600	0.000000
4.403400	0.000000
4.408200	0.000000
4.413000	0.000000
4.417800	0.000000
4.422600	0.000000
4.427400	0.000000
4.432200	0.000000
4.437000	0.000000
4.441800	0.000000
4.446600	0.000000
4.451400	0.000000
4.456200	0.000000
4.461000	0.000000
4.465800	0.000000
4.470600	0.000000
4.475400	0.000000
4.480200	0.000000
4.485000	0.000000
4.489800	0.000000
4.494600	0.000000
4.499400	0.000000
4.504200	0.000000
4.509000	0.000000
4.513800	0.000000
4.518600	0.000000
4.523400	0.000000
4.528200	0.000000
4.533000	0.000000
4.537800	0.000000
4.542600	0.000000
4.547400	0.000000
4.552200	0.000000
4.557000	0.000000
4.561800	0.000000
4.566600	0.000000
4.571400	0.000000
4.576200	0.000000
4.581000	0.000000
4.585800	0.000000
4.590600	0.000000
4.595400	0.000000
4.600200	0.000000
4.605000	0.000000
4.609800	0.000000
4.614600	0.000000
4.619400	0.000000
4.624200	0.000000
4.629000	0.000000
4.633800	0.000000
4.638600	0.000000
4.643400	0.000000
4.648200	0.000000
4.653000	0.000000
4.657800	0.000000
4.662600	0.000000
4.667400	0.000000
4.672200	0.000000
4.677000	0.000000
4.681800	0.000000
4.686600	0.000000
4.691400	0.000000
4.696200	0.000000
4.701000	0.000000
4.705800	0.000000
4.710600	0.000000
4.715400	0.000000
4.720200	0.000000
4.725000	0.000000
4.729800	0.000000
4.734600	0.000000
4.739400	0.000000
4.744200	0.000000
4.749000	0.000000
4.753800	0.000000
4.758600	0.000000
4.763400	0.000000
4.768200	0.000000
4.773000	0.000000
4.777800	0.000000
4.782600	0.000000
4.787400	0.000000
4.792200	0.000000
4.797000	0.000000
4.801800	0.000000
4.806600	0.000000
4.811400	0.000000
4.816200	0.000000
4.821000	0.000000
4.825800	0.000000
4.830600	0.000000
4.835400	0.000000
4.840200	0.000000
4.845000	0.000000
4.849800	0.000000
4.854600	0.000000
4.859400	0.000000
4.864200	0.000000
4.869000	0.000000
4.873800	0.000000
4.878600	0.000000
4.883400	0.000000
4.888200	0.000000
4.893000	0.000000
4.897800	0.000000
4.902600	0.000000
4.907400	0.000000
4.912200	0.000000
4.917000	0.000000
4.921800	0.000000
4.926600	0.000000
4.931400	0.000000
4.936200	0.000000
4.941000	0.000000
4.945800	0.000000
4.950600	0.000000
4.955400	0.000000
4.960200	0.000000
4.965000	0.000000
4.969800	0.000000
4.974600	0.000000
4.979400	0.000000
4.984200	0.000000
4.989000	0.000000
4.993800	0.000000
4.998600	0.000000
5.003400	0.000000
5.008200	0.000000
5.013000	0.000000
5.017800	0.000000
5.022600	0.000000
5.027400	0.000000
5.032200	0.000000
5.037000	0.000000
5.041800	0.000000
5.046600	0.000000
5.051400	0.000000
5.056200	0.000000
5.061000	0.000000
5.065800	0.000000
5.070600	0.000000
5.075400	0.000000
5.080200	0.000000
5.085000	0.000000
5.089800	0.000000
5.094600	0.000000
5.099400	0.000000
5.104200	0.000000
5.109000	0.000000
5.113800	0.000000
5.118600	0.000000
5.123400	0.000000
5.128200	0.000000
5.133000	0.000000
5.137800	0.000000
5.142600	0.000000
5.147400	0.000000
5.152200	0.000000
5.157000	0.000000
5.161800	0.000000
5.166600	0.000000
5.171400	0.000000
5.176200	0.000000
5.181000	0.000000
5.185800	0.000000
5.190600	0.000000
5.195400	0.000000
5.200200	0.000000
5.205000	0.000000
5.209800	0.000000
5.214600	0.000000
5.219400	0.000000
5.224200	0.000000
5.229000	0.000000
5.233800	0.000000
5.238600	0.000000
5.243400	0.000000
5.248200	0.000000
5.253000	0.000000
5.257800	0.000000
5.262600	0.000000
5.267400	0.000000
5.272200	0.000000
5.277000	0.000000
5.281800	0.000000
5.286600	0.000000
5.291400	0.000000
5.296200	0.000000
5.301000	0.000000
5.305800	0.000000
5.310600	0.000000
5.315400	0.000000
5.320200	0.000000
5.325000	0.000000
5.329800	0.000000
5.334600	0.000000
5.339400	0.000000
5.344200	0.000000
5.349000	0.000000
5.353800	0.000000
5.358600	0.000000
5.363400	0.000000
5.368200	0.000000
5.373000	0.000000
5.377800	0.000000
5.382600	0.000000
5.387400	0.000000
5.392200	0.000000
5.397000	0.000000
5.401800	0.000000
5.406600	0.000000
5.411400	0.000000
5.416200	0.000000
5.421000	0.000000
5.425800	0.000000
5.430600	0.000000
5.435400	0.000000
5.440200	0.000000
5.445000	0.000000
5.449800	0.000000
5.454600	0.000000
5.459400	0.000000
5.464200	0.000000
5.469000	0.000000
5.473800	0.000000
5.478600	0.000000
5.483400	0.000000
5.488200	0.000000
5.493000	0.000000
5.497800	0.000000
5.502600	0.000000
5.507400	0.000000
5.512200	0.000000
5.517000	0.000000
5.521800	0.000000
5.526600	0.000000
5.531400	0.000000
5.536200	0.000000
5.541000	0.000000
5.545800	0.000000
5.550600	0.000000
5.555400	0.000000
5.560200	0.000000
5.565000	0.000000
5.569800	0.000000
5.574600	0.000000
5.579400	0.000000
5.584200	0.000000
5.589000	0.000000
5.593800	0.000000
5.598600	0.000000
5.603400	0.000000
5.608200	0.000000
5.613000	0.000000
5.617800	0.000000
5.622600	0.000000
5.627400	0.000000
5.632200	0.000000
5.637000	0.000000
5.641800	0.000000
5.646600	0.000000
5.651400	0.000000
5.656200	0.000000
5.661000	0.000000
5.665800	0.000000
5.670600	0.000000
5.675400	0.000000
5.680200	0.000000
5.685000	0.000000
5.689800	0.000000
5.694600	0.000000
5.699400	0.000000
5.704200	0.000000
5.709000	0.000000
5.713800	0.000000
5.718600	0.000000
5.723400	0.000000
5.728200	0.000000
5.733000	0.000000
5.737800	0.000000
5.742600	0.000000
5.747400	0.000000
5.752200	0.000000
5.757000	0.000000
5.761800	0.000000
5.766600	0.000000
5.771400	0.000000
5.776200	0.000000
5.781000	0.000000
5.785800	0.000000
5.790600	0.000000
5.795400	0.000000
5.800200	0.000000
5.805000	0.000000
5.809800	0.000000
5.814600	0.000000
5.819400	0.000000
5.824200	0.000000
5.829000	0.000000
5.833800	0.000000
5.838600	0.000000
5.843400	0.000000
5.848200	0.000000
5.853000	0.000000
5.857800	0.000000
5.862600	0.000000
5.867400	0.000000
5.872200	0.000000
5.877000	0.000000
5.881800	0.000000
5.886600	0.000000
5.891400	0.000000
5.896200	0.000000
5.901000	0.000000
5.905800	0.000000
5.910600	0.000000
5.915400	0.000000
5.920200	0.000000
5.925000	0.000000
5.929800	0.000000
5.934600	0.000000
5.939400	0.000000
5.944200	0.000000
5.949000	0.000000
5.953800	0.000000
5.958600	0.000000
5.963400	0.000000
5.968200	0.000000
5.973000	0.000000
5.977800	0.000000
5.982600	0.000000
5.987400	0.000000
5.992200	0.000000
5.997000	0.000000
6.001800	0.000000
6.006600	0.000000
6.011400	0.000000
6.016200	0.000000
6.021000	0.000000
6.025800	0.000000
6.030600	0.000000
6.035400	0.000000
6.040200	0.000000
6.045000	0.000000
6.049800	0.000000
6.054600	0.000000
6.059400	0.000000
6.064200	0.000000
6.069000	0.000000
6.073800	0.000000
6.078600	0.000000
6.083400	0.000000
6.088200	0.000000
6.093000	0.000000
6.097800	0.000000
6.102600	0.000000
6.107400	0.000000
6.112200	0.000000
6.117000	0.000000
6.121800	0.000000
6.126600	0.000000
6.131400	0.000000
6.136200	0.000000
6.141000	0.000000
6.145800	0.000000
6.150600	0.000000
6.155400	0.000000
6.160200	0.000000
6.165000	0.000000
6.169800	0.000000
6.174600	0.000000
6.179400	0.000000
6.184200	0.000000
6.189000	0.000000
6.193800	0.000000
6.198600	0.000000
6.203400	0.000000
6.208200	0.000000
6.213000	0.000000
6.217800	0.000000
6.222600	0.000000
6.227400	0.000000
6.232200	0.000000
6.237000	0.000000
6.241800	0.000000
6.246600	0.000000
6.251400	0.000000
6.256200	0.000000
6.261000	0.000000
6.265800	0.000000
6.270600	0.000000
6.275400	0.000000
6.280200	0.000000
6.285000	0.000000
6.289800	0.000000
6.294600	0.000000
6.299400	0.000000
6.304200	0.000000
6.309000	0.000000
6.313800	0.000000
6.318600	0.000000
6.323400	0.000000
6.328200	0.000000
6.333000	0.000000
6.337800	0.000000
6.342600	0.000000
6.347400	0.000000
6.352200	0.000000
6.357000	0.000000
6.361800	0.000000
6.366600	0.000000
6.371400	0.000000
6.376200	0.000000
6.381000	0.000000
6.385800	0.000000
6.390600	0.000000
6.395400	0.000000
6.400200	0.000000
6.405000	0.000000
6.409800	0.000000
6.414600	0.000000
6.419400	0.000000
6.424200	0.000000
6.429000	0.000000
6.433800	0.000000
6.438600	0.000000
6.443400	0.000000
6.448200	0.000000
6.453000	0.000000
6.457800	0.000000
6.462600	0.000000
6.467400	0.000000
6.472200	0.000000
6.477000	0.000000
6.481800	0.000000
6.486600	0.000000
6.491400	0.000000
6.496200	0.000000
6.501000	0.000000
6.505800	0.000000
6.510600	0.000000
6.515400	0.000000
6.520200	0.000000
6.525000	0.000000
6.529800	0.000000
6.534600	0.000000
6.539400	0.000000
6.544200	0.000000
6.549000	0.000000
6.553800	0.000000
6.558600	0.000000
6.563400	0.000000
6.568200	0.000000
6.573000	0.000000
6.577800	0.000000
6.582600	0.000000
6.587400	0.000000
6.592200	0.000000
6.597000	0.000000
6.601800	0.000000
6.606600	0.000000
6.611400	0.000000
6.616200	0.000000
6.621000	0.000000
6.625800	0.000000
6.630600	0.000000
6.635400	0.000000
6.640200	0.000000
6.645000	0.000000
6.649800	0.000000
6.654600	0.000000
6.659400	0.000000
6.664200	0.000000
6.669000	0.000000
6.673800	0.000000
6.678600	0.000000
6.683400	0.000000
6.688200	0.000000
6.693000	0.000000
6.697800	0.000000
6.702600	0.000000
6.707400	0.000000
6.712200	0.000000
6.717000	0.000000
6.721800	0.000000
6.726600	0.000000
6.731400	0.000000
6.736200	0.000000
6.741000	0.000000
6.745800	0.000000
6.750600	0.000000
6.755400	0.000000
6.760200	0.000000
6.765000	0.000000
6.769800	0.000000
6.774600	0.000000
6.779400	0.000000
6.784200	0.000000
6.789000	0.000000
6.793800	0.000000
6.798600	0.000000
6.803400	0.000000
6.808200	0.000000
6.813000	0.000000
6.817800	0.000000
6.822600	0.000000
6.827400	0.000000
6.832200	0.000000
6.837000	0.000000
6.841800	0.000000
6.846600	0.000000
6.851400	0.000000
6.856200	0.000000
6.861000	0.000000
6.865800	0.000000
6.870600	0.000000
6.875400	0.000000
6.880200	0.000000
6.885000	0.000000
6.889800	0.000000
6.894600	0.000000
6.899400	0.000000
6.904200	0.000000
6.909000	0.000000
6.913800	0.000000
6.918600	0.000000
6.923400	0.000000
6.928200	0.000000
6.933000	0.000000
6.937800	0.000000
6.942600	0.000000
6.947400	0.000000
6.952200	0.000000
6.957000	0.000000
6.961800	0.000000
6.966600	0.000000
6.971400	0.000000
6.976200	0.000000
6.981000	0.000000
6.985800	0.000000
6.990600	0.000000
6.995400	0.000000
7.000200	0.000000
7.005000	0.000000
7.009800	0.000000
7.014600	0.000000
7.019400	0.000000
7.024200	0.000000
7.029000	0.000000
7.033800	0.000000
7.038600	0.000000
7.043400	0.000000
7.048200	0.000000
7.053000	0.000000
7.057800	0.000000
7.062600	0.000000
7.067400	0.000000
7.072200	0.000000
7.077000	0.000000
7.081800	0.000000
7.086600	0.000000
7.091400	0.000000
7.096200	0.000000
7.101000	0.000000
7.105800	0.000000
7.110600	0.000000
7.115400	0.000000
7.120200	0.000000
7.125000	0.000000
7.129800	0.000000
7.134600	0.000000
7.139400	0.000000
7.144200	0.000000
7.149000	0.000000
7.153800	0.000000
7.158600	0.000000
7.163400	0.000000
7.168200	0.000000
7.173000	0.000000
7.177800	0.000000
7.182600	0.000000
7.187400	0.000000
7.192200	0.000000
7.197000	0.000000
7.201800	0.000000
7.206600	0.000000
7.211400	0.000000
7.216200	0.000000
7.221000	0.000000
7.225800	0.000000
7.230600	0.000000
7.235400	0.000000
7.240200	0.000000
7.245000	0.000000
7.249800	0.000000
7.254600	0.000000
7.259400	0.000000
7.264200	0.000000
7.269000	0.000000
7.273800	0.000000
7.278600	0.000000
7.283400	0.000000
7.288200	0.000000
7.293000	0.000000
7.297800	0.000000
7.302600	0.000000
7.307400	0.000000
7.312200	0.000000
7.317000	0.000000
7.321800	0.000000
7.326600	0.000000
7.331400	0.000000
7.336200	0.000000
7.341000	0.000000
7.345800	0.000000
7.350600	0.000000
7.355400	0.000000
7.360200	0.000000
7.365000	0.000000
7.369800	0.000000
7.374600	0.000000
7.379400	0.000000
7.384200	0.000000
7.389000	0.000000
7.393800	0.000000
7.398600	0.000000
7.403400	0.000000
7.408200	0.000000
7.413000	0.000000
7.417800	0.000000
7.422600	0.000000
7.427400	0.000000
7.432200	0.000000
7.437000	0.000000
7.441800	0.000000
7.446600	0.000000
7.451400	0.000000
7.456200	0.000000
7.461000	0.000000
7.465800	0.000000
7.470600	0.000000
7.475400	0.000000
7.480200	0.000000
7.485000	0.000000
7.489800	0.000000
7.494600	0.000000
7.499400	0.000000
7.504200	0.000000
7.509000	0.000000
7.513800	0.000000
7.518600	0.000000
7.523400	0.000000
7.528200	0.000000
7.533000	0.000000
7.537800	0.000000
7.542600	0.000000
7.547400	0.000000
7.552200	0.000000
7.557000	0.000000
7.561800	0.000000
7.566600	0.000000
7.571400	0.000000
7.576200	0.000000
7.581000	0.000000
7.585800	0.000000
7.590600	0.000000
7.595400	0.000000
7.600200	0.000000
7.605000	0.000000
7.609800	0.000000
7.614600	0.000000
7.619400	0.000000
7.624200	0.000000
7.629000	0.000000
7.633800	0.000000
7.638600	0.000000
7.643400	0.000000
7.648200	0.000000
7.653000	0.000000
7.657800	0.000000
7.662600	0.000000
7.667400	0.000000
7.672200	0.000000
7.677000	0.000000
7.681800	0.000000
7.686600	0.000000
7.691400	0.000000
7.696200	0.000000
7.701000	0.000000
7.705800	0.000000
7.710600	0.000000
7.715400	0.000000
7.720200	0.000000
7.725000	0.000000
7.729800	0.000000
7.734600	0.000000
7.739400	0.000000
7.744200	0.000000
7.749000	0.000000
7.753800	0.000000
7.758600	0.000000
7.763400	0.000000
7.768200	0.000000
7.773000	0.000000
7.777800	0.000000
7.782600	0.000000
7.787400	0.000000
7.792200	0.000000
7.797000	0.000000
7.801800	0.000000
7.806600	0.000000
7.811400	0.000000
7.816200	0.000000
7.821000	0.000000
7.825800	0.000000
7.830600	0.000000
7.835400	0.000000
7.840200	0.000000
7.845000	0.000000
7.849800	0.000000
7.854600	0.000000
7.859400	0.000000
7.864200	0.000000
7.869000	0.000000
7.873800	0.000000
7.878600	0.000000
7.883400	0.000000
7.888200	0.000000
7.893000	0.000000
7.897800	0.000000
7.902600	0.000000
7.907400	0.000000
7.912200	0.000000
7.917000	0.000000
7.921800	0.000000
7.926600	0.000000
7.931400	0.000000
7.936200	0.000000
7.941000	0.000000
7.945800	0.000000
7.950600	0.000000
7.955400	0.000000
7.960200	0.000000
7.965000	0.000000
7.969800	0.000000
7.974600	0.000000
7.979400	0.000000
7.984200	0.000000
7.989000	0.000000
7.993800	0.000000
7.998600	0.000000
8.003400	0.000000
8.008200	0.000000
8.013000	0.000000
8.017800	0.000000
8.022600	0.000000
8.027400	0.000000
8.032200	0.000000
8.037000	0.000000
8.041800	0.000000
8.046600	0.000000
8.051400	0.000000
8.056200	0.000000
8.061000	0.000000
8.065800	0.000000
8.070600	0.000000
8.075400	0.000000
8.080200	0.000000
8.085000	0.000000
8.089800	0.000000
8.094600	0.000000
8.099400	0.000000
8.104200	0.000000
8.109000	0.000000
8.113800	0.000000
8.118600	0.000000
8.123400	0.000000
8.128200	0.000000
8.133000	0.000000
8.137800	0.000000
8.142600	0.000000
8.147400	0.000000
8.152200	0.000000
8.157000	0.000000
8.161800	0.000000
8.166600	0.000000
8.171400	0.000000
8.176200	0.000000
8.181000	0.000000
8.185800	0.000000
8.190600	0.000000
8.195400	0.000000
8.200200	0.000000
8.205000	0.000000
8.209800	0.000000
8.214600	0.000000
8.219400	0.000000
8.224200	0.000000
8.229000	0.000000
8.233800	0.000000
8.238600	0.000000
8.243400	0.000000
8.248200	0.000000
8.253000	0.000000
8.257800	0.000000
8.262600	0.000000
8.267400	0.000000
8.272200	0.000000
8.277000	0.000000
8.281800	0.000000
8.286600	0.000000
8.291400	0.000000
8.296200	0.000000
8.301000	0.000000
8.305800	0.000000
8.310600	0.000000
8.315400	0.000000
8.320200	0.000000
8.325000	0.000000
8.329800	0.000000
8.334600	0.000000
8.339400	0.000000
8.344200	0.000000
8.349000	0.000000
8.353800	0.000000
8.358600	0.000000
8.363400	0.000000
8.368200	0.000000
8.373000	0.000000
8.377800	0.000000
8.382600	0.000000
8.387400	0.000000
8.392200	0.000000
8.397000	0.000000
8.401800	0.000000
8.406600	0.000000
8.411400	0.000000
8.416200	0.000000
8.421000	0.000000
8.425800	0.000000
8.430600	0.000000
8.435400	0.000000
8.440200	0.000000
8.445000	0.000000
8.449800	0.000000
8.454600	0.000000
8.459400	0.000000
8.464200	0.000000
8.469000	0.000000
8.473800	0.000000
8.478600	0.000000
8.483400	0.000000
8.488200	0.000000
8.493000	0.000000
8.497800	0.000000
8.502600	0.000000
8.507400	0.000000
8.512200	0.000000
8.517000	0.000000
8.521800	0.000000
8.526600	0.000000
8.531400	0.000000
8.536200	0.000000
8.541000	0.000000
8.545800	0.000000
8.550600	0.000000
8.555400	0.000000
8.560200	0.000000
8.565000	0.000000
8.569800	0.000000
8.574600	0.000000
8.579400	0.000000
8.584200	0.000000
8.589000	0.000000
8.593800	0.000000
8.598600	0.000000
8.603400	0.000000
8.608200	0.000000
8.613000	0.000000
8.617800	0.000000
8.622600	0.000000
8.627400	0.000000
8.632200	0.000000
8.637000	0.000000
8.641800	0.000000
8.646600	0.000000
8.651400	0.000000
8.656200	0.000000
8.661000	0.000000
8.665800	0.000000
8.670600	0.000000
8.675400	0.000000
8.680200	0.000000
8.685000	0.000000
8.689800	0.000000
8.694600	0.000000
8.699400	0.000000
8.704200	0.000000
8.709000	0.000000
8.713800	0.000000
8.718600	0.000000
8.723400	0.000000
8.728200	0.000000
8.733000	0.000000
8.737800	0.000000
8.742600	0.000000
8.747400	0.000000
8.752200	0.000000
8.757000	0.000000
8.761800	0.000000
8.766600	0.000000
8.771400	0.000000
8.776200	0.000000
8.781000	0.000000
8.785800	0.000000
8.790600	0.000000
8.795400	0.000000
8.800200	0.000000
8.805000	0.000000
8.809800	0.000000
8.814600	0.000000
8.819400	0.000000
8.824200	0.000000
8.829000	0.000000
8.833800	0.000000
8.838600	0.000000
8.843400	0.000000
8.848200	0.000000
8.853000	0.000000
8.857800	0.000000
8.862600	0.000000
8.867400	0.000000
8.872200	0.000000
8.877000	0.000000
8.881800	0.000000
8.886600	0.000000
8.891400	0.000000
8.896200	0.000000
8.901000	0.000000
8.905800	0.000000
8.910600	0.000000
8.915400	0.000000
8.920200	0.000000
8.925000	0.000000
8.929800	0.000000
8.934600	0.000000
8.939400	0.000000
8.944200	0.000000
8.949000	0.000000
8.953800	0.000000
8.958600	0.000000
8.963400	0.000000
8.968200	0.000000
8.973000	0.000000
8.977800	0.000000
8.982600	0.000000
8.987400	0.000000
8.992200	0.000000
8.997000	0.000000
9.001800	0.000000
9.006600	0.000000
9.011400	0.000000
9.016200	0.000000
9.021000	0.000000
9.025800	0.000000
9.030600	0.000000
9.035400	0.000000
9.040200	0.000000
9.045000	0.000000
9.049800	0.000000
9.054600	0.000000
9.059400	0.000000
9.064200	0.000000
9.069000	0.000000
9.073800	0.000000
9.078600	0.000000
9.083400	0.000000
9.088200	0.000000
9.093000	0.000000
9.097800	0.000000
9.102600	0.000000
9.107400	0.000000
9.112200	0.000000
9.117000	0.000000
9.121800	0.000000
9.126600	0.000000
9.131400	0.000000
9.136200	0.000000
9.141000	0.000000
9.145800	0.000000
9.150600	0.000000
9.155400	0.000000
9.160200	0.000000
9.165000	0.000000
9.169800	0.000000
9.174600	0.000000
9.179400	0.000000
9.184200	0.000000
9.189000	0.000000
9.193800	0.000000
9.198600	0.000000
9.203400	0.000000
9.208200	0.000000
9.213000	0.000000
9.217800	0.000000
9.222600	0.000000
9.227400	0.000000
9.232200	0.000000
9.237000	0.000000
9.241800	0.000000
9.246600	0.000000
9.251400	0.000000
9.256200	0.000000
9.261000	0.000000
9.265800	0.000000
9.270600	0.000000
9.275400	0.000000
9.280200	0.000000
9.285000	0.000000
9.289800	0.000000
9.294600	0.000000
9.299400	0.000000
9.304200	0.000000
9.309000	0.000000
9.313800	0.000000
9.318600	0.000000
9.323400	0.000000
9.328200	0.000000
9.333000	0.000000
9.337800	0.000000
9.342600	0.000000
9.347400	0.000000
9.352200	0.000000
9.357000	0.000000
9.361800	0.000000
9.366600	0.000000
9.371400	0.000000
9.376200	0.000000
9.381000	0.000000
9.385800	0.000000
9.390600	0.000000
9.395400	0.000000
9.400200	0.000000
9.405000	0.000000
9.409800	0.000000
9.414600	0.000000
9.419400	0.000000
9.424200	0.000000
9.429000	0.000000
9.433800	0.000000
9.438600	0.000000
9.443400	0.000000
9.448200	0.000000
9.453000	0.000000
9.457800	0.000000
9.462600	0.000000
9.467400	0.000000
9.472200	0.000000
9.477000	0.000000
9.481800	0.000000
9.486600	0.000000
9.491400	0.000000
9.496200	0.000000
9.501000	0.000000
9.505800	0.000000
9.510600	0.000000
9.515400	0.000000
9.520200	0.000000
9.525000	0.000000
9.529800	0.000000
9.534600	0.000000
9.539400	0.000000
9.544200	0.000000
9.549000	0.000000
9.553800	0.000000
9.558600	0.000000
9.563400	0.000000
9.568200	0.000000
9.573000	0.000000
9.577800	0.000000
9.582600	0.000000
9.587400	0.000000
9.592200	0.000000
9.597000	0.000000
9.601800	0.000000
9.606600	0.000000
9.611400	0.000000
9.616200	0.000000
9.621000	0.000000
9.625800	0.000000
9.630600	0.000000
9.635400	0.000000
9.640200	0.000000
9.645000	0.000000
9.649800	0.000000
9.654600	0.000000
9.659400	0.000000
9.664200	0.000000
9.669000	0.000000
9.673800	0.000000
9.678600	0.000000
9.683400	0.000000
9.688200	0.000000
9.693000	0.000000
9.697800	0.000000
9.702600	0.000000
9.707400	0.000000
9.712200	0.000000
9.717000	0.000000
9.721800	0.000000
9.726600	0.000000
9.731400	0.000000
9.736200	0.000000
9.741000	0.000000
9.745800	0.000000
9.750600	0.000000
9.755400	0.000000
9.760200	0.000000
9.765000	0.000000
9.769800	0.000000
9.774600	0.000000
9.779400	0.000000
9.784200	0.000000
9.789000	0.000000
9.793800	0.000000
9.798600	0.000000
9.803400	0.000000
9.808200	0.000000
9.813000	0.000000
9.817800	0.000000
9.822600	0.000000
9.827400	0.000000
9.832200	0.000000
9.837000	0.000000
9.841800	0.000000
9.846600	0.000000
9.851400	0.000000
9.856200	0.000000
9.861000	0.000000
9.865800	0.000000
9.870600	0.000000
9.875400	0.000000
9.880200	0.000000
9.885000	0.000000
9.889800	0.000000
9.894600	0.000000
9.899400	0.000000
9.904200	0.000000
9.909000	0.000000
9.913800	0.000000
9.918600	0.000000
9.923400	0.000000
9.928200	0.000000
9.933000	0.000000
9.937800	0.000000
9.942600	0.000000
9.947400	0.000000
9.952200	0.000000
9.957000	0.000000
9.961800	0.000000
9.966600	0.000000
9.971400	0.000000
9.976200	0.000000
9.981000	0.000000
9.985800	0.000000
9.990600	0.000000
9.995400	0.000000
10.000200	0.000000
10.005000	0.000000
10.009800	0.000000
10.014600	0.000000
10.019400	0.000000
10.024200	0.000000
10.029000	0.000000
10.033800	0.000000
10.038600	0.000000
10.043400	0.000000
10.048200	0.000000
10.053000	0.000000
10.057800	0.000000
10.062600	0.000000
10.067400	0.000000
10.072200	0.000000
10.077000	0.000000
10.081800	0.000000
10.086600	0.000000
10.091400	0.000000
10.096200	0.000000
10.101000	0.000000
10.105800	0.000000
10.110600	0.000000
10.115400	0.000000
10.120200	0.000000
10.125000	0.000000
10.129800	0.000000
10.134600	0.000000
10.139400	0.000000
10.144200	0.000000
10.149000	0.000000
10.153800	0.000000
10.158600	0.000000
10.163400	0.000000
10.168200	0.000000
10.173000	0.000000
10.177800	0.000000
10.182600	0.000000
10.187400	0.000000
10.192200	0.000000
10.197000	0.000000
10.201800	0.000000
10.206600	0.000000
10.211400	0.000000
10.216200	0.000000
10.221000	0.000000
10.225800	0.000000
10.230600	0.000000
10.235400	0.000000
10.240200	0.000000
10.245000	0.000000
10.249800	0.000000
10.254600	0.000000
10.259400	0.000000
10.264200	0.000000
10.269000	0.000000
10.273800	0.000000
10.278600	0.000000
10.283400	0.000000
10.288200	0.000000
10.293000	0.000000
10.297800	0.000000
10.302600	0.000000
10.307400	0.000000
10.312200	0.000000
10.317000	0.000000
10.321800	0.000000
10.326600	0.000000
10.331400	0.000000
10.336200	0.000000
10.341000	0.000000
10.345800	0.000000
10.350600	0.000000
10.355400	0.000000
10.360200	0.000000
10.365000	0.000000
10.369800	0.000000
10.374600	0.000000
10.379400	0.000000
10.384200	0.000000
10.389000	0.000000
10.393800	0.000000
10.398600	0.000000
10.403400	0.000000
10.408200	0.000000
10.413000	0.000000
10.417800	0.000000
10.422600	0.000000
10.427400	0.000000
10.432200	0.000000
10.437000	0.000000
10.441800	0.000000
10.446600	0.000000
10.451400	0.000000
10.456200	0.000000
10.461000	0.000000
10.465800	0.000000
10.470600	0.000000
10.475400	0.000000
10.480200	0.000000
10.485000	0.000000
10.489800	0.000000
10.494600	0.000000
10.499400	0.000000
10.504200	0.000000
10.509000	0.000000
10.513800	0.000000
10.518600	0.000000
10.523400	0.000000
10.528200	0.000000
10.533000	0.000000
10.537800	0.000000
10.542600	0.000000
10.547400	0.000000
10.552200	0.000000
10.557000	0.000000
10.561800	0.000000
10.566600	0.000000
10.571400	0.000000
10.576200	0.000000
10.581000	0.000000
10.585800	0.000000
10.590600	0.000000
10.595400	0.000000
10.600200	0.000000
10.605000	0.000000
10.609800	0.000000
10.614600	0.000000
10.619400	0.000000
10.624200	0.000000
10.629000	0.000000
10.633800	0.000000
10.638600	0.000000
10.643400	0.000000
10.648200	0.000000
10.653000	0.000000
10.657800	0.000000
10.662600	0.000000
10.667400	0.000000
10.672200	0.000000
10.677000	0.000000
10.681800	0.000000
10.686600	0.000000
10.691400	0.000000
10.696200	0.000000
10.701000	0.000000
10.705800	0.000000
10.710600	0.000000
10.715400	0.000000
10.720200	0.000000
10.725000	0.000000
10.729800	0.000000
10.734600	0.000000
10.739400	0.000000
10.744200	0.000000
10.749000	0.000000
10.753800	0.000000
10.758600	0.000000
10.763400	0.000000
10.768200	0.000000
10.773000	0.000000
10.777800	0.000000
10.782600	0.000000
10.787400	0.000000
10.792200	0.000000
10.797000	0.000000
10.801800	0.000000
10.806600	0.000000
10.811400	0.000000
10.816200	0.000000
10.821000	0.000000
10.825800	0.000000
10.830600	0.000000
10.835400	0.000000
10.840200	0.000000
10.845000	0.000000
10.849800	0.000000
10.854600	0.000000
10.859400	0.000000
10.864200	0.000000
10.869000	0.000000
10.873800	0.000000
10.878600	0.000000
10.883400	0.000000
10.888200	0.000000
10.893000	0.000000
10.897800	0.000000
10.902600	0.000000
10.907400	0.000000
10.912200	0.000000
10.917000	0.000000
10.921800	0.000000
10.926600	0.000000
10.931400	0.000000
10.936200	0.000000
10.941000	0.000000
10.945800	0.000000
10.950600	0.000000
10.955400	0.000000
10.960200	0.000000
10.965000	0.000000
10.969800	0.000000
10.974600	0.000000
10.979400	0.000000
10.984200	0.000000
10.989000	0.000000
10.993800	0.000000
10.998600	0.000000
11.003400	0.000000
11.008200	0.000000
11.013000	0.000000
11.017800	0.000000
11.022600	0.000000
11.027400	0.000000
11.032200	0.000000
11.037000	0.000000
11.041800	0.000000
11.046600	0.000000
11.051400	0.000000
11.056200	0.000000
11.061000	0.000000
11.065800	0.000000
11.070600	0.000000
11.075400	0.000000
11.080200	0.000000
11.085000	0.000000
11.089800	0.000000
11.094600	0.000000
11.099400	0.000000
11.104200	0.000000
11.109000	0.000000
11.113800	0.000000
11.118600	0.000000
11.123400	0.000000
11.128200	0.000000
11.133000	0.000000
11.137800	0.000000
11.142600	0.000000
11.147400	0.000000
11.152200	0.000000
11.157000	0.000000
11.161800	0.000000
11.166600	0.000000
11.171400	0.000000
11.176200	0.000000
11.181000	0.000000
11.185800	0.000000
11.190600	0.000000
11.195400	0.000000
11.200200	0.000000
11.205000	0.000000
11.209800	0.000000
11.214600	0.000000
11.219400	0.000000
11.224200	0.000000
11.229000	0.000000
11.233800	0.000000
11.238600	0.000000
11.243400	0.000000
11.248200	0.000000
11.253000	0.000000
11.257800	0.000000
11.262600	0.000000
11.267400	0.000000
11.272200	0.000000
11.277000	0.000000
11.281800	0.000000
11.286600	0.000000
11.291400	0.000000
11.296200	0.000000
11.301000	0.000000
11.305800	0.000000
11.310600	0.000000
11.315400	0.000000
11.320200	0.000000
11.325000	0.000000
11.329800	0.000000
11.334600	0.000000
11.339400	0.000000
11.344200	0.000000
11.349000	0.000000
11.353800	0.000000
11.358600	0.000000
11.363400	0.000000
11.368200	0.000000
11.373000	0.000000
11.377800	0.000000
11.382600	0.000000
11.387400	0.000000
11.392200	0.000000
11.397000	0.000000
11.401800	0.000000
11.406600	0.000000
11.411400	0.000000
11.416200	0.000000
11.421000	0.000000
11.425800	0.000000
11.430600	0.000000
11.435400	0.000000
11.440200	0.000000
11.445000	0.000000
11.449800	0.000000
11.454600	0.000000
11.459400	0.000000
11.464200	0.000000
11.469000	0.000000
11.473800	0.000000
11.478600	0.000000
11.483400	0.000000
11.488200	0.000000
11.493000	0.000000
11.497800	0.000000
11.502600	0.000000
11.507400	0.000000
11.512200	0.000000
11.517000	0.000000
11.521800	0.000000
11.526600	0.000000
11.531400	0.000000
11.536200	0.000000
11.541000	0.000000
11.545800	0.000000
11.550600	0.000000
11.555400	0.000000
11.560200	0.000000
11.565000	0.000000
11.569800	0.000000
11.574600	0.000000
11.579400	0.000000
11.584200	0.000000
11.589000	0.000000
11.593800	0.000000
11.598600	0.000000
11.603400	0.000000
11.608200	0.000000
11.613000	0.000000
11.617800	0.000000
11.622600	0.000000
11.627400	0.000000
11.632200	0.000000
11.637000	0.000000
11.641800	0.000000
11.646600	0.000000
11.651400	0.000000
11.656200	0.000000
11.661000	0.000000
11.665800	0.000000
11.670600	0.000000
11.675400	0.000000
11.680200	0.000000
11.685000	0.000000
11.689800	0.000000
11.694600	0.000000
11.699400	0.000000
11.704200	0.000000
11.709000	0.000000
11.713800	0.000000
11.718600	0.000000
11.723400	0.000000
11.728200	0.000000
11.733000	0.000000
11.737800	0.000000
11.742600	0.000000
11.747400	0.000000
11.752200	0.000000
11.757000	0.000000
11.761800	0.000000
11.766600	0.000000
11.771400	0.000000
11.776200	0.000000
11.781000	0.000000
11.785800	0.000000
11.790600	0.000000
11.795400	0.000000
11.800200	0.000000
11.805000	0.000000
11.809800	0.000000
11.814600	0.000000
11.819400	0.000000
11.824200	0.000000
11.829000	0.000000
11.833800	0.000000
11.838600	0.000000
11.843400	0.000000
11.848200	0.000000
11.853000	0.000000
11.857800	0.000000
11.862600	0.000000
11.867400	0.000000
11.872200	0.000000
11.877000	0.000000
11.881800	0.000000
11.886600	0.000000
11.891400	0.000000
11.896200	0.000000
11.901000	0.000000
11.905800	0.000000
11.910600	0.000000
11.915400	0.000000
11.920200	0.000000
11.925000	0.000000
11.929800	0.000000
11.934600	0.000000
11.939400	0.000000
11.944200	0.000000
11.949000	0.000000
11.953800	0.000000
11.958600	0.000000
11.963400	0.000000
11.968200	0.000000
11.973000	0.000000
11.977800	0.000000
11.982600	0.000000
11.987400	0.000000
11.992200	0.000000
11.997000	0.000000
12.001800	0.000000
12.006600	0.000000
12.011400	0.000000
12.016200	0.000000
12.021000	0.000000
12.025800	0.000000
12.030600	0.000000
12.035400	0.000000
12.040200	0.000000
12.045000	0.000000
12.049800	0.000000
12.054600	0.000000
12.059400	0.000000
12.064200	0.000000
12.069000	0.000000
12.073800	0.000000
12.078600	0.000000
12.083400	0.000000
12.088200	0.000000
12.093000	0.000000
12.097800	0.000000
12.102600	0.000000
12.107400	0.000000
12.112200	0.000000
12.117000	0.000000
12.121800	0.000000
12.126600	0.000000
12.131400	0.000000
12.136200	0.000000
12.141000	0.000000
12.145800	0.000000
12.150600	0.000000
12.155400	0.000000
12.160200	0.000000
12.165000	0.000000
12.169800	0.000000
12.174600	0.000000
12.179400	0.000000
12.184200	0.000000
12.189000	0.000000
12.193800	0.000000
12.198600	0.000000
12.203400	0.000000
12.208200	0.000000
12.213000	0.000000
12.217800	0.000000
12.222600	0.000000
12.227400	0.000000
12.232200	0.000000
12.237000	0.000000
12.241800	0.000000
12.246600	0.000000
12.251400	0.000000
12.256200	0.000000
12.261000	0.000000
12.265800	0.000000
12.270600	0.000000
12.275400	0.000000
12.280200	0.000000
12.285000	0.000000
12.289800	0.000000
12.294600	0.000000
12.299400	0.000000
12.304200	0.000000
12.309000	0.000000
12.313800	0.000000
12.318600	0.000000
12.323400	0.000000
12.328200	0.000000
12.333000	0.000000
12.337800	0.000000
12.342600	0.000000
12.347400	0.000000
12.352200	0.000000
12.357000	0.000000
12.361800	0.000000
12.366600	0.000000
12.371400	0.000000
12.376200	0.000000
12.381000	0.000000
12.385800	0.000000
12.390600	0.000000
12.395400	0.000000
12.400200	0.000000
12.405000	0.000000
12.409800	0.000000
12.414600	0.000000
12.419400	0.000000
12.424200	0.000000
12.429000	0.000000
12.433800	0.000000
12.438600	0.000000
12.443400	0.000000
12.448200	0.000000
12.453000	0.000000
12.457800	0.000000
12.462600	0.000000
12.467400	0.000000
12.472200	0.000000
12.477000	0.000000
12.481800	0.000000
12.486600	0.000000
12.491400	0.000000
12.496200	0.000000
12.501000	0.000000
12.505800	0.000000
12.510600	0.000000
12.515400	0.000000
12.520200	0.000000
12.525000	0.000000
12.529800	0.000000
12.534600	0.000000
12.539400	0.000000
12.544200	0.000000
12.549000	0.000000
12.553800	0.000000
12.558600	0.000000
12.563400	0.000000
12.568200	0.000000
12.573000	0.000000
12.577800	0.000000
12.582600	0.000000
12.587400	0.000000
12.592200	0.000000
12.597000	0.000000
12.601800	0.000000
12.606600	0.000000
12.611400	0.000000
12.616200	0.000000
12.621000	0.000000
12.625800	0.000000
12.630600	0.000000
12.635400	0.000000
12.640200	0.000000
12.645000	0.000000
12.649800	0.000000
12.654600	0.000000
12.659400	0.000000
12.664200	0.000000
12.669000	0.000000
12.673800	0.000000
12.678600	0.000000
12.683400	0.000000
12.688200	0.000000
12.693000	0.000000
12.697800	0.000000
12.702600	0.000000
12.707400	0.000000
12.712200	0.000000
12.717000	0.000000
12.721800	0.000000
12.726600	0.000000
12.731400	0.000000
12.736200	0.000000
12.741000	0.000000
12.745800	0.000000
12.750600	0.000000
12.755400	0.000000
12.760200	0.000000
12.765000	0.000000
12.769800	0.000000
12.774600	0.000000
12.779400	0.000000
12.784200	0.000000
12.789000	0.000000
12.793800	0.000000
12.798600	0.000000
12.803400	0.000000
12.808200	0.000000
12.813000	0.000000
12.817800	0.000000
12.822600	0.000000
12.827400	0.000000
12.832200	0.000000
12.837000	0.000000
12.841800	0.000000
12.846600	0.000000
12.851400	0.000000
12.856200	0.000000
12.861000	0.000000
12.865800	0.000000
12.870600	0.000000
12.875400	0.000000
12.880200	0.000000
12.885000	0.000000
12.889800	0.000000
12.894600	0.000000
12.899400	0.000000
12.904200	0.000000
12.909000	0.000000
12.913800	0.000000
12.918600	0.000000
12.923400	0.000000
12.928200	0.000000
12.933000	0.000000
12.937800	0.000000
12.942600	0.000000
12.947400	0.000000
12.952200	0.000000
12.957000	0.000000
12.961800	0.000000
12.966600	0.000000
12.971400	0.000000
12.976200	0.000000
12.981000	0.000000
12.985800	0.000000
12.990600	0.000000
12.995400	0.000000
13.000200	0.000000
13.005000	0.000000
13.009800	0.000000
13.014600	0.000000
13.019400	0.000000
13.024200	0.000000
13.029000	0.000000
13.033800	0.000000
13.038600	0.000000
13.043400	0.000000
13.048200	0.000000
13.053000	0.000000
13.057800	0.000000
13.062600	0.000000
13.067400	0.000000
13.072200	0.000000
13.077000	0.000000
13.081800	0.000000
13.086600	0.000000
13.091400	0.000000
13.096200	0.000000
13.101000	0.000000
13.105800	0.000000
13.110600	0.000000
13.115400	0.000000
13.120200	0.000000
13.125000	0.000000
13.129800	0.000000
13.134600	0.000000
13.139400	0.000000
13.144200	0.000000
13.149000	0.000000
13.153800	0.000000
13.158600	0.000000
13.163400	0.000000
13.168200	0.000000
13.173000	0.000000
13.177800	0.000000
13.182600	0.000000
13.187400	0.000000
13.192200	0.000000
13.197000	0.000000
13.201800	0.000000
13.206600	0.000000
13.211400	0.000000
13.216200	0.000000
13.221000	0.000000
13.225800	0.000000
13.230600	0.000000
13.235400	0.000000
13.240200	0.000000
13.245000	0.000000
13.249800	0.000000
13.254600	0.000000
13.259400	0.000000
13.264200	0.000000
13.269000	0.000000
13.273800	0.000000
13.278600	0.000000
13.283400	0.000000
13.288200	0.000000
13.293000	0.000000
13.297800	0.000000
13.302600	0.000000
13.307400	0.000000
13.312200	0.000000
13.317000	0.000000
13.321800	0.000000
13.326600	0.000000
13.331400	0.000000
13.336200	0.000000
13.341000	0.000000
13.345800	0.000000
13.350600	0.000000
13.355400	0.000000
13.360200	0.000000
13.365000	0.000000
13.369800	0.000000
13.374600	0.000000
13.379400	0.000000
13.384200	0.000000
13.389000	0.000000
13.393800	0.000000
13.398600	0.000000
13.403400	0.000000
13.408200	0.000000
13.413000	0.000000
13.417800	0.000000
13.422600	0.000000
13.427400	0.000000
13.432200	0.000000
13.437000	0.000000
13.441800	0.000000
13.446600	0.000000
13.451400	0.000000
13.456200	0.000000
13.461000	0.000000
13.465800	0.000000
13.470600	0.000000
13.475400	0.000000
13.480200	0.000000
13.485000	0.000000
13.489800	0.000000
13.494600	0.000000
13.499400	0.000000
13.504200	0.000000
13.509000	0.000000
13.513800	0.000000
13.518600	0.000000
13.523400	0.000000
13.528200	0.000000
13.533000	0.000000
13.537800	0.000000
13.542600	0.000000
13.547400	0.000000
13.552200	0.000000
13.557000	0.000000
13.561800	0.000000
13.566600	0.000000
13.571400	0.000000
13.576200	0.000000
13.581000	0.000000
13.585800	0.000000
13.590600	0.000000
13.595400	0.000000
13.600200	0.000000
13.605000	0.000000
13.609800	0.000000
13.614600	0.000000
13.619400	0.000000
13.624200	0.000000
13.629000	0.000000
13.633800	0.000000
13.638600	0.000000
13.643400	0.000000
13.648200	0.000000
13.653000	0.000000
13.657800	0.000000
13.662600	0.000000
13.667400	0.000000
13.672200	0.000000
13.677000	0.000000
13.681800	0.000000
13.686600	0.000000
13.691400	0.000000
13.696200	0.000000
13.701000	0.000000
13.705800	0.000000
13.710600	0.000000
13.715400	0.000000
13.720200	0.000000
13.725000	0.000000
13.729800	0.000000
13.734600	0.000000
13.739400	0.000000
13.744200	0.000000
13.749000	0.000000
13.753800	0.000000
13.758600	0.000000
13.763400	0.000000
13.768200	0.000000
13.773000	0.000000
13.777800	0.000000
13.782600	0.000000
13.787400	0.000000
13.792200	0.000000
13.797000	0.000000
13.801800	0.000000
13.806600	0.000000
13.811400	0.000000
13.816200	0.000000
13.821000	0.000000
13.825800	0.000000
13.830600	0.000000
13.835400	0.000000
13.840200	0.000000
13.845000	0.000000
13.849800	0.000000
13.854600	0.000000
13.859400	0.000000
13.864200	0.000000
13.869000	0.008019
13.873800	0.016204
13.878600	0.023414
13.883400	0.048677
13.888200	0.061731
13.893000	0.056429
13.897800	0.061990
13.902600	0.081510
13.907400	0.091262
13.912200	0.090256
13.917000	0.111198
13.921800	0.110574
13.926600	0.108620
13.931400	0.114431
13.936200	0.117340
13.941000	0.128565
13.945800	0.133116
13.950600	0.138903
13.955400	0.146360
13.960200	0.153953
13.965000	0.164827
13.969800	0.173128
13.974600	0.194909
13.979400	0.204025
13.984200	0.218196
13.989000	0.220491
13.993800	0.219595
13.998600	0.218947
14.003400	0.224110
14.008200	0.213826
14.013000	0.219794
14.017800	0.237418
14.022600	0.241969
14.027400	0.246754
14.032200	0.245844
14.037000	0.247191
14.041800	0.251864
14.046600	0.268420
14.051400	0.287273
14.056200	0.310137
14.061000	0.326022
14.065800	0.343381
14.070600	0.346936
14.075400	0.343288
14.080200	0.354138
14.085000	0.380926
14.089800	0.397534
14.094600	0.405038
14.099400	0.418441
14.104200	0.438669
14.109000	0.470737
14.113800	0.489548
14.118600	0.511139
14.123400	0.521038
14.128200	0.540963
14.133000	0.550017
14.137800	0.570733
14.142600	0.585697
14.147400	0.589772
14.152200	0.608181
14.157000	0.624968
14.161800	0.664194
14.166600	0.684347
14.171400	0.707960
14.176200	0.750797
14.181000	0.768804
14.185800	0.803871
14.190600	0.825248
14.195400	0.864129
14.200200	0.888441
14.205000	0.925448
14.209800	0.960318
14.214600	1.006189
14.219400	1.054507
14.224200	1.095801
14.229000	1.149502
14.233800	1.201422
14.238600	1.246805
14.243400	1.274459
14.248200	1.324634
14.253000	1.372832
14.257800	1.427180
14.262600	1.479074
14.267400	1.529934
14.272200	1.585611
14.277000	1.634962
14.281800	1.675375
14.286600	1.737622
14.291400	1.791980
14.296200	1.859677
14.301000	1.930791
14.305800	1.982900
14.310600	2.043935
14.315400	2.103471
14.320200	2.158789
14.325000	2.205365
14.329800	2.256375
14.334600	2.323416
14.339400	2.391352
14.344200	2.467338
14.349000	2.518626
14.353800	2.577445
14.358600	2.627812
14.363400	2.701193
14.368200	2.761606
14.373000	2.824843
14.377800	2.891596
14.382600	2.962298
14.387400	3.024929
14.392200	3.081040
14.397000	3.150744
14.401800	3.211483
14.406600	3.281318
14.411400	3.356925
14.416200	3.412821
14.421000	3.478510
14.425800	3.548778
14.430600	3.617629
14.435400	3.672182
14.440200	3.735717
14.445000	3.815324
14.449800	3.877810
14.454600	3.962344
14.459400	4.043614
14.464200	4.112075
14.469000	4.191135
14.473800	4.256491
14.478600	4.327773
14.483400	4.394455
14.488200	4.467994
14.493000	4.537934
14.497800	4.607522
14.502600	4.675162
14.507400	4.732255
14.512200	4.798467
14.517000	4.868246
14.521800	4.940009
14.526600	5.012862
14.531400	5.081235
14.536200	5.153435
14.541000	5.241707
14.545800	5.314305
14.550600	5.366562
14.555400	5.434631
14.560200	5.504024
14.565000	5.582080
14.569800	5.658721
14.574600	5.737424
14.579400	5.798774
14.584200	5.861438
14.589000	5.916561
14.593800	5.977034
14.598600	6.043125
14.603400	6.119810
14.608200	6.192472
14.613000	6.254897
14.617800	6.309027
14.622600	6.368027
14.627400	6.436863
14.632200	6.505983
14.637000	6.586216
14.641800	6.638439
14.646600	6.706029
14.651400	6.771673
14.656200	6.836945
14.661000	6.889573
14.665800	6.947226
14.670600	7.009749
14.675400	7.077478
14.680200	7.164108
14.685000	7.228060
14.689800	7.293348
14.694600	7.342653
14.699400	7.401143
14.704200	7.462639
14.709000	7.509941
14.713800	7.575705
14.718600	7.639724
14.723400	7.714468
14.728200	7.778579
14.733000	7.852230
14.737800	7.912053
14.742600	7.981927
14.747400	8.046317
14.752200	8.102078
14.757000	8.159364
14.761800	8.201948
14.766600	8.246552
14.771400	8.300953
14.776200	8.358168
14.781000	8.417149
14.785800	8.481811
14.790600	8.534196
14.795400	8.590757
14.800200	8.652082
14.805000	8.694942
14.809800	8.749419
14.814600	8.810590
14.819400	8.858321
14.824200	8.916197
14.829000	8.950924
14.833800	8.987119
14.838600	9.040566
14.843400	9.081202
14.848200	9.122264
14.853000	9.162339
14.857800	9.208459
14.862600	9.255373
14.867400	9.287335
14.872200	9.310262
14.877000	9.331163
14.881800	9.370749
14.886600	9.402510
14.891400	9.444595
14.896200	9.488825
14.901000	9.528130
14.905800	9.556095
14.910600	9.581354
14.915400	9.598928
14.920200	9.627532
14.925000	9.666737
14.929800	9.690345
14.934600	9.726070
14.939400	9.753458
14.944200	9.772260
14.949000	9.803010
14.953800	9.820527
14.958600	9.846066
14.963400	9.865050
14.968200	9.889095
14.973000	9.913434
14.977800	9.925897
14.982600	9.938503
14.987400	9.941499
14.992200	9.944208
14.997000	9.959414
15.001800	9.966716
15.006600	9.988975
15.011400	9.990689
15.016200	10.001149
15.021000	9.998641
15.025800	10.005511
15.030600	10.006992
15.035400	10.005008
15.040200	10.001461
15.045000	9.993365
15.049800	9.975165
15.054600	9.955780
15.059400	9.944302
15.064200	9.936589
15.069000	9.919853
15.073800	9.889149
15.078600	9.870979
15.083400	9.857559
15.088200	9.833387
15.093000	9.804518
15.097800	9.774880
15.102600	9.744226
15.107400	9.706279
15.112200	9.681683
15.117000	9.645877
15.121800	9.612911
15.126600	9.575226
15.131400	9.529912
15.136200	9.478166
15.141000	9.438381
15.145800	9.400186
15.150600	9.356348
15.155400	9.308230
15.160200	9.257773
15.165000	9.200369
15.169800	9.130670
15.174600	9.079811
15.179400	9.014673
15.184200	8.952042
15.189000	8.893986
15.193800	8.838685
15.198600	8.784072
15.203400	8.720441
15.208200	8.652716
15.213000	8.573087
15.217800	8.505038
15.222600	8.433265
15.227400	8.371506
15.232200	8.306340
15.237000	8.235512
15.241800	8.170605
15.246600	8.100159
15.251400	8.022544
15.256200	7.945011
15.261000	7.859672
15.265800	7.768042
15.270600	7.683147
15.275400	7.594078
15.280200	7.500523
15.285000	7.416596
15.289800	7.334818
15.294600	7.257390
15.299400	7.176781
15.304200	7.095184
15.309000	7.021151
15.313800	6.933806
15.318600	6.840942
15.323400	6.760060
15.328200	6.668825
15.333000	6.575004
15.337800	6.490313
15.342600	6.398045
15.347400	6.308512
15.352200	6.221891
15.357000	6.129852
15.361800	6.043090
15.366600	5.957385
15.371400	5.861354
15.376200	5.772646
15.381000	5.684117
15.385800	5.596705
15.390600	5.511490
15.395400	5.422492
15.400200	5.336694
15.405000	5.259740
15.409800	5.183179
15.414600	5.098809
15.419400	5.022724
15.424200	4.940541
15.429000	4.851425
15.433800	4.763580
15.438600	4.682473
15.443400	4.606663
15.448200	4.535031
15.453000	4.456330
15.457800	4.377371
15.462600	4.301425
15.467400	4.221496
15.472200	4.144753
15.477000	4.071263
15.481800	3.993166
15.486600	3.923325
15.491400	3.851098
15.496200	3.782571
15.501000	3.715931
15.505800	3.649861
15.510600	3.586633
15.515400	3.527992
15.520200	3.466697
15.525000	3.407111
15.529800	3.341591
15.534600	3.275249
15.539400	3.202264
15.544200	3.141398
15.549000	3.077346
15.553800	3.017246
15.558600	2.949892
15.563400	2.885803
15.568200	2.824842
15.573000	2.766544
15.577800	2.709336
15.582600	2.656804
15.587400	2.607220
15.592200	2.552217
15.597000	2.494133
15.601800	2.441009
15.606600	2.391313
15.611400	2.335679
15.616200	2.283931
15.621000	2.235335
15.625800	2.187713
15.630600	2.138278
15.635400	2.087572
15.640200	2.044074
15.645000	1.993645
15.649800	1.947948
15.654600	1.901401
15.659400	1.854601
15.664200	1.809877
15.669000	1.769766
15.673800	1.724031
15.678600	1.679678
15.683400	1.639977
15.688200	1.601863
15.693000	1.562751
15.697800	1.527970
15.702600	1.493536
15.707400	1.454732
15.712200	1.420975
15.717000	1.386382
15.721800	1.349642
15.726600	1.313589
15.731400	1.277324
15.736200	1.243179
15.741000	1.209803
15.745800	1.178674
15.750600	1.146404
15.755400	1.115821
15.760200	1.082447
15.765000	1.049467
15.769800	1.018597
15.774600	0.986258
15.779400	0.955393
15.784200	0.927140
15.789000	0.895162
15.793800	0.870809
15.798600	0.850902
15.803400	0.829295
15.808200	0.807599
15.813000	0.788810
15.817800	0.766072
15.822600	0.743195
15.827400	0.721838
15.832200	0.701214
15.837000	0.678132
15.841800	0.652514
15.846600	0.632050
15.851400	0.612357
15.856200	0.589617
15.861000	0.571858
15.865800	0.554479
15.870600	0.535473
15.875400	0.519657
15.880200	0.501492
15.885000	0.482960
15.889800	0.465298
15.894600	0.449744
15.899400	0.432043
15.904200	0.418601
15.909000	0.403540
15.913800	0.389659
15.918600	0.376197
15.923400	0.361181
15.928200	0.346992
15.933000	0.335346
15.937800	0.321638
15.942600	0.308380
15.947400	0.298187
15.952200	0.284783
15.957000	0.273079
15.961800	0.261931
15.966600	0.255986
15.971400	0.247021
15.976200	0.238385
15.981000	0.230069
15.985800	0.222065
15.990600	0.214362
15.995400	0.206951
16.000200	0.199823
16.005000	0.192969
16.009800	0.186379
16.014600	0.180043
16.019400	0.173953
16.024200	0.168099
16.029000	0.162471
16.033800	0.157060
16.038600	0.151858
16.043400	0.146853
16.048200	0.142038
16.053000	0.137402
16.057800	0.132936
16.062600	0.128631
16.067400	0.124478
16.072200	0.120467
16.077000	0.116588
16.081800	0.112832
16.086600	0.109191
16.091400	0.105654
16.096200	0.102212
16.101000	0.098856
16.105800	0.095576
16.110600	0.092363
16.115400	0.089207
16.120200	0.086100
16.125000	0.083032
16.129800	0.079993
16.134600	0.076974
16.139400	0.073965
16.144200	0.070958
16.149000	0.067943
16.153800	0.064910
16.158600	0.061850
16.163400	0.058754
16.168200	0.055612
16.173000	0.052415
16.177800	0.049154
16.182600	0.045818
16.187400	0.042400
16.192200	0.038889
16.197000	0.035275
16.201800	0.031551
16.206600	0.027705
16.211400	0.023729
16.216200	0.019614
16.221000	0.015350
16.225800	0.010927
16.230600	0.006337
