0.002000	0.743311
0.006800	0.773432
0.011600	0.802828
0.016400	0.831503
0.021200	0.859460
0.026000	0.886705
0.030800	0.913240
0.035600	0.939069
0.040400	0.964195
0.045200	0.988623
0.050000	1.012356
0.054800	1.035398
0.059600	1.057752
0.064400	1.079423
0.069200	1.100413
0.074000	1.120727
0.078800	1.140369
0.083600	1.159341
0.088400	1.177648
0.093200	1.195294
0.098000	1.212281
0.102800	1.228615
0.107600	1.244298
0.112400	1.259334
0.117200	1.273727
0.122000	1.287481
0.126800	1.300599
0.131600	1.313085
0.136400	1.324943
0.141200	1.336176
0.146000	1.346789
0.150800	1.356784
0.155600	1.366166
0.160400	1.374938
0.165200	1.383104
0.170000	1.390668
0.174800	1.397633
0.179600	1.404003
0.184400	1.409782
0.189200	1.414973
0.194000	1.419581
0.198800	1.423608
0.203600	1.427059
0.208400	1.429937
0.213200	1.432246
0.218000	1.433990
0.222800	1.435173
0.227600	1.435797
0.232400	1.435867
0.237200	1.435386
0.242000	1.434359
0.246800	1.432789
0.251600	1.430679
0.256400	1.428033
0.261200	1.424856
0.266000	1.421150
0.270800	1.408301
0.275600	1.386589
0.280400	1.381777
0.285200	1.370307
0.290000	1.363674
0.294800	1.343105
0.299600	1.328447
0.304400	1.329500
0.309200	1.317830
0.314000	1.309852
0.318800	1.295527
0.323600	1.291871
0.328400	1.285612
0.333200	1.268194
0.338000	1.252904
0.342800	1.241017
0.347600	1.227745
0.352400	1.221236
0.357200	1.204153
0.362000	1.202235
0.366800	1.185422
0.371600	1.172994
0.376400	1.162465
0.381200	1.137997
0.386000	1.128555
0.390800	1.114044
0.395600	1.097379
0.400400	1.067856
0.405200	1.047971
0.410000	1.042988
0.414800	1.031932
0.419600	1.018125
0.424400	0.989330
0.429200	0.974929
0.434000	0.950506
0.438800	0.947023
0.443600	0.932196
0.448400	0.913065
0.453200	0.911020
0.458000	0.897349
0.462800	0.889869
0.467600	0.866156
0.472400	0.849226
0.477200	0.836006
0.482000	0.837308
0.486800	0.817218
0.491600	0.817099
0.496400	0.798949
0.501200	0.793364
0.506000	0.799502
0.510800	0.798845
0.515600	0.803844
0.520400	0.811780
0.525200	0.823866
0.530000	0.820105
0.534800	0.796903
0.539600	0.795229
0.544400	0.808980
0.549200	0.811429
0.554000	0.830160
0.558800	0.832437
0.563600	0.830909
0.568400	0.812450
0.573200	0.812053
0.578000	0.831758
0.582800	0.823630
0.587600	0.856978
0.592400	0.858338
0.597200	0.853982
0.602000	0.854268
0.606800	0.859089
0.611600	0.868637
0.616400	0.891912
0.621200	0.897810
0.626000	0.899077
0.630800	0.914757
0.635600	0.940848
0.640400	0.952238
0.645200	0.938350
0.650000	0.945107
0.654800	0.951648
0.659600	0.961215
0.664400	0.989231
0.669200	0.983141
0.674000	0.991333
0.678800	0.980112
0.683600	0.985373
0.688400	1.009115
0.693200	1.036783
0.698000	1.068946
0.702800	1.086438
0.707600	1.094034
0.712400	1.126677
0.717200	1.151324
0.722000	1.188470
0.726800	1.195108
0.731600	1.213191
0.736400	1.222113
0.741200	1.251023
0.746000	1.281476
0.750800	1.290328
0.755600	1.286341
0.760400	1.280365
0.765200	1.295341
0.770000	1.304602
0.774800	1.314703
0.779600	1.313589
0.784400	1.332110
0.789200	1.327227
0.794000	1.311717
0.798800	1.293770
0.803600	1.297472
0.808400	1.316030
0.813200	1.309330
0.818000	1.312263
0.822800	1.298326
0.827600	1.304684
0.832400	1.326000
0.837200	1.304030
0.842000	1.304116
0.846800	1.297881
0.851600	1.294342
0.856400	1.281275
0.861200	1.280302
0.866000	1.282624
0.870800	1.282783
0.875600	1.268188
0.880400	1.267385
0.885200	1.259551
0.890000	1.244805
0.894800	1.203403
0.899600	1.192429
0.904400	1.177983
0.909200	1.147142
0.914000	1.145398
0.918800	1.129766
0.923600	1.108505
0.928400	1.095400
0.933200	1.100732
0.938000	1.086513
0.942800	1.054445
0.947600	1.038245
0.952400	1.000835
0.957200	1.006662
0.962000	0.998988
0.966800	1.002852
0.971600	0.966040
0.976400	0.955039
0.981200	0.956796
0.986000	0.938270
0.990800	0.922079
0.995600	0.898988
1.000400	0.911428
1.005200	0.913788
1.010000	0.919044
1.014800	0.900153
1.019600	0.908018
1.024400	0.887091
1.029200	0.900890
1.034000	0.912009
1.038800	0.904505
1.043600	0.905038
1.048400	0.898379
1.053200	0.886464
1.058000	0.873343
1.062800	0.891963
1.067600	0.906218
1.072400	0.913364
1.077200	0.915081
1.082000	0.926739
1.086800	0.918785
1.091600	0.926754
1.096400	0.929086
1.101200	0.945496
1.106000	0.962445
1.110800	0.965909
1.115600	0.981593
1.120400	0.959795
1.125200	0.974774
1.130000	1.003982
1.134800	1.018795
1.139600	1.025095
1.144400	1.052700
1.149200	1.042514
1.154000	1.051844
1.158800	1.064479
1.163600	1.066365
1.168400	1.056850
1.173200	1.050227
1.178000	1.070650
1.182800	1.079710
1.187600	1.094168
1.192400	1.107193
1.197200	1.119117
1.202000	1.138732
1.206800	1.152318
1.211600	1.197946
1.216400	1.219928
1.221200	1.213675
1.226000	1.234063
1.230800	1.248833
1.235600	1.261575
1.240400	1.280493
1.245200	1.286116
1.250000	1.289242
1.254800	1.265528
1.259600	1.303770
1.264400	1.302750
1.269200	1.289908
1.274000	1.275665
1.278800	1.279664
1.283600	1.272708
1.288400	1.269294
1.293200	1.280364
1.298000	1.236917
1.302800	1.242777
1.307600	1.233539
1.312400	1.225648
1.317200	1.201905
1.322000	1.200063
1.326800	1.207681
1.331600	1.203498
1.336400	1.192936
1.341200	1.175107
1.346000	1.168793
1.350800	1.162071
1.355600	1.161942
1.360400	1.167040
1.365200	1.138033
1.370000	1.129490
1.374800	1.115588
1.379600	1.092081
1.384400	1.084503
1.389200	1.064399
1.394000	1.030955
1.398800	1.017827
1.403600	0.990071
1.408400	0.980078
1.413200	0.945894
1.418000	0.911189
1.422800	0.891131
1.427600	0.896425
1.432400	0.871581
1.437200	0.842881
1.442000	0.845445
1.446800	0.824970
1.451600	0.802727
1.456400	0.796630
1.461200	0.780128
1.466000	0.757549
1.470800	0.757029
1.475600	0.748277
1.480400	0.731505
1.485200	0.736997
1.490000	0.719166
1.494800	0.707577
1.499600	0.699267
1.504400	0.719243
1.509200	0.729314
1.514000	0.716937
1.518800	0.702219
1.523600	0.701471
1.528400	0.702054
1.533200	0.690565
1.538000	0.689831
1.542800	0.679198
1.547600	0.681526
1.552400	0.687590
1.557200	0.710028
1.562000	0.712330
1.566800	0.709276
1.571600	0.731584
1.576400	0.750046
1.581200	0.756366
1.586000	0.768559
1.590800	0.782583
1.595600	0.777913
1.600400	0.792802
1.605200	0.810660
1.610000	0.814124
1.614800	0.810553
1.619600	0.807427
1.624400	0.815136
1.629200	0.834890
1.634000	0.852117
1.638800	0.843206
1.643600	0.847211
1.648400	0.864867
1.653200	0.893055
1.658000	0.883511
1.662800	0.879744
1.667600	0.878690
1.672400	0.890110
1.677200	0.880941
1.682000	0.893927
1.686800	0.896329
1.691600	0.919666
1.696400	0.925008
1.701200	0.942630
1.706000	0.964179
1.710800	0.969047
1.715600	0.991988
1.720400	1.014205
1.725200	1.023862
1.730000	1.018292
1.734800	1.017976
1.739600	1.019728
1.744400	1.010125
1.749200	1.004997
1.754000	1.035307
1.758800	1.030775
1.763600	1.019188
1.768400	1.004497
1.773200	1.004198
1.778000	1.007374
1.782800	1.008736
1.787600	1.023921
1.792400	0.997151
1.797200	0.976833
1.802000	0.971355
1.806800	0.959362
1.811600	0.939186
1.816400	0.936298
1.821200	0.938805
1.826000	0.924543
1.830800	0.953566
1.835600	0.947889
1.840400	0.940201
1.845200	0.936070
1.850000	0.945441
1.854800	0.936436
1.859600	0.902203
1.864400	0.916949
1.869200	0.913985
1.874000	0.917763
1.878800	0.912087
1.883600	0.897728
1.888400	0.895884
1.893200	0.873044
1.898000	0.858481
1.902800	0.859877
1.907600	0.843344
1.912400	0.843140
1.917200	0.834864
1.922000	0.849840
1.926800	0.852910
1.931600	0.841893
1.936400	0.842114
1.941200	0.829216
1.946000	0.831981
1.950800	0.838257
1.955600	0.859400
1.960400	0.849492
1.965200	0.865718
1.970000	0.884764
1.974800	0.889900
1.979600	0.902378
1.984400	0.908053
1.989200	0.906398
1.994000	0.915081
1.998800	0.931130
2.003600	0.926318
2.008400	0.947261
2.013200	0.956255
2.018000	0.986169
2.022800	1.006032
2.027600	1.005135
2.032400	0.992249
2.037200	0.982251
2.042000	0.957091
2.046800	0.953668
2.051600	0.948349
2.056400	0.959934
2.061200	0.977434
2.066000	0.986690
2.070800	0.987647
2.075600	0.993897
2.080400	1.005985
2.085200	1.021510
2.090000	1.026699
2.094800	1.041571
2.099600	1.044319
2.104400	1.021984
2.109200	1.011263
2.114000	1.027884
2.118800	1.042229
2.123600	1.047247
2.128400	1.060921
2.133200	1.061765
2.138000	1.045625
2.142800	1.047530
2.147600	1.065909
2.152400	1.077178
2.157200	1.084315
2.162000	1.078614
2.166800	1.073129
2.171600	1.096387
2.176400	1.105910
2.181200	1.089135
2.186000	1.068471
2.190800	1.080201
2.195600	1.091674
2.200400	1.089841
2.205200	1.090375
2.210000	1.090117
2.214800	1.097176
2.219600	1.103615
2.224400	1.070393
2.229200	1.076654
2.234000	1.070807
2.238800	1.066900
2.243600	1.064907
2.248400	1.050656
2.253200	1.040173
2.258000	1.037164
2.262800	1.038495
2.267600	1.048595
2.272400	1.051473
2.277200	1.049362
2.282000	1.052362
2.286800	1.013511
2.291600	1.011074
2.296400	1.005892
2.301200	1.017142
2.306000	0.992956
2.310800	0.976640
2.315600	0.964600
2.320400	0.951863
2.325200	0.946573
2.330000	0.962497
2.334800	0.980447
2.339600	0.974826
2.344400	0.982823
2.349200	0.978553
2.354000	0.958947
2.358800	0.967910
2.363600	0.967031
2.368400	0.950853
2.373200	0.945886
2.378000	0.959918
2.382800	0.937887
2.387600	0.932900
2.392400	0.957837
2.397200	0.925185
2.402000	0.919880
2.406800	0.907638
2.411600	0.899426
2.416400	0.894665
2.421200	0.888860
2.426000	0.887966
2.430800	0.888266
2.435600	0.891835
2.440400	0.913167
2.445200	0.933645
2.450000	0.939425
2.454800	0.911905
2.459600	0.911110
2.464400	0.909365
2.469200	0.909777
2.474000	0.931566
2.478800	0.947078
2.483600	0.941896
2.488400	0.935446
2.493200	0.946622
2.498000	0.948722
2.502800	0.964035
2.507600	0.962668
2.512400	0.963275
2.517200	0.969952
2.522000	0.968491
2.526800	0.957877
2.531600	0.943712
2.536400	0.939832
2.541200	0.919307
2.546000	0.904827
2.550800	0.875415
2.555600	0.860326
2.560400	0.855498
2.565200	0.870179
2.570000	0.863052
2.574800	0.870519
2.579600	0.880787
2.584400	0.909592
2.589200	0.917003
2.594000	0.917935
2.598800	0.924924
2.603600	0.937259
2.608400	0.960214
2.613200	0.961936
2.618000	0.946092
2.622800	0.941932
2.627600	0.950688
2.632400	0.971190
2.637200	0.996871
2.642000	1.018467
2.646800	1.025024
2.651600	1.028591
2.656400	1.035333
2.661200	1.039336
2.666000	1.042994
2.670800	1.078803
2.675600	1.091783
2.680400	1.091029
2.685200	1.102964
2.690000	1.093232
2.694800	1.094541
2.699600	1.087427
2.704400	1.062941
2.709200	1.059818
2.714000	1.074724
2.718800	1.102855
2.723600	1.096798
2.728400	1.083670
2.733200	1.084772
2.738000	1.093884
2.742800	1.105428
2.747600	1.101012
2.752400	1.098021
2.757200	1.126377
2.762000	1.117643
2.766800	1.118436
2.771600	1.118121
2.776400	1.137174
2.781200	1.133065
2.786000	1.123980
2.790800	1.129678
2.795600	1.131869
2.800400	1.115824
2.805200	1.109799
2.810000	1.094312
2.814800	1.076883
2.819600	1.087158
2.824400	1.074708
2.829200	1.067680
2.834000	1.055247
2.838800	1.068506
2.843600	1.063180
2.848400	1.063051
2.853200	1.059294
2.858000	1.054149
2.862800	1.031935
2.867600	1.010766
2.872400	1.012469
2.877200	1.006323
2.882000	1.009824
2.886800	1.005571
2.891600	0.995620
2.896400	0.973266
2.901200	0.985316
2.906000	0.979034
2.910800	0.948227
2.915600	0.951940
2.920400	0.938088
2.925200	0.906608
2.930000	0.911954
2.934800	0.901204
2.939600	0.897618
2.944400	0.892731
2.949200	0.899503
2.954000	0.883071
2.958800	0.883102
2.963600	0.893530
2.968400	0.878710
2.973200	0.857338
2.978000	0.824367
2.982800	0.801834
2.987600	0.815082
2.992400	0.819386
2.997200	0.812230
3.002000	0.816046
3.006800	0.807822
3.011600	0.799571
3.016400	0.813932
3.021200	0.806817
3.026000	0.809027
3.030800	0.797708
3.035600	0.764183
3.040400	0.742116
3.045200	0.712289
3.050000	0.691225
3.054800	0.695013
3.059600	0.694085
3.064400	0.691422
3.069200	0.691121
3.074000	0.681886
3.078800	0.682110
3.083600	0.689619
3.088400	0.674904
3.093200	0.679962
3.098000	0.659526
3.102800	0.667422
3.107600	0.685737
3.112400	0.680159
3.117200	0.678928
3.122000	0.668457
3.126800	0.675066
3.131600	0.661584
3.136400	0.654749
3.141200	0.622021
3.146000	0.630474
3.150800	0.649754
3.155600	0.666638
3.160400	0.662487
3.165200	0.657204
3.170000	0.657900
3.174800	0.651169
3.179600	0.643445
3.184400	0.645136
3.189200	0.651191
3.194000	0.642584
3.198800	0.647762
3.203600	0.630197
3.208400	0.622185
3.213200	0.610025
3.218000	0.602414
3.222800	0.599815
3.227600	0.592862
3.232400	0.596817
3.237200	0.610066
3.242000	0.608137
3.246800	0.600609
3.251600	0.576943
3.256400	0.580243
3.261200	0.586523
3.266000	0.594354
3.270800	0.569573
3.275600	0.551846
3.280400	0.550483
3.285200	0.549479
3.290000	0.530501
3.294800	0.526581
3.299600	0.525158
3.304400	0.519927
3.309200	0.488064
3.314000	0.492344
3.318800	0.498776
3.323600	0.479769
3.328400	0.456661
3.333200	0.446036
3.338000	0.441877
3.342800	0.440082
3.347600	0.444648
3.352400	0.446047
3.357200	0.441329
3.362000	0.445589
3.366800	0.447808
3.371600	0.435977
3.376400	0.445761
3.381200	0.440123
3.386000	0.446056
3.390800	0.444428
3.395600	0.453426
3.400400	0.448760
3.405200	0.448706
3.410000	0.436894
3.414800	0.432085
3.419600	0.442448
3.424400	0.428123
3.429200	0.450162
3.434000	0.428493
3.438800	0.429156
3.443600	0.427216
3.448400	0.421936
3.453200	0.434107
3.458000	0.455976
3.462800	0.473413
3.467600	0.485887
3.472400	0.489752
3.477200	0.504283
3.482000	0.509952
3.486800	0.533959
3.491600	0.541803
3.496400	0.550787
3.501200	0.561723
3.506000	0.572623
3.510800	0.608723
3.515600	0.644614
3.520400	0.655518
3.525200	0.663679
3.530000	0.696258
3.534800	0.707702
3.539600	0.712916
3.544400	0.723400
3.549200	0.713514
3.554000	0.723363
3.558800	0.724492
3.563600	0.737668
3.568400	0.741357
3.573200	0.758816
3.578000	0.794284
3.582800	0.813412
3.587600	0.814385
3.592400	0.835119
3.597200	0.843164
3.602000	0.845855
3.606800	0.864792
3.611600	0.895408
3.616400	0.898987
3.621200	0.924558
3.626000	0.935346
3.630800	0.973633
3.635600	0.994702
3.640400	0.994680
3.645200	1.014716
3.650000	1.014740
3.654800	1.018522
3.659600	1.005979
3.664400	1.028730
3.669200	1.033711
3.674000	1.071174
3.678800	1.078196
3.683600	1.087248
3.688400	1.079526
3.693200	1.082579
3.698000	1.091561
3.702800	1.092068
3.707600	1.091461
3.712400	1.099611
3.717200	1.097416
3.722000	1.095149
3.726800	1.096905
3.731600	1.097321
3.736400	1.078601
3.741200	1.057652
3.746000	1.046095
3.750800	1.021683
3.755600	1.008438
3.760400	1.002972
3.765200	0.991521
3.770000	0.972256
3.774800	0.955477
3.779600	0.934548
3.784400	0.932142
3.789200	0.914305
3.794000	0.895600
3.798800	0.870288
3.803600	0.858524
3.808400	0.844967
3.813200	0.822267
3.818000	0.798928
3.822800	0.776119
3.827600	0.756211
3.832400	0.736516
3.837200	0.706567
3.842000	0.703889
3.846800	0.670425
3.851600	0.655554
3.856400	0.628565
3.861200	0.626246
3.866000	0.621675
3.870800	0.596529
3.875600	0.576747
3.880400	0.551096
3.885200	0.519257
3.890000	0.511188
3.894800	0.495497
3.899600	0.467795
3.904400	0.446144
3.909200	0.415252
3.914000	0.399362
3.918800	0.370421
3.923600	0.355354
3.928400	0.346784
3.933200	0.339067
3.938000	0.321930
3.942800	0.323788
3.947600	0.304599
3.952400	0.292249
3.957200	0.296273
3.962000	0.275128
3.966800	0.274379
3.971600	0.274439
3.976400	0.278900
3.981200	0.283959
3.986000	0.271283
3.990800	0.270361
3.995600	0.255337
4.000400	0.256704
4.005200	0.270327
4.010000	0.270896
4.014800	0.259957
4.019600	0.267773
4.024400	0.283878
4.029200	0.280752
4.034000	0.298069
4.038800	0.304889
4.043600	0.298726
4.048400	0.297248
4.053200	0.308393
4.058000	0.316166
4.062800	0.306262
4.067600	0.312074
4.072400	0.327434
4.077200	0.317091
4.082000	0.351279
4.086800	0.361762
4.091600	0.376552
4.096400	0.391210
4.101200	0.427625
4.106000	0.446287
4.110800	0.446348
4.115600	0.460997
4.120400	0.481629
4.125200	0.472974
4.130000	0.487541
4.134800	0.502722
4.139600	0.519284
4.144400	0.514215
4.149200	0.529826
4.154000	0.544081
4.158800	0.557479
4.163600	0.557035
4.168400	0.552958
4.173200	0.556885
4.178000	0.559890
4.182800	0.559281
4.187600	0.577822
4.192400	0.605047
4.197200	0.608279
4.202000	0.627836
4.206800	0.630753
4.211600	0.631555
4.216400	0.625918
4.221200	0.643186
4.226000	0.656344
4.230800	0.655190
4.235600	0.657180
4.240400	0.660312
4.245200	0.650492
4.250000	0.646005
4.254800	0.628165
4.259600	0.638222
4.264400	0.607559
4.269200	0.612414
4.274000	0.625691
4.278800	0.630371
4.283600	0.632640
4.288400	0.639078
4.293200	0.640281
4.298000	0.642009
4.302800	0.644314
4.307600	0.652418
4.312400	0.660618
4.317200	0.643760
4.322000	0.639684
4.326800	0.624989
4.331600	0.619787
4.336400	0.619214
4.341200	0.607579
4.346000	0.602607
4.350800	0.590680
4.355600	0.596379
4.360400	0.588297
4.365200	0.574063
4.370000	0.572595
4.374800	0.553224
4.379600	0.560477
4.384400	0.544775
4.389200	0.551729
4.394000	0.544847
4.398800	0.527933
4.403600	0.523619
4.408400	0.526389
4.413200	0.523876
4.418000	0.527276
4.422800	0.520741
4.427600	0.500270
4.432400	0.493739
4.437200	0.491666
4.442000	0.495906
4.446800	0.489609
4.451600	0.492920
4.456400	0.497735
4.461200	0.480089
4.466000	0.476470
4.470800	0.483004
4.475600	0.472607
4.480400	0.473860
4.485200	0.474532
4.490000	0.469248
4.494800	0.457051
4.499600	0.469323
4.504400	0.462945
4.509200	0.470968
4.514000	0.468099
4.518800	0.486510
4.523600	0.490650
4.528400	0.494261
4.533200	0.505059
4.538000	0.497254
4.542800	0.502322
4.547600	0.523730
4.552400	0.525873
4.557200	0.508864
4.562000	0.506727
4.566800	0.500195
4.571600	0.514695
4.576400	0.520791
4.581200	0.511846
4.586000	0.515849
4.590800	0.512006
4.595600	0.528408
4.600400	0.537061
4.605200	0.527098
4.610000	0.562695
4.614800	0.551177
4.619600	0.566181
4.624400	0.559858
4.629200	0.539949
4.634000	0.529608
4.638800	0.520945
4.643600	0.519977
4.648400	0.509177
4.653200	0.493858
4.658000	0.504545
4.662800	0.495830
4.667600	0.497061
4.672400	0.503945
4.677200	0.512993
4.682000	0.515854
4.686800	0.513079
4.691600	0.506624
4.696400	0.500591
4.701200	0.508483
4.706000	0.515765
4.710800	0.507593
4.715600	0.515009
4.720400	0.513102
4.725200	0.501813
4.730000	0.502019
4.734800	0.496867
4.739600	0.501507
4.744400	0.500980
4.749200	0.512550
4.754000	0.509955
4.758800	0.494775
4.763600	0.492824
4.768400	0.496856
4.773200	0.502305
4.778000	0.510359
4.782800	0.507782
4.787600	0.527259
4.792400	0.512937
4.797200	0.531452
4.802000	0.527965
4.806800	0.520551
4.811600	0.513152
4.816400	0.534579
4.821200	0.523878
4.826000	0.512097
4.830800	0.494258
4.835600	0.484204
4.840400	0.461040
4.845200	0.442230
4.850000	0.430990
4.854800	0.422131
4.859600	0.419679
4.864400	0.409631
4.869200	0.406152
4.874000	0.406208
4.878800	0.395341
4.883600	0.408374
4.888400	0.397472
4.893200	0.404862
4.898000	0.406408
4.902800	0.410396
4.907600	0.417705
4.912400	0.406452
4.917200	0.400423
4.922000	0.382216
4.926800	0.361653
4.931600	0.352810
4.936400	0.349032
4.941200	0.337055
4.946000	0.337393
4.950800	0.329951
4.955600	0.310444
4.960400	0.304619
4.965200	0.302378
4.970000	0.306418
4.974800	0.298613
4.979600	0.304845
4.984400	0.302004
4.989200	0.290818
4.994000	0.304115
4.998800	0.297713
5.003600	0.294836
5.008400	0.292306
5.013200	0.296435
5.018000	0.287502
5.022800	0.295139
5.027600	0.318745
5.032400	0.310791
5.037200	0.312243
5.042000	0.311875
5.046800	0.318931
5.051600	0.317733
5.056400	0.310332
5.061200	0.322764
5.066000	0.313073
5.070800	0.314445
5.075600	0.311879
5.080400	0.310744
5.085200	0.302267
5.090000	0.316868
5.094800	0.335019
5.099600	0.336303
5.104400	0.338735
5.109200	0.342911
5.114000	0.364252
5.118800	0.364077
5.123600	0.385821
5.128400	0.375230
5.133200	0.372145
5.138000	0.382726
5.142800	0.363416
5.147600	0.362069
5.152400	0.339203
5.157200	0.345854
5.162000	0.353003
5.166800	0.349856
5.171600	0.356430
5.176400	0.367242
5.181200	0.391004
5.186000	0.399466
5.190800	0.406403
5.195600	0.430307
5.200400	0.442309
5.205200	0.436429
5.210000	0.434226
5.214800	0.434639
5.219600	0.441548
5.224400	0.454596
5.229200	0.463140
5.234000	0.459226
5.238800	0.453130
5.243600	0.474222
5.248400	0.491924
5.253200	0.507283
5.258000	0.517552
5.262800	0.527456
5.267600	0.539710
5.272400	0.535717
5.277200	0.545260
5.282000	0.540633
5.286800	0.547567
5.291600	0.556508
5.296400	0.561045
5.301200	0.558046
5.306000	0.549735
5.310800	0.556263
5.315600	0.560670
5.320400	0.557678
5.325200	0.551796
5.330000	0.544855
5.334800	0.544668
5.339600	0.535550
5.344400	0.542016
5.349200	0.515577
5.354000	0.532809
5.358800	0.536809
5.363600	0.547407
5.368400	0.555941
5.373200	0.567340
5.378000	0.576297
5.382800	0.589688
5.387600	0.594946
5.392400	0.600760
5.397200	0.601517
5.402000	0.597536
5.406800	0.602980
5.411600	0.618753
5.416400	0.600567
5.421200	0.602072
5.426000	0.580537
5.430800	0.571903
5.435600	0.550249
5.440400	0.540272
5.445200	0.529755
5.450000	0.515202
5.454800	0.522744
5.459600	0.530962
5.464400	0.530114
5.469200	0.517203
5.474000	0.506900
5.478800	0.492550
5.483600	0.485791
5.488400	0.482392
5.493200	0.485943
5.498000	0.484576
5.502800	0.475174
5.507600	0.476923
5.512400	0.462893
5.517200	0.462568
5.522000	0.471342
5.526800	0.458182
5.531600	0.462635
5.536400	0.452417
5.541200	0.460857
5.546000	0.468480
5.550800	0.490501
5.555600	0.493547
5.560400	0.476979
5.565200	0.473890
5.570000	0.481911
5.574800	0.471129
5.579600	0.468215
5.584400	0.467198
5.589200	0.473548
5.594000	0.467176
5.598800	0.482255
5.603600	0.494216
5.608400	0.511150
5.613200	0.514792
5.618000	0.516088
5.622800	0.520615
5.627600	0.510601
5.632400	0.507351
5.637200	0.494886
5.642000	0.489331
5.646800	0.477692
5.651600	0.480661
5.656400	0.461490
5.661200	0.468908
5.666000	0.466123
5.670800	0.470163
5.675600	0.471222
5.680400	0.477263
5.685200	0.487859
5.690000	0.482173
5.694800	0.503830
5.699600	0.519284
5.704400	0.526384
5.709200	0.525796
5.714000	0.504478
5.718800	0.513712
5.723600	0.506109
5.728400	0.493944
5.733200	0.486613
5.738000	0.492915
5.742800	0.492157
5.747600	0.504530
5.752400	0.494793
5.757200	0.491817
5.762000	0.501142
5.766800	0.515168
5.771600	0.527161
5.776400	0.517802
5.781200	0.513134
5.786000	0.505018
5.790800	0.517084
5.795600	0.516040
5.800400	0.512019
5.805200	0.523991
5.810000	0.529750
5.814800	0.532125
5.819600	0.523323
5.824400	0.529816
5.829200	0.538279
5.834000	0.539801
5.838800	0.548767
5.843600	0.543430
5.848400	0.558843
5.853200	0.554108
5.858000	0.576356
5.862800	0.587606
5.867600	0.601411
5.872400	0.623811
5.877200	0.626090
5.882000	0.642230
5.886800	0.631527
5.891600	0.639818
5.896400	0.638831
5.901200	0.632098
5.906000	0.628861
5.910800	0.625581
5.915600	0.625107
5.920400	0.627030
5.925200	0.615263
5.930000	0.624287
5.934800	0.628921
5.939600	0.614304
5.944400	0.589146
5.949200	0.587070
5.954000	0.565593
5.958800	0.570372
5.963600	0.573248
5.968400	0.573994
5.973200	0.566255
5.978000	0.579295
5.982800	0.582308
5.987600	0.558932
5.992400	0.543822
5.997200	0.534870
6.002000	0.538638
6.006800	0.537681
6.011600	0.541857
6.016400	0.538978
6.021200	0.555621
6.026000	0.558771
6.030800	0.559461
6.035600	0.559618
6.040400	0.560445
6.045200	0.575651
6.050000	0.583153
6.054800	0.578487
6.059600	0.579924
6.064400	0.585492
6.069200	0.598037
6.074000	0.599906
6.078800	0.595874
6.083600	0.576073
6.088400	0.564267
6.093200	0.568393
6.098000	0.575727
6.102800	0.564558
6.107600	0.581244
6.112400	0.588977
6.117200	0.588919
6.122000	0.588407
6.126800	0.589767
6.131600	0.570721
6.136400	0.559058
6.141200	0.534066
6.146000	0.522774
6.150800	0.525069
6.155600	0.520659
6.160400	0.515024
6.165200	0.524295
6.170000	0.537006
6.174800	0.541554
6.179600	0.539084
6.184400	0.526888
6.189200	0.532851
6.194000	0.520110
6.198800	0.514203
6.203600	0.495727
6.208400	0.497971
6.213200	0.485409
6.218000	0.492779
6.222800	0.491329
6.227600	0.478824
6.232400	0.461238
6.237200	0.445846
6.242000	0.434018
6.246800	0.429433
6.251600	0.417961
6.256400	0.426953
6.261200	0.421902
6.266000	0.430645
6.270800	0.415880
6.275600	0.414247
6.280400	0.401151
6.285200	0.414735
6.290000	0.410933
6.294800	0.403825
6.299600	0.397265
6.304400	0.407499
6.309200	0.418557
6.314000	0.407942
6.318800	0.424160
6.323600	0.418464
6.328400	0.426784
6.333200	0.434622
6.338000	0.418724
6.342800	0.416352
6.347600	0.418796
6.352400	0.427698
6.357200	0.429377
6.362000	0.427828
6.366800	0.439314
6.371600	0.442364
6.376400	0.440432
6.381200	0.433463
6.386000	0.436666
6.390800	0.409167
6.395600	0.412605
6.400400	0.398091
6.405200	0.390348
6.410000	0.391450
6.414800	0.388531
6.419600	0.392909
6.424400	0.383526
6.429200	0.385934
6.434000	0.388365
6.438800	0.395300
6.443600	0.397985
6.448400	0.388492
6.453200	0.375300
6.458000	0.392128
6.462800	0.384008
6.467600	0.370385
6.472400	0.371036
6.477200	0.374108
6.482000	0.377971
6.486800	0.387354
6.491600	0.381491
6.496400	0.378480
6.501200	0.388880
6.506000	0.397769
6.510800	0.374581
6.515600	0.379221
6.520400	0.403207
6.525200	0.407716
6.530000	0.429116
6.534800	0.436066
6.539600	0.445291
6.544400	0.452606
6.549200	0.451738
6.554000	0.440033
6.558800	0.441812
6.563600	0.456202
6.568400	0.468833
6.573200	0.475420
6.578000	0.464068
6.582800	0.453841
6.587600	0.458701
6.592400	0.457963
6.597200	0.457014
6.602000	0.455484
6.606800	0.449909
6.611600	0.440907
6.616400	0.447916
6.621200	0.455780
6.626000	0.458753
6.630800	0.458559
6.635600	0.469953
6.640400	0.462661
6.645200	0.456861
6.650000	0.456016
6.654800	0.456674
6.659600	0.459378
6.664400	0.467113
6.669200	0.475667
6.674000	0.495076
6.678800	0.496961
6.683600	0.485644
6.688400	0.468924
6.693200	0.462740
6.698000	0.453039
6.702800	0.428572
6.707600	0.418023
6.712400	0.417501
6.717200	0.416606
6.722000	0.396899
6.726800	0.399512
6.731600	0.394385
6.736400	0.407905
6.741200	0.403212
6.746000	0.415379
6.750800	0.403286
6.755600	0.397990
6.760400	0.386182
6.765200	0.388008
6.770000	0.392378
6.774800	0.398418
6.779600	0.413130
6.784400	0.415030
6.789200	0.408940
6.794000	0.413095
6.798800	0.402448
6.803600	0.424749
6.808400	0.435260
6.813200	0.441939
6.818000	0.437549
6.822800	0.449005
6.827600	0.450334
6.832400	0.452788
6.837200	0.434487
6.842000	0.416621
6.846800	0.438809
6.851600	0.415856
6.856400	0.404208
6.861200	0.383065
6.866000	0.371918
6.870800	0.373454
6.875600	0.366596
6.880400	0.358952
6.885200	0.349216
6.890000	0.351127
6.894800	0.345402
6.899600	0.330790
6.904400	0.328209
6.909200	0.333163
6.914000	0.320656
6.918800	0.308156
6.923600	0.328404
6.928400	0.319219
6.933200	0.329839
6.938000	0.334006
6.942800	0.336930
6.947600	0.338258
6.952400	0.334772
6.957200	0.340760
6.962000	0.337809
6.966800	0.328492
6.971600	0.316927
6.976400	0.306023
6.981200	0.315909
6.986000	0.317614
6.990800	0.301639
6.995600	0.300128
7.000400	0.301369
7.005200	0.294390
7.010000	0.289501
7.014800	0.285560
7.019600	0.296686
7.024400	0.299024
7.029200	0.294470
7.034000	0.293691
7.038800	0.279895
7.043600	0.283755
7.048400	0.260180
7.053200	0.238609
7.058000	0.244160
7.062800	0.223634
7.067600	0.207016
7.072400	0.195132
7.077200	0.183513
7.082000	0.188728
7.086800	0.192751
7.091600	0.206070
7.096400	0.201097
7.101200	0.200025
7.106000	0.185800
7.110800	0.186327
7.115600	0.179907
7.120400	0.157240
7.125200	0.167061
7.130000	0.164467
7.134800	0.159480
7.139600	0.154707
7.144400	0.165336
7.149200	0.168546
7.154000	0.166590
7.158800	0.175648
7.163600	0.176538
7.168400	0.172951
7.173200	0.171319
7.178000	0.168851
7.182800	0.165242
7.187600	0.167951
7.192400	0.159581
7.197200	0.157316
7.202000	0.145626
7.206800	0.122808
7.211600	0.107940
7.216400	0.118178
7.221200	0.140397
7.226000	0.163225
7.230800	0.161231
7.235600	0.177031
7.240400	0.184565
7.245200	0.188830
7.250000	0.195793
7.254800	0.220194
7.259600	0.222661
7.264400	0.250748
7.269200	0.250636
7.274000	0.262010
7.278800	0.264951
7.283600	0.281290
7.288400	0.307064
7.293200	0.327453
7.298000	0.337909
7.302800	0.335575
7.307600	0.333964
7.312400	0.339572
7.317200	0.353756
7.322000	0.356444
7.326800	0.369807
7.331600	0.385569
7.336400	0.376425
7.341200	0.380918
7.346000	0.387811
7.350800	0.387166
7.355600	0.377334
7.360400	0.376723
7.365200	0.373369
7.370000	0.375740
7.374800	0.397699
7.379600	0.378021
7.384400	0.386854
7.389200	0.397500
7.394000	0.420985
7.398800	0.419069
7.403600	0.419076
7.408400	0.419810
7.413200	0.433518
7.418000	0.440373
7.422800	0.435591
7.427600	0.429841
7.432400	0.434263
7.437200	0.430163
7.442000	0.425155
7.446800	0.433342
7.451600	0.452501
7.456400	0.452736
7.461200	0.456555
7.466000	0.454820
7.470800	0.444036
7.475600	0.447977
7.480400	0.445759
7.485200	0.436946
7.490000	0.424863
7.494800	0.419278
7.499600	0.423381
7.504400	0.408315
7.509200	0.399384
7.514000	0.382251
7.518800	0.370422
7.523600	0.357875
7.528400	0.341471
7.533200	0.329224
7.538000	0.326581
7.542800	0.326269
7.547600	0.305605
7.552400	0.278121
7.557200	0.270645
7.562000	0.252604
7.566800	0.222361
7.571600	0.205283
7.576400	0.193819
7.581200	0.207375
7.586000	0.210890
7.590800	0.202368
7.595600	0.198523
7.600400	0.203138
7.605200	0.218562
7.610000	0.212175
7.614800	0.209281
7.619600	0.208771
7.624400	0.175760
7.629200	0.144662
7.634000	0.115834
7.638800	0.116868
7.643600	0.111564
7.648400	0.117326
7.653200	0.136410
7.658000	0.131218
7.662800	0.137077
7.667600	0.139189
7.672400	0.145639
7.677200	0.139695
7.682000	0.140873
7.686800	0.144484
7.691600	0.127890
7.696400	0.125756
7.701200	0.128677
7.706000	0.131401
7.710800	0.138829
7.715600	0.152997
7.720400	0.146081
7.725200	0.151941
7.730000	0.160065
7.734800	0.174313
7.739600	0.194023
7.744400	0.224081
7.749200	0.232464
7.754000	0.215319
7.758800	0.209058
7.763600	0.222373
7.768400	0.239396
7.773200	0.242862
7.778000	0.255220
7.782800	0.263848
7.787600	0.266459
7.792400	0.283350
7.797200	0.274719
7.802000	0.284372
7.806800	0.288915
7.811600	0.290978
7.816400	0.282730
7.821200	0.268442
7.826000	0.258531
7.830800	0.258842
7.835600	0.278277
7.840400	0.292073
7.845200	0.291148
7.850000	0.286849
7.854800	0.293702
7.859600	0.290325
7.864400	0.283517
7.869200	0.281289
7.874000	0.269137
7.878800	0.257939
7.883600	0.259199
7.888400	0.264142
7.893200	0.270037
7.898000	0.270059
7.902800	0.272798
7.907600	0.256008
7.912400	0.251325
7.917200	0.248898
7.922000	0.240283
7.926800	0.220708
7.931600	0.219085
7.936400	0.224314
7.941200	0.229129
7.946000	0.215866
7.950800	0.216955
7.955600	0.206934
7.960400	0.218565
7.965200	0.214997
7.970000	0.211839
7.974800	0.210842
7.979600	0.205567
7.984400	0.191227
7.989200	0.182056
7.994000	0.173825
7.998800	0.160643
8.003600	0.153517
8.008400	0.117572
8.013200	0.097214
8.018000	0.084900
8.022800	0.071925
8.027600	0.052023
8.032400	0.028966
8.037200	0.027842
8.042000	0.031426
8.046800	0.020311
8.051600	0.019191
8.056400	0.017854
8.061200	0.014066
8.066000	0.000000
8.070800	0.000000
8.075600	0.000000
8.080400	0.000000
8.085200	0.000000
8.090000	0.000000
8.094800	0.000000
8.099600	0.000000
8.104400	0.000000
8.109200	0.006639
8.114000	0.002524
8.118800	0.006407
8.123600	0.004817
8.128400	0.006370
8.133200	0.007205
8.138000	0.000000
8.142800	0.000000
8.147600	0.000000
8.152400	0.000000
8.157200	0.002834
8.162000	0.025866
8.166800	0.042718
8.171600	0.049826
8.176400	0.054111
8.181200	0.064077
8.186000	0.078218
8.190800	0.088743
8.195600	0.093362
8.200400	0.098515
8.205200	0.112346
8.210000	0.130925
8.214800	0.133871
8.219600	0.139316
8.224400	0.150613
8.229200	0.161316
8.234000	0.165118
8.238800	0.183576
8.243600	0.188237
8.248400	0.182894
8.253200	0.206176
8.258000	0.221853
8.262800	0.226625
8.267600	0.226887
8.272400	0.229612
8.277200	0.219631
8.282000	0.227125
8.286800	0.255401
8.291600	0.255673
8.296400	0.262374
8.301200	0.252129
8.306000	0.270316
8.310800	0.265138
8.315600	0.262638
8.320400	0.276732
8.325200	0.282152
8.330000	0.296073
8.334800	0.302558
8.339600	0.308656
8.344400	0.322523
8.349200	0.334224
8.354000	0.350341
8.358800	0.365378
8.363600	0.378061
8.368400	0.382185
8.373200	0.387275
8.378000	0.405666
8.382800	0.407219
8.387600	0.414922
8.392400	0.422552
8.397200	0.415780
8.402000	0.428587
8.406800	0.442156
8.411600	0.448342
8.416400	0.451024
8.421200	0.456030
8.426000	0.455197
8.430800	0.453634
8.435600	0.453435
8.440400	0.461266
8.445200	0.485169
8.450000	0.491168
8.454800	0.500525
8.459600	0.507754
8.464400	0.517313
8.469200	0.515989
8.474000	0.509534
8.478800	0.521388
8.483600	0.515337
8.488400	0.517185
8.493200	0.501634
8.498000	0.501936
8.502800	0.503055
8.507600	0.501583
8.512400	0.507400
8.517200	0.508096
8.522000	0.501184
8.526800	0.499529
8.531600	0.503223
8.536400	0.516750
8.541200	0.530780
8.546000	0.529821
8.550800	0.533902
8.555600	0.528760
8.560400	0.536842
8.565200	0.547499
8.570000	0.552625
8.574800	0.544719
8.579600	0.542670
8.584400	0.537738
8.589200	0.536331
8.594000	0.531031
8.598800	0.539220
8.603600	0.535981
8.608400	0.537355
8.613200	0.535579
8.618000	0.539689
8.622800	0.551819
8.627600	0.540113
8.632400	0.541670
8.637200	0.529768
8.642000	0.508651
8.646800	0.497230
8.651600	0.481882
8.656400	0.479274
8.661200	0.475586
8.666000	0.468036
8.670800	0.473292
8.675600	0.474642
8.680400	0.473050
8.685200	0.468115
8.690000	0.458187
8.694800	0.445010
8.699600	0.443706
8.704400	0.428854
8.709200	0.428806
8.714000	0.415433
8.718800	0.394305
8.723600	0.377165
8.728400	0.354564
8.733200	0.349181
8.738000	0.331104
8.742800	0.310813
8.747600	0.296368
8.752400	0.282423
8.757200	0.284990
8.762000	0.273576
8.766800	0.266029
8.771600	0.241366
8.776400	0.236605
8.781200	0.240507
8.786000	0.219539
8.790800	0.203466
8.795600	0.201156
8.800400	0.191365
8.805200	0.192796
8.810000	0.201059
8.814800	0.195048
8.819600	0.183277
8.824400	0.187865
8.829200	0.192689
8.834000	0.202375
8.838800	0.188101
8.843600	0.201318
8.848400	0.212004
8.853200	0.197674
8.858000	0.193135
8.862800	0.189723
8.867600	0.187616
8.872400	0.199766
8.877200	0.196998
8.882000	0.207741
8.886800	0.201783
8.891600	0.204492
8.896400	0.196334
8.901200	0.192884
8.906000	0.188084
8.910800	0.169220
8.915600	0.173543
8.920400	0.160770
8.925200	0.152114
8.930000	0.168176
8.934800	0.162691
8.939600	0.168644
8.944400	0.178217
8.949200	0.184295
8.954000	0.176317
8.958800	0.180438
8.963600	0.197251
8.968400	0.214022
8.973200	0.219045
8.978000	0.209103
8.982800	0.213941
8.987600	0.217755
8.992400	0.219866
8.997200	0.220182
9.002000	0.224440
9.006800	0.239710
9.011600	0.232140
9.016400	0.243998
9.021200	0.264800
9.026000	0.283299
9.030800	0.290513
9.035600	0.293200
9.040400	0.300696
9.045200	0.295668
9.050000	0.307268
9.054800	0.323356
9.059600	0.330758
9.064400	0.334112
9.069200	0.307141
9.074000	0.302181
9.078800	0.306941
9.083600	0.311942
9.088400	0.325052
9.093200	0.317753
9.098000	0.309642
9.102800	0.309113
9.107600	0.306796
9.112400	0.312312
9.117200	0.314387
9.122000	0.303304
9.126800	0.299613
9.131600	0.303587
9.136400	0.304491
9.141200	0.301294
9.146000	0.290779
9.150800	0.285955
9.155600	0.287301
9.160400	0.288683
9.165200	0.288290
9.170000	0.283440
9.174800	0.292206
9.179600	0.302103
9.184400	0.308293
9.189200	0.300114
9.194000	0.299655
9.198800	0.298098
9.203600	0.290974
9.208400	0.278514
9.213200	0.268171
9.218000	0.264714
9.222800	0.259442
9.227600	0.264423
9.232400	0.254222
9.237200	0.254609
9.242000	0.252873
9.246800	0.254080
9.251600	0.251444
9.256400	0.238584
9.261200	0.244274
9.266000	0.236749
9.270800	0.236867
9.275600	0.239261
9.280400	0.246809
9.285200	0.257761
9.290000	0.254718
9.294800	0.254337
9.299600	0.254628
9.304400	0.269796
9.309200	0.269766
9.314000	0.261358
9.318800	0.261577
9.323600	0.264486
9.328400	0.250401
9.333200	0.259855
9.338000	0.258602
9.342800	0.248648
9.347600	0.248322
9.352400	0.246157
9.357200	0.246566
9.362000	0.224681
9.366800	0.221377
9.371600	0.220513
9.376400	0.209562
9.381200	0.217269
9.386000	0.222212
9.390800	0.227583
9.395600	0.225626
9.400400	0.228649
9.405200	0.211850
9.410000	0.205838
9.414800	0.193231
9.419600	0.193841
9.424400	0.192316
9.429200	0.195805
9.434000	0.197786
9.438800	0.205894
9.443600	0.203082
9.448400	0.209595
9.453200	0.226955
9.458000	0.241059
9.462800	0.239689
9.467600	0.253035
9.472400	0.244570
9.477200	0.248292
9.482000	0.251753
9.486800	0.271659
9.491600	0.267863
9.496400	0.267712
9.501200	0.264169
9.506000	0.267001
9.510800	0.272271
9.515600	0.270131
9.520400	0.260905
9.525200	0.263949
9.530000	0.262156
9.534800	0.261680
9.539600	0.250608
9.544400	0.254386
9.549200	0.246718
9.554000	0.232089
9.558800	0.224316
9.563600	0.219534
9.568400	0.232237
9.573200	0.226295
9.578000	0.231873
9.582800	0.217117
9.587600	0.203265
9.592400	0.183759
9.597200	0.180599
9.602000	0.196733
9.606800	0.202041
9.611600	0.201770
9.616400	0.199363
9.621200	0.193279
9.626000	0.197336
9.630800	0.206176
9.635600	0.197510
9.640400	0.205752
9.645200	0.201114
9.650000	0.198874
9.654800	0.210377
9.659600	0.218471
9.664400	0.211266
9.669200	0.215905
9.674000	0.231341
9.678800	0.247857
9.683600	0.258348
9.688400	0.248543
9.693200	0.261031
9.698000	0.258733
9.702800	0.268250
9.707600	0.281599
9.712400	0.284506
9.717200	0.290270
9.722000	0.299816
9.726800	0.305973
9.731600	0.312366
9.736400	0.309104
9.741200	0.312936
9.746000	0.314383
9.750800	0.317821
9.755600	0.318962
9.760400	0.315313
9.765200	0.314992
9.770000	0.314687
9.774800	0.300559
9.779600	0.303267
9.784400	0.296640
9.789200	0.318774
9.794000	0.318259
9.798800	0.320951
9.803600	0.320349
9.808400	0.312405
9.813200	0.301807
9.818000	0.292822
9.822800	0.280230
9.827600	0.278044
9.832400	0.286991
9.837200	0.269024
9.842000	0.268603
9.846800	0.267805
9.851600	0.267452
9.856400	0.261697
9.861200	0.273101
9.866000	0.273823
9.870800	0.263470
9.875600	0.261510
9.880400	0.256787
9.885200	0.255116
9.890000	0.252239
9.894800	0.270636
9.899600	0.259693
9.904400	0.268542
9.909200	0.275344
9.914000	0.252493
9.918800	0.251131
9.923600	0.246444
9.928400	0.247834
9.933200	0.253177
9.938000	0.247332
9.942800	0.252123
9.947600	0.252913
9.952400	0.250107
9.957200	0.242093
9.962000	0.242207
9.966800	0.236341
9.971600	0.227943
9.976400	0.246307
9.981200	0.239434
9.986000	0.229915
9.990800	0.208646
9.995600	0.218746
10.000400	0.208085
10.005200	0.220388
10.010000	0.200455
10.014800	0.185693
10.019600	0.169209
10.024400	0.170546
10.029200	0.151903
10.034000	0.137029
10.038800	0.124750
10.043600	0.112516
10.048400	0.110392
10.053200	0.115553
10.058000	0.108730
10.062800	0.105319
10.067600	0.110565
10.072400	0.103103
10.077200	0.101642
10.082000	0.105239
10.086800	0.114626
10.091600	0.114646
10.096400	0.122141
10.101200	0.110015
10.106000	0.116039
10.110800	0.113841
10.115600	0.125374
10.120400	0.132546
10.125200	0.156062
10.130000	0.154226
10.134800	0.155271
10.139600	0.159942
10.144400	0.162852
10.149200	0.160919
10.154000	0.167072
10.158800	0.182481
10.163600	0.186901
10.168400	0.198750
10.173200	0.200180
10.178000	0.219268
10.182800	0.226304
10.187600	0.240891
10.192400	0.254668
10.197200	0.278804
10.202000	0.290003
10.206800	0.289347
10.211600	0.291637
10.216400	0.290897
10.221200	0.313960
10.226000	0.308551
10.230800	0.324682
10.235600	0.330918
10.240400	0.318965
10.245200	0.315805
10.250000	0.319386
10.254800	0.325081
10.259600	0.311860
10.264400	0.306984
10.269200	0.309198
10.274000	0.314143
10.278800	0.307499
10.283600	0.300169
10.288400	0.298335
10.293200	0.298371
10.298000	0.303238
10.302800	0.303991
10.307600	0.311314
10.312400	0.296421
10.317200	0.303673
10.322000	0.287672
10.326800	0.289508
10.331600	0.292193
10.336400	0.289930
10.341200	0.292321
10.346000	0.301539
10.350800	0.303858
10.355600	0.313935
10.360400	0.318052
10.365200	0.299420
10.370000	0.311070
10.374800	0.300247
10.379600	0.289625
10.384400	0.286010
10.389200	0.280953
10.394000	0.275530
10.398800	0.259148
10.403600	0.252465
10.408400	0.255341
10.413200	0.246374
10.418000	0.235016
10.422800	0.226279
10.427600	0.209023
10.432400	0.214133
10.437200	0.202995
10.442000	0.180597
10.446800	0.184892
10.451600	0.177157
10.456400	0.165130
10.461200	0.154310
10.466000	0.132848
10.470800	0.142902
10.475600	0.130035
10.480400	0.123416
10.485200	0.122840
10.490000	0.126028
10.494800	0.127082
10.499600	0.126186
10.504400	0.121433
10.509200	0.105226
10.514000	0.094426
10.518800	0.094421
10.523600	0.109522
10.528400	0.087444
10.533200	0.086645
10.538000	0.067621
10.542800	0.076376
10.547600	0.084642
10.552400	0.087259
10.557200	0.081794
10.562000	0.092204
10.566800	0.097888
10.571600	0.106676
10.576400	0.118193
10.581200	0.109643
10.586000	0.098486
10.590800	0.100603
10.595600	0.101092
10.600400	0.087970
10.605200	0.115489
10.610000	0.129395
10.614800	0.134158
10.619600	0.138039
10.624400	0.151527
10.629200	0.147408
10.634000	0.158101
10.638800	0.161330
10.643600	0.168973
10.648400	0.170269
10.653200	0.178471
10.658000	0.173129
10.662800	0.178130
10.667600	0.179796
10.672400	0.175117
10.677200	0.197016
10.682000	0.209545
10.686800	0.220754
10.691600	0.215560
10.696400	0.222150
10.701200	0.222985
10.706000	0.227357
10.710800	0.214817
10.715600	0.228065
10.720400	0.218126
10.725200	0.218586
10.730000	0.212471
10.734800	0.219586
10.739600	0.227639
10.744400	0.222635
10.749200	0.236619
10.754000	0.230357
10.758800	0.241183
10.763600	0.230454
10.768400	0.227769
10.773200	0.229628
10.778000	0.239304
10.782800	0.232935
10.787600	0.220885
10.792400	0.232395
10.797200	0.234837
10.802000	0.241645
10.806800	0.235930
10.811600	0.241993
10.816400	0.241610
10.821200	0.254040
10.826000	0.247074
10.830800	0.241510
10.835600	0.236724
10.840400	0.238608
10.845200	0.252852
10.850000	0.248557
10.854800	0.258593
10.859600	0.257818
10.864400	0.246729
10.869200	0.247165
10.874000	0.243437
10.878800	0.237923
10.883600	0.229226
10.888400	0.216535
10.893200	0.201644
10.898000	0.205167
10.902800	0.182504
10.907600	0.182055
10.912400	0.195437
10.917200	0.191660
10.922000	0.196189
10.926800	0.183740
10.931600	0.182104
10.936400	0.180312
10.941200	0.171756
10.946000	0.176403
10.950800	0.179932
10.955600	0.173676
10.960400	0.180694
10.965200	0.174267
10.970000	0.165642
10.974800	0.178505
10.979600	0.168052
10.984400	0.172806
10.989200	0.173967
10.994000	0.178032
10.998800	0.182097
11.003600	0.175961
11.008400	0.177382
11.013200	0.185797
11.018000	0.196550
11.022800	0.200892
11.027600	0.193340
11.032400	0.190897
11.037200	0.200041
11.042000	0.206141
11.046800	0.221344
11.051600	0.227319
11.056400	0.230220
11.061200	0.250096
11.066000	0.249544
11.070800	0.255958
11.075600	0.259995
11.080400	0.265724
11.085200	0.268644
11.090000	0.285476
11.094800	0.281002
11.099600	0.281924
11.104400	0.279774
11.109200	0.275782
11.114000	0.283726
11.118800	0.297960
11.123600	0.312968
11.128400	0.328431
11.133200	0.351093
11.138000	0.340030
11.142800	0.338797
11.147600	0.344733
11.152400	0.337987
11.157200	0.330119
11.162000	0.342772
11.166800	0.334302
11.171600	0.334089
11.176400	0.334555
11.181200	0.337512
11.186000	0.327220
11.190800	0.331436
11.195600	0.334954
11.200400	0.344259
11.205200	0.362979
11.210000	0.340004
11.214800	0.336665
11.219600	0.323818
11.224400	0.329356
11.229200	0.323167
11.234000	0.342114
11.238800	0.343330
11.243600	0.372554
11.248400	0.364065
11.253200	0.386159
11.258000	0.389124
11.262800	0.389540
11.267600	0.384576
11.272400	0.379242
11.277200	0.384457
11.282000	0.375514
11.286800	0.370763
11.291600	0.363861
11.296400	0.371712
11.301200	0.380198
11.306000	0.394253
11.310800	0.386533
11.315600	0.386665
11.320400	0.393255
11.325200	0.392825
11.330000	0.395966
11.334800	0.391548
11.339600	0.395689
11.344400	0.398618
11.349200	0.410807
11.354000	0.394739
11.358800	0.399339
11.363600	0.406759
11.368400	0.413686
11.373200	0.416975
11.378000	0.405811
11.382800	0.413550
11.387600	0.405313
11.392400	0.401659
11.397200	0.408694
11.402000	0.408102
11.406800	0.412933
11.411600	0.418261
11.416400	0.422553
11.421200	0.427937
11.426000	0.433199
11.430800	0.422475
11.435600	0.436150
11.440400	0.428627
11.445200	0.407159
11.450000	0.404091
11.454800	0.397308
11.459600	0.404196
11.464400	0.412588
11.469200	0.415095
11.474000	0.416348
11.478800	0.404911
11.483600	0.405408
11.488400	0.407363
11.493200	0.385409
11.498000	0.384506
11.502800	0.395138
11.507600	0.395579
11.512400	0.401954
11.517200	0.398049
11.522000	0.403433
11.526800	0.403230
11.531600	0.412794
11.536400	0.418815
11.541200	0.435818
11.546000	0.434038
11.550800	0.423840
11.555600	0.411648
11.560400	0.414358
11.565200	0.422811
11.570000	0.420995
11.574800	0.421831
11.579600	0.425364
11.584400	0.417712
11.589200	0.404700
11.594000	0.394439
11.598800	0.399576
11.603600	0.400881
11.608400	0.392574
11.613200	0.382499
11.618000	0.379334
11.622800	0.357036
11.627600	0.361612
11.632400	0.358649
11.637200	0.351874
11.642000	0.351185
11.646800	0.344134
11.651600	0.343291
11.656400	0.330346
11.661200	0.324416
11.666000	0.317711
11.670800	0.315530
11.675600	0.298168
11.680400	0.288595
11.685200	0.286979
11.690000	0.284627
11.694800	0.278543
11.699600	0.289846
11.704400	0.288077
11.709200	0.287143
11.714000	0.281177
11.718800	0.288569
11.723600	0.285821
11.728400	0.283128
11.733200	0.276293
11.738000	0.258688
11.742800	0.274283
11.747600	0.275691
11.752400	0.290547
11.757200	0.290692
11.762000	0.298937
11.766800	0.291077
11.771600	0.300651
11.776400	0.273477
11.781200	0.282646
11.786000	0.270540
11.790800	0.269889
11.795600	0.274932
11.800400	0.282421
11.805200	0.287296
11.810000	0.297294
11.814800	0.306923
11.819600	0.316768
11.824400	0.335402
11.829200	0.349584
11.834000	0.348344
11.838800	0.351567
11.843600	0.355009
11.848400	0.366817
11.853200	0.380874
11.858000	0.387963
11.862800	0.395711
11.867600	0.407074
11.872400	0.406983
11.877200	0.420678
11.882000	0.422145
11.886800	0.450305
11.891600	0.460338
11.896400	0.458360
11.901200	0.469356
11.906000	0.473734
11.910800	0.485964
11.915600	0.485940
11.920400	0.497204
11.925200	0.500441
11.930000	0.497303
11.934800	0.497140
11.939600	0.507280
11.944400	0.495141
11.949200	0.486414
11.954000	0.480027
11.958800	0.482548
11.963600	0.497633
11.968400	0.497936
11.973200	0.508020
11.978000	0.518363
11.982800	0.525700
11.987600	0.527476
11.992400	0.517715
11.997200	0.508683
12.002000	0.505186
12.006800	0.496517
12.011600	0.495545
12.016400	0.483531
12.021200	0.483065
12.026000	0.509354
12.030800	0.506875
12.035600	0.484189
12.040400	0.464671
12.045200	0.468163
12.050000	0.462770
12.054800	0.453544
12.059600	0.450504
12.064400	0.437694
12.069200	0.424082
12.074000	0.396175
12.078800	0.386224
12.083600	0.375334
12.088400	0.382658
12.093200	0.378210
12.098000	0.369404
12.102800	0.358373
12.107600	0.352558
12.112400	0.325649
12.117200	0.317158
12.122000	0.310709
12.126800	0.295192
12.131600	0.276723
12.136400	0.259699
12.141200	0.258173
12.146000	0.242138
12.150800	0.221599
12.155600	0.220253
12.160400	0.210792
12.165200	0.203621
12.170000	0.209146
12.174800	0.199100
12.179600	0.193531
12.184400	0.179267
12.189200	0.171216
12.194000	0.161698
12.198800	0.144999
12.203600	0.141490
12.208400	0.160470
12.213200	0.162793
12.218000	0.168546
12.222800	0.176006
12.227600	0.173951
12.232400	0.161346
12.237200	0.171828
12.242000	0.160556
12.246800	0.157953
12.251600	0.152494
12.256400	0.147302
12.261200	0.148124
12.266000	0.153477
12.270800	0.164100
12.275600	0.156722
12.280400	0.159023
12.285200	0.154026
12.290000	0.161342
12.294800	0.167235
12.299600	0.162872
12.304400	0.162797
12.309200	0.188273
12.314000	0.201568
12.318800	0.212716
12.323600	0.230273
12.328400	0.243530
12.333200	0.247004
12.338000	0.268381
12.342800	0.285314
12.347600	0.302087
12.352400	0.327823
12.357200	0.334297
12.362000	0.336019
12.366800	0.357725
12.371600	0.364218
12.376400	0.388785
12.381200	0.402619
12.386000	0.407503
12.390800	0.433492
12.395600	0.444620
12.400400	0.457194
12.405200	0.480661
12.410000	0.484509
12.414800	0.492693
12.419600	0.492801
12.424400	0.503647
12.429200	0.528403
12.434000	0.533982
12.438800	0.542139
12.443600	0.551235
12.448400	0.557659
12.453200	0.560814
12.458000	0.572540
12.462800	0.590800
12.467600	0.600040
12.472400	0.599060
12.477200	0.613561
12.482000	0.629317
12.486800	0.638517
12.491600	0.640375
12.496400	0.633316
12.501200	0.637510
12.506000	0.638180
12.510800	0.644106
12.515600	0.639437
12.520400	0.643995
12.525200	0.652768
12.530000	0.648020
12.534800	0.651876
12.539600	0.657943
12.544400	0.662942
12.549200	0.669531
12.554000	0.673511
12.558800	0.651003
12.563600	0.642260
12.568400	0.653554
12.573200	0.653719
12.578000	0.638347
12.582800	0.631777
12.587600	0.632683
12.592400	0.618944
12.597200	0.612929
12.602000	0.610674
12.606800	0.616352
12.611600	0.612836
12.616400	0.614764
12.621200	0.604012
12.626000	0.594871
12.630800	0.587148
12.635600	0.584261
12.640400	0.565278
12.645200	0.562673
12.650000	0.550180
12.654800	0.553754
12.659600	0.550319
12.664400	0.551072
12.669200	0.543722
12.674000	0.529484
12.678800	0.535760
12.683600	0.542718
12.688400	0.542322
12.693200	0.529379
12.698000	0.522740
12.702800	0.502301
12.707600	0.497914
12.712400	0.500296
12.717200	0.505220
12.722000	0.507317
12.726800	0.507780
12.731600	0.515171
12.736400	0.510578
12.741200	0.492411
12.746000	0.485403
12.750800	0.474168
12.755600	0.461090
12.760400	0.444783
12.765200	0.438507
12.770000	0.406143
12.774800	0.406447
12.779600	0.401353
12.784400	0.396056
12.789200	0.397469
12.794000	0.396474
12.798800	0.388026
12.803600	0.387652
12.808400	0.384056
12.813200	0.383849
12.818000	0.388574
12.822800	0.386868
12.827600	0.383162
12.832400	0.398755
12.837200	0.404317
12.842000	0.401855
12.846800	0.391019
12.851600	0.391852
12.856400	0.390908
12.861200	0.392567
12.866000	0.405279
12.870800	0.401053
12.875600	0.397513
12.880400	0.394451
12.885200	0.378458
12.890000	0.374981
12.894800	0.385290
12.899600	0.376148
12.904400	0.378201
12.909200	0.378312
12.914000	0.384503
12.918800	0.395570
12.923600	0.382158
12.928400	0.384805
12.933200	0.388878
12.938000	0.381564
12.942800	0.390189
12.947600	0.398061
12.952400	0.395211
12.957200	0.401333
12.962000	0.391383
12.966800	0.389370
12.971600	0.397124
12.976400	0.403391
12.981200	0.418088
12.986000	0.421645
12.990800	0.426312
12.995600	0.426409
13.000400	0.435628
13.005200	0.435845
13.010000	0.444182
13.014800	0.452227
13.019600	0.465647
13.024400	0.479401
13.029200	0.497337
13.034000	0.501389
13.038800	0.508434
13.043600	0.515141
13.048400	0.527214
13.053200	0.521172
13.058000	0.521274
13.062800	0.529644
13.067600	0.529513
13.072400	0.528349
13.077200	0.532212
13.082000	0.539984
13.086800	0.533655
13.091600	0.545081
13.096400	0.553742
13.101200	0.553384
13.106000	0.567111
13.110800	0.583434
13.115600	0.600892
13.120400	0.605170
13.125200	0.624417
13.130000	0.634211
13.134800	0.645076
13.139600	0.656224
13.144400	0.667566
13.149200	0.677492
13.154000	0.671307
13.158800	0.678457
13.163600	0.678879
13.168400	0.680738
13.173200	0.695506
13.178000	0.707745
13.182800	0.719187
13.187600	0.710625
13.192400	0.718043
13.197200	0.717355
13.202000	0.728820
13.206800	0.737371
13.211600	0.738155
13.216400	0.745109
13.221200	0.742991
13.226000	0.756536
13.230800	0.769132
13.235600	0.783075
13.240400	0.789473
13.245200	0.796868
13.250000	0.792265
13.254800	0.797334
13.259600	0.794461
13.264400	0.789733
13.269200	0.790357
13.274000	0.791202
13.278800	0.789687
13.283600	0.788658
13.288400	0.786489
13.293200	0.790855
13.298000	0.791567
13.302800	0.805005
13.307600	0.803576
13.312400	0.798610
13.317200	0.800555
13.322000	0.796583
13.326800	0.788594
13.331600	0.787370
13.336400	0.769993
13.341200	0.778055
13.346000	0.774183
13.350800	0.770601
13.355600	0.763258
13.360400	0.765235
13.365200	0.750369
13.370000	0.740164
13.374800	0.726500
13.379600	0.730627
13.384400	0.733284
13.389200	0.724769
13.394000	0.716720
13.398800	0.704049
13.403600	0.698464
13.408400	0.688800
13.413200	0.679031
13.418000	0.685572
13.422800	0.686031
13.427600	0.671847
13.432400	0.679718
13.437200	0.680986
13.442000	0.674219
13.446800	0.662625
13.451600	0.649708
13.456400	0.647246
13.461200	0.643281
13.466000	0.638194
13.470800	0.642878
13.475600	0.636353
13.480400	0.636551
13.485200	0.642412
13.490000	0.640182
13.494800	0.650388
13.499600	0.664669
13.504400	0.663802
13.509200	0.663062
13.514000	0.655864
13.518800	0.662363
13.523600	0.662523
13.528400	0.663060
13.533200	0.661466
13.538000	0.667257
13.542800	0.661965
13.547600	0.657835
13.552400	0.648642
13.557200	0.641394
13.562000	0.634620
13.566800	0.633573
13.571600	0.630784
13.576400	0.618818
13.581200	0.608107
13.586000	0.613163
13.590800	0.618392
13.595600	0.627287
13.600400	0.631565
13.605200	0.638950
13.610000	0.643652
13.614800	0.645709
13.619600	0.654168
13.624400	0.657888
13.629200	0.665212
13.634000	0.674955
13.638800	0.679033
13.643600	0.677980
13.648400	0.668242
13.653200	0.673706
13.658000	0.670279
13.662800	0.683824
13.667600	0.684009
13.672400	0.689716
13.677200	0.689053
13.682000	0.680633
13.686800	0.695559
13.691600	0.700130
13.696400	0.711983
13.701200	0.718236
13.706000	0.722393
13.710800	0.728239
13.715600	0.746341
13.720400	0.767786
13.725200	0.779179
13.730000	0.796220
13.734800	0.812667
13.739600	0.829922
13.744400	0.849422
13.749200	0.853831
13.754000	0.871917
13.758800	0.880898
13.763600	0.885115
13.768400	0.892387
13.773200	0.902691
13.778000	0.906695
13.782800	0.924260
13.787600	0.935817
13.792400	0.945470
13.797200	0.959795
13.802000	0.969742
13.806800	0.978897
13.811600	0.988691
13.816400	0.994361
13.821200	1.002280
13.826000	1.011226
13.830800	1.013037
13.835600	1.020685
13.840400	1.022525
13.845200	1.038266
13.850000	1.038931
13.854800	1.044575
13.859600	1.054954
13.864400	1.054471
13.869200	1.072224
13.874000	1.068742
13.878800	1.075230
13.883600	1.078134
13.888400	1.088912
13.893200	1.082582
13.898000	1.087431
13.902800	1.091878
13.907600	1.110300
13.912400	1.109626
13.917200	1.105067
13.922000	1.114579
13.926800	1.120700
13.931600	1.132772
13.936400	1.136270
13.941200	1.142789
13.946000	1.150813
13.950800	1.148656
13.955600	1.154606
13.960400	1.164341
13.965200	1.159359
13.970000	1.159205
13.974800	1.164834
13.979600	1.170767
13.984400	1.177976
13.989200	1.184122
13.994000	1.187949
13.998800	1.188033
14.003600	1.191037
14.008400	1.195320
14.013200	1.199550
14.018000	1.203892
14.022800	1.208538
14.027600	1.207133
14.032400	1.200810
14.037200	1.198625
14.042000	1.197595
14.046800	1.191321
14.051600	1.186570
14.056400	1.185060
14.061200	1.183741
14.066000	1.179956
14.070800	1.177791
14.075600	1.180390
14.080400	1.178796
14.085200	1.181546
14.090000	1.180218
14.094800	1.181136
14.099600	1.181934
14.104400	1.182531
14.109200	1.194039
14.114000	1.201604
14.118800	1.209300
14.123600	1.209974
14.128400	1.206697
14.133200	1.212933
14.138000	1.214693
14.142800	1.215573
14.147600	1.213255
14.152400	1.215557
14.157200	1.216911
14.162000	1.215271
14.166800	1.215464
14.171600	1.218156
14.176400	1.219620
14.181200	1.233043
14.186000	1.238671
14.190800	1.247781
14.195600	1.245442
14.200400	1.255651
14.205200	1.253528
14.210000	1.260713
14.214800	1.275113
14.219600	1.289047
14.224400	1.305408
14.229200	1.313723
14.234000	1.325254
14.238800	1.339041
14.243600	1.354612
14.248400	1.355183
14.253200	1.360202
14.258000	1.369983
14.262800	1.374499
14.267600	1.380415
14.272400	1.381781
14.277200	1.377877
14.282000	1.394124
14.286800	1.398660
14.291600	1.404009
14.296400	1.412144
14.301200	1.422031
14.306000	1.426115
14.310800	1.430200
14.315600	1.431922
14.320400	1.427727
14.325200	1.430715
14.330000	1.426326
14.334800	1.426369
14.339600	1.430942
14.344400	1.426011
14.349200	1.426703
14.354000	1.424946
14.358800	1.417567
14.363600	1.419636
14.368400	1.410785
14.373200	1.413496
14.378000	1.404142
14.382800	1.405582
14.387600	1.403849
14.392400	1.398905
14.397200	1.403822
14.402000	1.399677
14.406800	1.398551
14.411600	1.395563
14.416400	1.390346
14.421200	1.379292
14.426000	1.379729
14.430800	1.380403
14.435600	1.382022
14.440400	1.369934
14.445200	1.368168
14.450000	1.369923
14.454800	1.362082
14.459600	1.357964
14.464400	1.343971
14.469200	1.338798
14.474000	1.333826
14.478800	1.331623
14.483600	1.327602
14.488400	1.315470
14.493200	1.310138
14.498000	1.305005
14.502800	1.300871
14.507600	1.291649
14.512400	1.285806
14.517200	1.280058
14.522000	1.277664
14.526800	1.273594
14.531600	1.274497
14.536400	1.269295
14.541200	1.263332
14.546000	1.255017
14.550800	1.247638
14.555600	1.238452
14.560400	1.231625
14.565200	1.220044
14.570000	1.212453
14.574800	1.203893
14.579600	1.206767
14.584400	1.204957
14.589200	1.199605
14.594000	1.195668
14.598800	1.194767
14.603600	1.190711
14.608400	1.184491
14.613200	1.178654
14.618000	1.175501
14.622800	1.175493
14.627600	1.169482
14.632400	1.163174
14.637200	1.159190
14.642000	1.152288
14.646800	1.147284
14.651600	1.136828
14.656400	1.132082
14.661200	1.128992
14.666000	1.117630
14.670800	1.112626
14.675600	1.106248
14.680400	1.103292
14.685200	1.097777
14.690000	1.093395
14.694800	1.089293
14.699600	1.085131
14.704400	1.081470
14.709200	1.081518
14.714000	1.078074
14.718800	1.073060
14.723600	1.071036
14.728400	1.065513
14.733200	1.056709
14.738000	1.055099
14.742800	1.052495
14.747600	1.051034
14.752400	1.042680
14.757200	1.030625
14.762000	1.025877
14.766800	1.023810
14.771600	1.017642
14.776400	1.006115
14.781200	1.001966
14.786000	0.996410
14.790800	0.988466
14.795600	0.983309
14.800400	0.972037
14.805200	0.966626
14.810000	0.965055
14.814800	0.949741
14.819600	0.939495
14.824400	0.931622
14.829200	0.921690
14.834000	0.907893
14.838800	0.898562
14.843600	0.889594
14.848400	0.876591
14.853200	0.866967
14.858000	0.856318
14.862800	0.847883
14.867600	0.836393
14.872400	0.819892
14.877200	0.809244
14.882000	0.796981
14.886800	0.785290
14.891600	0.778357
14.896400	0.769072
14.901200	0.763417
14.906000	0.752383
14.910800	0.743218
14.915600	0.733049
14.920400	0.722781
14.925200	0.712964
14.930000	0.702021
14.934800	0.690682
14.939600	0.681173
14.944400	0.668745
14.949200	0.662018
14.954000	0.656017
14.958800	0.649446
14.963600	0.638984
14.968400	0.626806
14.973200	0.619813
14.978000	0.610584
14.982800	0.599377
14.987600	0.590243
14.992400	0.579689
14.997200	0.573833
15.002000	0.564678
15.006800	0.555472
15.011600	0.542278
15.016400	0.534986
15.021200	0.529809
15.026000	0.518552
15.030800	0.510367
15.035600	0.502095
15.040400	0.495615
15.045200	0.486926
15.050000	0.477742
15.054800	0.467200
15.059600	0.458567
15.064400	0.447270
15.069200	0.436836
15.074000	0.430233
15.078800	0.422415
15.083600	0.414921
15.088400	0.406663
15.093200	0.398193
15.098000	0.396335
15.102800	0.392176
15.107600	0.388846
15.112400	0.379851
15.117200	0.369759
15.122000	0.362739
15.126800	0.355147
15.131600	0.345632
15.136400	0.336448
15.141200	0.329128
15.146000	0.324830
15.150800	0.316120
15.155600	0.306517
15.160400	0.300985
15.165200	0.295700
15.170000	0.288647
15.174800	0.281547
15.179600	0.274300
15.184400	0.269154
15.189200	0.262702
15.194000	0.255885
15.198800	0.253207
15.203600	0.245559
15.208400	0.240015
15.213200	0.234993
15.218000	0.230197
15.222800	0.225138
15.227600	0.220679
15.232400	0.216166
15.237200	0.210221
15.242000	0.205168
15.246800	0.198341
15.251600	0.193372
15.256400	0.185744
15.261200	0.182709
15.266000	0.180295
15.270800	0.176601
15.275600	0.171709
15.280400	0.165579
15.285200	0.160790
15.290000	0.158577
15.294800	0.154029
15.299600	0.147043
15.304400	0.141708
15.309200	0.138236
15.314000	0.133242
15.318800	0.127907
15.323600	0.123539
15.328400	0.118541
15.333200	0.115802
15.338000	0.111217
15.342800	0.105348
15.347600	0.102644
15.352400	0.099095
15.357200	0.094227
15.362000	0.090149
15.366800	0.087401
15.371600	0.083618
15.376400	0.079570
15.381200	0.077077
15.386000	0.074402
15.390800	0.071362
15.395600	0.068307
15.400400	0.065503
15.405200	0.064245
15.410000	0.063478
15.414800	0.062692
15.419600	0.061667
15.424400	0.059895
15.429200	0.057523
15.434000	0.055132
15.438800	0.053442
15.443600	0.053086
15.448400	0.051099
15.453200	0.049503
15.458000	0.048492
15.462800	0.046383
15.467600	0.045010
15.472400	0.043761
15.477200	0.043804
15.482000	0.041083
15.486800	0.039565
15.491600	0.037191
15.496400	0.035472
15.501200	0.034252
15.506000	0.032138
15.510800	0.031202
15.515600	0.030098
15.520400	0.029050
15.525200	0.028057
15.530000	0.027118
15.534800	0.026232
15.539600	0.025399
15.544400	0.024619
15.549200	0.023890
15.554000	0.023213
15.558800	0.022586
15.563600	0.022010
15.568400	0.021482
15.573200	0.021004
15.578000	0.020574
15.582800	0.020192
15.587600	0.019857
15.592400	0.019568
15.597200	0.019326
15.602000	0.019128
15.606800	0.018976
15.611600	0.018868
15.616400	0.018803
15.621200	0.018782
15.626000	0.018803
15.630800	0.018866
15.635600	0.018970
15.640400	0.019115
15.645200	0.019300
15.650000	0.019525
15.654800	0.019789
15.659600	0.020091
15.664400	0.020430
15.669200	0.020808
15.674000	0.021221
15.678800	0.021671
15.683600	0.022156
15.688400	0.022677
15.693200	0.023231
15.698000	0.023819
15.702800	0.024441
15.707600	0.025095
15.712400	0.025781
15.717200	0.026498
15.722000	0.027246
15.726800	0.028025
15.731600	0.028833
15.736400	0.029670
15.741200	0.030536
15.746000	0.031429
15.750800	0.032350
15.755600	0.033298
15.760400	0.034272
15.765200	0.035271
15.770000	0.036296
15.774800	0.037344
