0.002200	1.214305
0.007000	1.171615
0.011800	1.130313
0.016600	1.090377
0.021400	1.051786
0.026200	1.014517
0.031000	0.978549
0.035800	0.943860
0.040600	0.910428
0.045400	0.878232
0.050200	0.847249
0.055000	0.817459
0.059800	0.788839
0.064600	0.761367
0.069400	0.735022
0.074200	0.709783
0.079000	0.685626
0.083800	0.662531
0.088600	0.640476
0.093400	0.619439
0.098200	0.599398
0.103000	0.580331
0.107800	0.562217
0.112600	0.545035
0.117400	0.528761
0.122200	0.513375
0.127000	0.498854
0.131800	0.485178
0.136600	0.472324
0.141400	0.460270
0.146200	0.448995
0.151000	0.438476
0.155800	0.428693
0.160600	0.419624
0.165400	0.411246
0.170200	0.403538
0.175000	0.396478
0.179800	0.390044
0.184600	0.384215
0.189400	0.378969
0.194200	0.374285
0.199000	0.370139
0.203800	0.366511
0.208600	0.363379
0.213400	0.360721
0.218200	0.358516
0.223000	0.356741
0.227800	0.355375
0.232600	0.354396
0.237400	0.353782
0.242200	0.353512
0.247000	0.353563
0.251800	0.353915
0.256600	0.354545
0.261400	0.355432
0.266200	0.356553
0.271000	0.342305
0.275800	0.326562
0.280600	0.326936
0.285400	0.331210
0.290200	0.340117
0.295000	0.326428
0.299800	0.332019
0.304600	0.327776
0.309400	0.321319
0.314200	0.321613
0.319000	0.323030
0.323800	0.313943
0.328600	0.318899
0.333400	0.318058
0.338200	0.319578
0.343000	0.320485
0.347800	0.319648
0.352600	0.320218
0.357400	0.316488
0.362200	0.297865
0.367000	0.298016
0.371800	0.296372
0.376600	0.299633
0.381400	0.300010
0.386200	0.307453
0.391000	0.321119
0.395800	0.332864
0.400600	0.334821
0.405400	0.327698
0.410200	0.344186
0.415000	0.354741
0.419800	0.361837
0.424600	0.374491
0.429400	0.379959
0.434200	0.395691
0.439000	0.400227
0.443800	0.418729
0.448600	0.418804
0.453400	0.429086
0.458200	0.424641
0.463000	0.436844
0.467800	0.440666
0.472600	0.433479
0.477400	0.433720
0.482200	0.451465
0.487000	0.448735
0.491800	0.451242
0.496600	0.456936
0.501400	0.465191
0.506200	0.460405
0.511000	0.478188
0.515800	0.476167
0.520600	0.485657
0.525400	0.486520
0.530200	0.490610
0.535000	0.496360
0.539800	0.505853
0.544600	0.539647
0.549400	0.554192
0.554200	0.585629
0.559000	0.583311
0.563800	0.578045
0.568600	0.578888
0.573400	0.592580
0.578200	0.606087
0.583000	0.606063
0.587800	0.614201
0.592600	0.606219
0.597400	0.600231
0.602200	0.619778
0.607000	0.644670
0.611800	0.658832
0.616600	0.625917
0.621400	0.625631
0.626200	0.626947
0.631000	0.622406
0.635800	0.646922
0.640600	0.645560
0.645400	0.651943
0.650200	0.656368
0.655000	0.660034
0.659800	0.659072
0.664600	0.644068
0.669400	0.659288
0.674200	0.680042
0.679000	0.665663
0.683800	0.660078
0.688600	0.694726
0.693400	0.692514
0.698200	0.684970
0.703000	0.673291
0.707800	0.668783
0.712600	0.665211
0.717400	0.659662
0.722200	0.666364
0.727000	0.659346
0.731800	0.671912
0.736600	0.661252
0.741400	0.630781
0.746200	0.617685
0.751000	0.606233
0.755800	0.623855
0.760600	0.607093
0.765400	0.571731
0.770200	0.576147
0.775000	0.555252
0.779800	0.537880
0.784600	0.504141
0.789400	0.486257
0.794200	0.481077
0.799000	0.446132
0.803800	0.435739
0.808600	0.438574
0.813400	0.417408
0.818200	0.397803
0.823000	0.374477
0.827800	0.381499
0.832600	0.365291
0.837400	0.352355
0.842200	0.338574
0.847000	0.325420
0.851800	0.309777
0.856600	0.314004
0.861400	0.295490
0.866200	0.290763
0.871000	0.292284
0.875800	0.283731
0.880600	0.274860
0.885400	0.272818
0.890200	0.274299
0.895000	0.293278
0.899800	0.298577
0.904600	0.308598
0.909400	0.296617
0.914200	0.314221
0.919000	0.317451
0.923800	0.302945
0.928600	0.308645
0.933400	0.318060
0.938200	0.342239
0.943000	0.339302
0.947800	0.335276
0.952600	0.347086
0.957400	0.341914
0.962200	0.339092
0.967000	0.323011
0.971800	0.333714
0.976600	0.316218
0.981400	0.327295
0.986200	0.315824
0.991000	0.342916
0.995800	0.327764
1.000600	0.337909
1.005400	0.373481
1.010200	0.400204
1.015000	0.396756
1.019800	0.414106
1.024600	0.429315
1.029400	0.452739
1.034200	0.462314
1.039000	0.490237
1.043800	0.489989
1.048600	0.525345
1.053400	0.532836
1.058200	0.548970
1.063000	0.572196
1.067800	0.572758
1.072600	0.577777
1.077400	0.574936
1.082200	0.596793
1.087000	0.594254
1.091800	0.618267
1.096600	0.641943
1.101400	0.663114
1.106200	0.675629
1.111000	0.680800
1.115800	0.709238
1.120600	0.713671
1.125400	0.710098
1.130200	0.734671
1.135000	0.727935
1.139800	0.716448
1.144600	0.709962
1.149400	0.755608
1.154200	0.756218
1.159000	0.774446
1.163800	0.783889
1.168600	0.772225
1.173400	0.769107
1.178200	0.747186
1.183000	0.741045
1.187800	0.741653
1.192600	0.734429
1.197400	0.731312
1.202200	0.733041
1.207000	0.699960
1.211800	0.704318
1.216600	0.692617
1.221400	0.672078
1.226200	0.663736
1.231000	0.646216
1.235800	0.658469
1.240600	0.668346
1.245400	0.662715
1.250200	0.657865
1.255000	0.670672
1.259800	0.661190
1.264600	0.614010
1.269400	0.594403
1.274200	0.597040
1.279000	0.594801
1.283800	0.592529
1.288600	0.561769
1.293400	0.547592
1.298200	0.556692
1.303000	0.557151
1.307800	0.546792
1.312600	0.535870
1.317400	0.543218
1.322200	0.535009
1.327000	0.513803
1.331800	0.543121
1.336600	0.555372
1.341400	0.548801
1.346200	0.557683
1.351000	0.565062
1.355800	0.565275
1.360600	0.548447
1.365400	0.543347
1.370200	0.536987
1.375000	0.541724
1.379800	0.555610
1.384600	0.559075
1.389400	0.549342
1.394200	0.558451
1.399000	0.566257
1.403800	0.553559
1.408600	0.555265
1.413400	0.562471
1.418200	0.554667
1.423000	0.546053
1.427800	0.545429
1.432600	0.524725
1.437400	0.511618
1.442200	0.522446
1.447000	0.497653
1.451800	0.489867
1.456600	0.493018
1.461400	0.467551
1.466200	0.442959
1.471000	0.428406
1.475800	0.407469
1.480600	0.399004
1.485400	0.374452
1.490200	0.373418
1.495000	0.375439
1.499800	0.373447
1.504600	0.357475
1.509400	0.360565
1.514200	0.353085
1.519000	0.362163
1.523800	0.329161
1.528600	0.338377
1.533400	0.321426
1.538200	0.284852
1.543000	0.267077
1.547800	0.257859
1.552600	0.258400
1.557400	0.251648
1.562200	0.225262
1.567000	0.213785
1.571800	0.204283
1.576600	0.193426
1.581400	0.158212
1.586200	0.153642
1.591000	0.154071
1.595800	0.146595
1.600600	0.132874
1.605400	0.135632
1.610200	0.135302
1.615000	0.115458
1.619800	0.104398
1.624600	0.089625
1.629400	0.065979
1.634200	0.050404
1.639000	0.031047
1.643800	0.016303
1.648600	0.000000
1.653400	0.000000
1.658200	0.000000
1.663000	0.000000
1.667800	0.000000
1.672600	0.000000
1.677400	0.000000
1.682200	0.000000
1.687000	0.000000
1.691800	0.000000
1.696600	0.000000
1.701400	0.000000
1.706200	0.000000
1.711000	0.000000
1.715800	0.000000
1.720600	0.000000
1.725400	0.000000
1.730200	0.000000
1.735000	0.000000
1.739800	0.000000
1.744600	0.000000
1.749400	0.000000
1.754200	0.000000
1.759000	0.000000
1.763800	0.017920
1.768600	0.028963
1.773400	0.027620
1.778200	0.044095
1.783000	0.062530
1.787800	0.058630
1.792600	0.084354
1.797400	0.118169
1.802200	0.147952
1.807000	0.180622
1.811800	0.198855
1.816600	0.208316
1.821400	0.241573
1.826200	0.273087
1.831000	0.294550
1.835800	0.319772
1.840600	0.345252
1.845400	0.369656
1.850200	0.387029
1.855000	0.415727
1.859800	0.444586
1.864600	0.448498
1.869400	0.456153
1.874200	0.488280
1.879000	0.509447
1.883800	0.508007
1.888600	0.517339
1.893400	0.557394
1.898200	0.576400
1.903000	0.597869
1.907800	0.634704
1.912600	0.630087
1.917400	0.650653
1.922200	0.674026
1.927000	0.664431
1.931800	0.651952
1.936600	0.651749
1.941400	0.643672
1.946200	0.635618
1.951000	0.642008
1.955800	0.651291
1.960600	0.650036
1.965400	0.662296
1.970200	0.654501
1.975000	0.653473
1.979800	0.660170
1.984600	0.660268
1.989400	0.649665
1.994200	0.662854
1.999000	0.680730
2.003800	0.682889
2.008600	0.689497
2.013400	0.697166
2.018200	0.707239
2.023000	0.693816
2.027800	0.677659
2.032600	0.685652
2.037400	0.681317
2.042200	0.678486
2.047000	0.675062
2.051800	0.658955
2.056600	0.678272
2.061400	0.680880
2.066200	0.688048
2.071000	0.699811
2.075800	0.683015
2.080600	0.683197
2.085400	0.674271
2.090200	0.667320
2.095000	0.676584
2.099800	0.674517
2.104600	0.652554
2.109400	0.644812
2.114200	0.643998
2.119000	0.635426
2.123800	0.625827
2.128600	0.596113
2.133400	0.598269
2.138200	0.589356
2.143000	0.564959
2.147800	0.560857
2.152600	0.550164
2.157400	0.527337
2.162200	0.530910
2.167000	0.525305
2.171800	0.515428
2.176600	0.506023
2.181400	0.498583
2.186200	0.492907
2.191000	0.479471
2.195800	0.469935
2.200600	0.443646
2.205400	0.436746
2.210200	0.420366
2.215000	0.413662
2.219800	0.403512
2.224600	0.403846
2.229400	0.379829
2.234200	0.376351
2.239000	0.369782
2.243800	0.341156
2.248600	0.330666
2.253400	0.341808
2.258200	0.354678
2.263000	0.362622
2.267800	0.344134
2.272600	0.336801
2.277400	0.328499
2.282200	0.318313
2.287000	0.308647
2.291800	0.299751
2.296600	0.289726
2.301400	0.267280
2.306200	0.254755
2.311000	0.250808
2.315800	0.245060
2.320600	0.235227
2.325400	0.211401
2.330200	0.188641
2.335000	0.181887
2.339800	0.165091
2.344600	0.162253
2.349400	0.163196
2.354200	0.160338
2.359000	0.158319
2.363800	0.153763
2.368600	0.116880
2.373400	0.105536
2.378200	0.101450
2.383000	0.103051
2.387800	0.076034
2.392600	0.078454
2.397400	0.077373
2.402200	0.080846
2.407000	0.065644
2.411800	0.044553
2.416600	0.064235
2.421400	0.073920
2.426200	0.048814
2.431000	0.037947
2.435800	0.048342
2.440600	0.016370
2.445400	0.019861
2.450200	0.020480
2.455000	0.006086
2.459800	0.024091
2.464600	0.039127
2.469400	0.052741
2.474200	0.075619
2.479000	0.096233
2.483800	0.102223
2.488600	0.106578
2.493400	0.114159
2.498200	0.126072
2.503000	0.167140
2.507800	0.183181
2.512600	0.208087
2.517400	0.214155
2.522200	0.243867
2.527000	0.248433
2.531800	0.258166
2.536600	0.265744
2.541400	0.279477
2.546200	0.293146
2.551000	0.301781
2.555800	0.315578
2.560600	0.354331
2.565400	0.355269
2.570200	0.369434
2.575000	0.377764
2.579800	0.392969
2.584600	0.420522
2.589400	0.415380
2.594200	0.412571
2.599000	0.418320
2.603800	0.434035
2.608600	0.469249
2.613400	0.475758
2.618200	0.476227
2.623000	0.483488
2.627800	0.464852
2.632600	0.461952
2.637400	0.481277
2.642200	0.483716
2.647000	0.498030
2.651800	0.491844
2.656600	0.486623
2.661400	0.503857
2.666200	0.505149
2.671000	0.498987
2.675800	0.509718
2.680600	0.495829
2.685400	0.494093
2.690200	0.496306
2.695000	0.485141
2.699800	0.475713
2.704600	0.473305
2.709400	0.479626
2.714200	0.495996
2.719000	0.489970
2.723800	0.473525
2.728600	0.450571
2.733400	0.448025
2.738200	0.452905
2.743000	0.455605
2.747800	0.446980
2.752600	0.442592
2.757400	0.451202
2.762200	0.467406
2.767000	0.459426
2.771800	0.450563
2.776600	0.448120
2.781400	0.446352
2.786200	0.440128
2.791000	0.406964
2.795800	0.364727
2.800600	0.363328
2.805400	0.327845
2.810200	0.304708
2.815000	0.279529
2.819800	0.268411
2.824600	0.247827
2.829400	0.224046
2.834200	0.220094
2.839000	0.214433
2.843800	0.180694
2.848600	0.162529
2.853400	0.158912
2.858200	0.150015
2.863000	0.170629
2.867800	0.160742
2.872600	0.135082
2.877400	0.109091
2.882200	0.103633
2.887000	0.083750
2.891800	0.051795
2.896600	0.030148
2.901400	0.034191
2.906200	0.029351
2.911000	0.011644
2.915800	0.000000
2.920600	0.016259
2.925400	0.010004
2.930200	0.012452
2.935000	0.007154
2.939800	0.000000
2.944600	0.030316
2.949400	0.017538
2.954200	0.011958
2.959000	0.030248
2.963800	0.046415
2.968600	0.038449
2.973400	0.058110
2.978200	0.060616
2.983000	0.054699
2.987800	0.068517
2.992600	0.075091
2.997400	0.076597
3.002200	0.087171
3.007000	0.085837
3.011800	0.077533
3.016600	0.079713
3.021400	0.084667
3.026200	0.096728
3.031000	0.103210
3.035800	0.078918
3.040600	0.086862
3.045400	0.071445
3.050200	0.079911
3.055000	0.072894
3.059800	0.087978
3.064600	0.091779
3.069400	0.102169
3.074200	0.112289
3.079000	0.113824
3.083800	0.118094
3.088600	0.135337
3.093400	0.117633
3.098200	0.138911
3.103000	0.154839
3.107800	0.160195
3.112600	0.158626
3.117400	0.153024
3.122200	0.175130
3.127000	0.179090
3.131800	0.183699
3.136600	0.178332
3.141400	0.156868
3.146200	0.158621
3.151000	0.155068
3.155800	0.155922
3.160600	0.172129
3.165400	0.192317
3.170200	0.187665
3.175000	0.202976
3.179800	0.203608
3.184600	0.219275
3.189400	0.230714
3.194200	0.234783
3.199000	0.237523
3.203800	0.238588
3.208600	0.243980
3.213400	0.272454
3.218200	0.282741
3.223000	0.303328
3.227800	0.311777
3.232600	0.329038
3.237400	0.341994
3.242200	0.347036
3.247000	0.332510
3.251800	0.335310
3.256600	0.356147
3.261400	0.387683
3.266200	0.397429
3.271000	0.382936
3.275800	0.393725
3.280600	0.414842
3.285400	0.419488
3.290200	0.416445
3.295000	0.408499
3.299800	0.411423
3.304600	0.410023
3.309400	0.414130
3.314200	0.402686
3.319000	0.383103
3.323800	0.389808
3.328600	0.404609
3.333400	0.397870
3.338200	0.427895
3.343000	0.438426
3.347800	0.446143
3.352600	0.449286
3.357400	0.463291
3.362200	0.471271
3.367000	0.486717
3.371800	0.488144
3.376600	0.516233
3.381400	0.531122
3.386200	0.511795
3.391000	0.517501
3.395800	0.497285
3.400600	0.493113
3.405400	0.516435
3.410200	0.537014
3.415000	0.535262
3.419800	0.535797
3.424600	0.555489
3.429400	0.566146
3.434200	0.584319
3.439000	0.597952
3.443800	0.624432
3.448600	0.647137
3.453400	0.630967
3.458200	0.627916
3.463000	0.622419
3.467800	0.627486
3.472600	0.651835
3.477400	0.616568
3.482200	0.629167
3.487000	0.631875
3.491800	0.614119
3.496600	0.599821
3.501400	0.602144
3.506200	0.591118
3.511000	0.595886
3.515800	0.578211
3.520600	0.577610
3.525400	0.570243
3.530200	0.565054
3.535000	0.552712
3.539800	0.550136
3.544600	0.559346
3.549400	0.563001
3.554200	0.560440
3.559000	0.540446
3.563800	0.540225
3.568600	0.545402
3.573400	0.527786
3.578200	0.532840
3.583000	0.531882
3.587800	0.536581
3.592600	0.523829
3.597400	0.520181
3.602200	0.506470
3.607000	0.498168
3.611800	0.491775
3.616600	0.487991
3.621400	0.471275
3.626200	0.467611
3.631000	0.444069
3.635800	0.425793
3.640600	0.422403
3.645400	0.411174
3.650200	0.404821
3.655000	0.382421
3.659800	0.377141
3.664600	0.369931
3.669400	0.354585
3.674200	0.370427
3.679000	0.354898
3.683800	0.359170
3.688600	0.347065
3.693400	0.347033
3.698200	0.321409
3.703000	0.315491
3.707800	0.301464
3.712600	0.296412
3.717400	0.296576
3.722200	0.286485
3.727000	0.280408
3.731800	0.271789
3.736600	0.279289
3.741400	0.267632
3.746200	0.253965
3.751000	0.258915
3.755800	0.246483
3.760600	0.252281
3.765400	0.245830
3.770200	0.259419
3.775000	0.244408
3.779800	0.255274
3.784600	0.255269
3.789400	0.253479
3.794200	0.257373
3.799000	0.259920
3.803800	0.283608
3.808600	0.283349
3.813400	0.273960
3.818200	0.286144
3.823000	0.280408
3.827800	0.283383
3.832600	0.291039
3.837400	0.285714
3.842200	0.281845
3.847000	0.301365
3.851800	0.313815
3.856600	0.317126
3.861400	0.311457
3.866200	0.326311
3.871000	0.318013
3.875800	0.298564
3.880600	0.288692
3.885400	0.292015
3.890200	0.285735
3.895000	0.293861
3.899800	0.266627
3.904600	0.268648
3.909400	0.253356
3.914200	0.233155
3.919000	0.253295
3.923800	0.272739
3.928600	0.269625
3.933400	0.268892
3.938200	0.245581
3.943000	0.235898
3.947800	0.229709
3.952600	0.233267
3.957400	0.223477
3.962200	0.226991
3.967000	0.220637
3.971800	0.209619
3.976600	0.194209
3.981400	0.173541
3.986200	0.183093
3.991000	0.193330
3.995800	0.191242
4.000600	0.183576
4.005400	0.160432
4.010200	0.178951
4.015000	0.164163
4.019800	0.163977
4.024600	0.181111
4.029400	0.178160
4.034200	0.168127
4.039000	0.170569
4.043800	0.168977
4.048600	0.191562
4.053400	0.182780
4.058200	0.185432
4.063000	0.191801
4.067800	0.188371
4.072600	0.189104
4.077400	0.183452
4.082200	0.181545
4.087000	0.175426
4.091800	0.179074
4.096600	0.165154
4.101400	0.176776
4.106200	0.184836
4.111000	0.183779
4.115800	0.173488
4.120600	0.163551
4.125400	0.154151
4.130200	0.150519
4.135000	0.154363
4.139800	0.150265
4.144600	0.141984
4.149400	0.131620
4.154200	0.126107
4.159000	0.133487
4.163800	0.131590
4.168600	0.133717
4.173400	0.118416
4.178200	0.120974
4.183000	0.122661
4.187800	0.107897
4.192600	0.102312
4.197400	0.098213
4.202200	0.119260
4.207000	0.082024
4.211800	0.095147
4.216600	0.102178
4.221400	0.117188
4.226200	0.104826
4.231000	0.120145
4.235800	0.136462
4.240600	0.143320
4.245400	0.144341
4.250200	0.146184
4.255000	0.151522
4.259800	0.147845
4.264600	0.159149
4.269400	0.161229
4.274200	0.186695
4.279000	0.194156
4.283800	0.182538
4.288600	0.186235
4.293400	0.176526
4.298200	0.186850
4.303000	0.161994
4.307800	0.176358
4.312600	0.180523
4.317400	0.198141
4.322200	0.210495
4.327000	0.197177
4.331800	0.195611
4.336600	0.185007
4.341400	0.176765
4.346200	0.171677
4.351000	0.164517
4.355800	0.162072
4.360600	0.159310
4.365400	0.130202
4.370200	0.137800
4.375000	0.147972
4.379800	0.127844
4.384600	0.117921
4.389400	0.103430
4.394200	0.112628
4.399000	0.107274
4.403800	0.097640
4.408600	0.123894
4.413400	0.130477
4.418200	0.132168
4.423000	0.141210
4.427800	0.135020
4.432600	0.147585
4.437400	0.152506
4.442200	0.152860
4.447000	0.173737
4.451800	0.178820
4.456600	0.160347
4.461400	0.183339
4.466200	0.203241
4.471000	0.226738
4.475800	0.240323
4.480600	0.259430
4.485400	0.271001
4.490200	0.290062
4.495000	0.296056
4.499800	0.294738
4.504600	0.302281
4.509400	0.306097
4.514200	0.322569
4.519000	0.340494
4.523800	0.340976
4.528600	0.351511
4.533400	0.363516
4.538200	0.389709
4.543000	0.399121
4.547800	0.409954
4.552600	0.403060
4.557400	0.395114
4.562200	0.414029
4.567000	0.430943
4.571800	0.449701
4.576600	0.451612
4.581400	0.449829
4.586200	0.450832
4.591000	0.456039
4.595800	0.463343
4.600600	0.475760
4.605400	0.467110
4.610200	0.456982
4.615000	0.446937
4.619800	0.457179
4.624600	0.468283
4.629400	0.490756
4.634200	0.486393
4.639000	0.474630
4.643800	0.468292
4.648600	0.471140
4.653400	0.475064
4.658200	0.488986
4.663000	0.486687
4.667800	0.486591
4.672600	0.497415
4.677400	0.515263
4.682200	0.513182
4.687000	0.514702
4.691800	0.500375
4.696600	0.499517
4.701400	0.490888
4.706200	0.498940
4.711000	0.500097
4.715800	0.480365
4.720600	0.495957
4.725400	0.496640
4.730200	0.494805
4.735000	0.470059
4.739800	0.492382
4.744600	0.477564
4.749400	0.444769
4.754200	0.421484
4.759000	0.435677
4.763800	0.413064
4.768600	0.390304
4.773400	0.384681
4.778200	0.372372
4.783000	0.344363
4.787800	0.330796
4.792600	0.320504
4.797400	0.302886
4.802200	0.293987
4.807000	0.264312
4.811800	0.243765
4.816600	0.240371
4.821400	0.240686
4.826200	0.258429
4.831000	0.227213
4.835800	0.228840
4.840600	0.217465
4.845400	0.197102
4.850200	0.177355
4.855000	0.168506
4.859800	0.163137
4.864600	0.157305
4.869400	0.157299
4.874200	0.153443
4.879000	0.146913
4.883800	0.141775
4.888600	0.142671
4.893400	0.133312
4.898200	0.158407
4.903000	0.156022
4.907800	0.141791
4.912600	0.144577
4.917400	0.167277
4.922200	0.187905
4.927000	0.184226
4.931800	0.174020
4.936600	0.189202
4.941400	0.161584
4.946200	0.176099
4.951000	0.175009
4.955800	0.179297
4.960600	0.187727
4.965400	0.195477
4.970200	0.193381
4.975000	0.212133
4.979800	0.204223
4.984600	0.209329
4.989400	0.224908
4.994200	0.220775
4.999000	0.205536
5.003800	0.203936
5.008600	0.204333
5.013400	0.200108
5.018200	0.202415
5.023000	0.203020
5.027800	0.200803
5.032600	0.216027
5.037400	0.232833
5.042200	0.248442
5.047000	0.264385
5.051800	0.251077
5.056600	0.246450
5.061400	0.250423
5.066200	0.262919
5.071000	0.245622
5.075800	0.239102
5.080600	0.245655
5.085400	0.268562
5.090200	0.272066
5.095000	0.274466
5.099800	0.273158
5.104600	0.258664
5.109400	0.270362
5.114200	0.274726
5.119000	0.299006
5.123800	0.295297
5.128600	0.299129
5.133400	0.301841
5.138200	0.330197
5.143000	0.359354
5.147800	0.382382
5.152600	0.400242
5.157400	0.411927
5.162200	0.410104
5.167000	0.408242
5.171800	0.423926
5.176600	0.446446
5.181400	0.460144
5.186200	0.458132
5.191000	0.464562
5.195800	0.471410
5.200600	0.473178
5.205400	0.453730
5.210200	0.419688
5.215000	0.426620
5.219800	0.425203
5.224600	0.421216
5.229400	0.418507
5.234200	0.408622
5.239000	0.405912
5.243800	0.386083
5.248600	0.380243
5.253400	0.362490
5.258200	0.344113
5.263000	0.321201
5.267800	0.307024
5.272600	0.290000
5.277400	0.278003
5.282200	0.293076
5.287000	0.286156
5.291800	0.253661
5.296600	0.250585
5.301400	0.244303
5.306200	0.216602
5.311000	0.200532
5.315800	0.196525
5.320600	0.192701
5.325400	0.192834
5.330200	0.190615
5.335000	0.171677
5.339800	0.164353
5.344600	0.153343
5.349400	0.139885
5.354200	0.117316
5.359000	0.082959
5.363800	0.089462
5.368600	0.077765
5.373400	0.081581
5.378200	0.085434
5.383000	0.082227
5.387800	0.054699
5.392600	0.053621
5.397400	0.050715
5.402200	0.035235
5.407000	0.027703
5.411800	0.028335
5.416600	0.015304
5.421400	0.007364
5.426200	0.006646
5.431000	0.000000
5.435800	0.000000
5.440600	0.000000
5.445400	0.000000
5.450200	0.000000
5.455000	0.000000
5.459800	0.000000
5.464600	0.000000
5.469400	0.000000
5.474200	0.000000
5.479000	0.000000
5.483800	0.000000
5.488600	0.000000
5.493400	0.000000
5.498200	0.000000
5.503000	0.000000
5.507800	0.000000
5.512600	0.000000
5.517400	0.000000
5.522200	0.000000
5.527000	0.000000
5.531800	0.000000
5.536600	0.000000
5.541400	0.000000
5.546200	0.000000
5.551000	0.000000
5.555800	0.000000
5.560600	0.000000
5.565400	0.000000
5.570200	0.000000
5.575000	0.000000
5.579800	0.000000
5.584600	0.000000
5.589400	0.000000
5.594200	0.000000
5.599000	0.001925
5.603800	0.037459
5.608600	0.058052
5.613400	0.076160
5.618200	0.088541
5.623000	0.119484
5.627800	0.136163
5.632600	0.164118
5.637400	0.200173
5.642200	0.221916
5.647000	0.256795
5.651800	0.267129
5.656600	0.304177
5.661400	0.326064
5.666200	0.352026
5.671000	0.359949
5.675800	0.373373
5.680600	0.388844
5.685400	0.390337
5.690200	0.398834
5.695000	0.398614
5.699800	0.411488
5.704600	0.425611
5.709400	0.417468
5.714200	0.412919
5.719000	0.429611
5.723800	0.415324
5.728600	0.424233
5.733400	0.431074
5.738200	0.429173
5.743000	0.441017
5.747800	0.424394
5.752600	0.418686
5.757400	0.427056
5.762200	0.423328
5.767000	0.445347
5.771800	0.428965
5.776600	0.427933
5.781400	0.435596
5.786200	0.433866
5.791000	0.439688
5.795800	0.446956
5.800600	0.451513
5.805400	0.445022
5.810200	0.434458
5.815000	0.422856
5.819800	0.419963
5.824600	0.424260
5.829400	0.419137
5.834200	0.407519
5.839000	0.417297
5.843800	0.427693
5.848600	0.432391
5.853400	0.421049
5.858200	0.417270
5.863000	0.414397
5.867800	0.406818
5.872600	0.400644
5.877400	0.403757
5.882200	0.409822
5.887000	0.423741
5.891800	0.430282
5.896600	0.426992
5.901400	0.436763
5.906200	0.420373
5.911000	0.414035
5.915800	0.411402
5.920600	0.425342
5.925400	0.412233
5.930200	0.408531
5.935000	0.400861
5.939800	0.393994
5.944600	0.385456
5.949400	0.389680
5.954200	0.383297
5.959000	0.374276
5.963800	0.356980
5.968600	0.347938
5.973400	0.362366
5.978200	0.379982
5.983000	0.391585
5.987800	0.396548
5.992600	0.400694
5.997400	0.420721
6.002200	0.427019
6.007000	0.425418
6.011800	0.417205
6.016600	0.414107
6.021400	0.418880
6.026200	0.424470
6.031000	0.413669
6.035800	0.412156
6.040600	0.425283
6.045400	0.431526
6.050200	0.448541
6.055000	0.472634
6.059800	0.469513
6.064600	0.473651
6.069400	0.474837
6.074200	0.484479
6.079000	0.485741
6.083800	0.497831
6.088600	0.509329
6.093400	0.509953
6.098200	0.518608
6.103000	0.528986
6.107800	0.542260
6.112600	0.557264
6.117400	0.577338
6.122200	0.586897
6.127000	0.606998
6.131800	0.610301
6.136600	0.612461
6.141400	0.617247
6.146200	0.623946
6.151000	0.629387
6.155800	0.638828
6.160600	0.649346
6.165400	0.660429
6.170200	0.660926
6.175000	0.654887
6.179800	0.641104
6.184600	0.641900
6.189400	0.631256
6.194200	0.620914
6.199000	0.601242
6.203800	0.597181
6.208600	0.574055
6.213400	0.560951
6.218200	0.559625
6.223000	0.544783
6.227800	0.540122
6.232600	0.535045
6.237400	0.513602
6.242200	0.506501
6.247000	0.504988
6.251800	0.494428
6.256600	0.505939
6.261400	0.480398
6.266200	0.444513
6.271000	0.451850
6.275800	0.449555
6.280600	0.463538
6.285400	0.460805
6.290200	0.440771
6.295000	0.430183
6.299800	0.381862
6.304600	0.371773
6.309400	0.362137
6.314200	0.331913
6.319000	0.318772
6.323800	0.299614
6.328600	0.294187
6.333400	0.280498
6.338200	0.268118
6.343000	0.271383
6.347800	0.260792
6.352600	0.254325
6.357400	0.243068
6.362200	0.240549
6.367000	0.242705
6.371800	0.227512
6.376600	0.209941
6.381400	0.201403
6.386200	0.193564
6.391000	0.181682
6.395800	0.164600
6.400600	0.161306
6.405400	0.158038
6.410200	0.161920
6.415000	0.151317
6.419800	0.130574
6.424600	0.124569
6.429400	0.134589
6.434200	0.126841
6.439000	0.131385
6.443800	0.125368
6.448600	0.117215
6.453400	0.102017
6.458200	0.107049
6.463000	0.083253
6.467800	0.096672
6.472600	0.091439
6.477400	0.084676
6.482200	0.080857
6.487000	0.082538
6.491800	0.087624
6.496600	0.104954
6.501400	0.106682
6.506200	0.095303
6.511000	0.076796
6.515800	0.076092
6.520600	0.069973
6.525400	0.060718
6.530200	0.055339
6.535000	0.067734
6.539800	0.065558
6.544600	0.098589
6.549400	0.106457
6.554200	0.127927
6.559000	0.124783
6.563800	0.135333
6.568600	0.151197
6.573400	0.148965
6.578200	0.158739
6.583000	0.163536
6.587800	0.150945
6.592600	0.167861
6.597400	0.162288
6.602200	0.170872
6.607000	0.177284
6.611800	0.209598
6.616600	0.220996
6.621400	0.229163
6.626200	0.233061
6.631000	0.246949
6.635800	0.260360
6.640600	0.263494
6.645400	0.276662
6.650200	0.278192
6.655000	0.269300
6.659800	0.258235
6.664600	0.266541
6.669400	0.264560
6.674200	0.279818
6.679000	0.292191
6.683800	0.297836
6.688600	0.287770
6.693400	0.289604
6.698200	0.272815
6.703000	0.270176
6.707800	0.273177
6.712600	0.267681
6.717400	0.272051
6.722200	0.266847
6.727000	0.265446
6.731800	0.282012
6.736600	0.282088
6.741400	0.306560
6.746200	0.308852
6.751000	0.303348
6.755800	0.305424
6.760600	0.320679
6.765400	0.324925
6.770200	0.334385
6.775000	0.330587
6.779800	0.334622
6.784600	0.326141
6.789400	0.306739
6.794200	0.313712
6.799000	0.335248
6.803800	0.327716
6.808600	0.316549
6.813400	0.279865
6.818200	0.261938
6.823000	0.256906
6.827800	0.244917
6.832600	0.263413
6.837400	0.267061
6.842200	0.262673
6.847000	0.284213
6.851800	0.276100
6.856600	0.286393
6.861400	0.274606
6.866200	0.277792
6.871000	0.281585
6.875800	0.295047
6.880600	0.287616
6.885400	0.286901
6.890200	0.288225
6.895000	0.288369
6.899800	0.284410
6.904600	0.283402
6.909400	0.286280
6.914200	0.274048
6.919000	0.278724
6.923800	0.274373
6.928600	0.279802
6.933400	0.290882
6.938200	0.303408
6.943000	0.291396
6.947800	0.301707
6.952600	0.306956
6.957400	0.307920
6.962200	0.277885
6.967000	0.272032
6.971800	0.259755
6.976600	0.250884
6.981400	0.243184
6.986200	0.252900
6.991000	0.238332
6.995800	0.256152
7.000600	0.231914
7.005400	0.237165
7.010200	0.244771
7.015000	0.244998
7.019800	0.238125
7.024600	0.242874
7.029400	0.226380
7.034200	0.227904
7.039000	0.231630
7.043800	0.242917
7.048600	0.240011
7.053400	0.252052
7.058200	0.252964
7.063000	0.256000
7.067800	0.251243
7.072600	0.268121
7.077400	0.231980
7.082200	0.230387
7.087000	0.204280
7.091800	0.199731
7.096600	0.208150
7.101400	0.205513
7.106200	0.206338
7.111000	0.199760
7.115800	0.192530
7.120600	0.189564
7.125400	0.180674
7.130200	0.198318
7.135000	0.192273
7.139800	0.200220
7.144600	0.178626
7.149400	0.162070
7.154200	0.146454
7.159000	0.148578
7.163800	0.136167
7.168600	0.135796
7.173400	0.134103
7.178200	0.120521
7.183000	0.114253
7.187800	0.124392
7.192600	0.132804
7.197400	0.135189
7.202200	0.148243
7.207000	0.155565
7.211800	0.142858
7.216600	0.149210
7.221400	0.149365
7.226200	0.137703
7.231000	0.154980
7.235800	0.157597
7.240600	0.163496
7.245400	0.173531
7.250200	0.165615
7.255000	0.182542
7.259800	0.186538
7.264600	0.187725
7.269400	0.188749
7.274200	0.173842
7.279000	0.189170
7.283800	0.195991
7.288600	0.203997
7.293400	0.199565
7.298200	0.189585
7.303000	0.195141
7.307800	0.202507
7.312600	0.196754
7.317400	0.203455
7.322200	0.204920
7.327000	0.201630
7.331800	0.189389
7.336600	0.177227
7.341400	0.181385
7.346200	0.210906
7.351000	0.227691
7.355800	0.236038
7.360600	0.256680
7.365400	0.269399
7.370200	0.284624
7.375000	0.292805
7.379800	0.288926
7.384600	0.302127
7.389400	0.302257
7.394200	0.311119
7.399000	0.315797
7.403800	0.325722
7.408600	0.315534
7.413400	0.332541
7.418200	0.334412
7.423000	0.338414
7.427800	0.325319
7.432600	0.316874
7.437400	0.322962
7.442200	0.327327
7.447000	0.341531
7.451800	0.342659
7.456600	0.359359
7.461400	0.358513
7.466200	0.349687
7.471000	0.329872
7.475800	0.328996
7.480600	0.299176
7.485400	0.301876
7.490200	0.290267
7.495000	0.303238
7.499800	0.291282
7.504600	0.278463
7.509400	0.279954
7.514200	0.278548
7.519000	0.253040
7.523800	0.248705
7.528600	0.228786
7.533400	0.240780
7.538200	0.225319
7.543000	0.209573
7.547800	0.186142
7.552600	0.182829
7.557400	0.160544
7.562200	0.168470
7.567000	0.153415
7.571800	0.143503
7.576600	0.135545
7.581400	0.140700
7.586200	0.127262
7.591000	0.125957
7.595800	0.114027
7.600600	0.116657
7.605400	0.097747
7.610200	0.106792
7.615000	0.096040
7.619800	0.108765
7.624600	0.110406
7.629400	0.090346
7.634200	0.083807
7.639000	0.081729
7.643800	0.068303
7.648600	0.058800
7.653400	0.071425
7.658200	0.084810
7.663000	0.069910
7.667800	0.088847
7.672600	0.074230
7.677400	0.086242
7.682200	0.084643
7.687000	0.101038
7.691800	0.107634
7.696600	0.124530
7.701400	0.126015
7.706200	0.129284
7.711000	0.141627
7.715800	0.163260
7.720600	0.174982
7.725400	0.184240
7.730200	0.203784
7.735000	0.207825
7.739800	0.194423
7.744600	0.210674
7.749400	0.214148
7.754200	0.230405
7.759000	0.262808
7.763800	0.262657
7.768600	0.268582
7.773400	0.273657
7.778200	0.295314
7.783000	0.312226
7.787800	0.312478
7.792600	0.336528
7.797400	0.353613
7.802200	0.371291
7.807000	0.400864
7.811800	0.394222
7.816600	0.412063
7.821400	0.429095
7.826200	0.436289
7.831000	0.455440
7.835800	0.456380
7.840600	0.478329
7.845400	0.491196
7.850200	0.494284
7.855000	0.519455
7.859800	0.529096
7.864600	0.549018
7.869400	0.577213
7.874200	0.592800
7.879000	0.596566
7.883800	0.603688
7.888600	0.616365
7.893400	0.615051
7.898200	0.599012
7.903000	0.590957
7.907800	0.595024
7.912600	0.590142
7.917400	0.596013
7.922200	0.593461
7.927000	0.586348
7.931800	0.588844
7.936600	0.577149
7.941400	0.568506
7.946200	0.552754
7.951000	0.536458
7.955800	0.522967
7.960600	0.519383
7.965400	0.520019
7.970200	0.508698
7.975000	0.492684
7.979800	0.473467
7.984600	0.450645
7.989400	0.418561
7.994200	0.395597
7.999000	0.376016
8.003800	0.368972
8.008600	0.346039
8.013400	0.354691
8.018200	0.329526
8.023000	0.314464
8.027800	0.285807
8.032600	0.263122
8.037400	0.261299
8.042200	0.241939
8.047000	0.219986
8.051800	0.211277
8.056600	0.199851
8.061400	0.199416
8.066200	0.158323
8.071000	0.148481
8.075800	0.151811
8.080600	0.159324
8.085400	0.146738
8.090200	0.151179
8.095000	0.130656
8.099800	0.128265
8.104600	0.126199
8.109400	0.117972
8.114200	0.098429
8.119000	0.082233
8.123800	0.080200
8.128600	0.076045
8.133400	0.061094
8.138200	0.038909
8.143000	0.030802
8.147800	0.027586
8.152600	0.014330
8.157400	0.007984
8.162200	0.015084
8.167000	0.013037
8.171800	0.000000
8.176600	0.000000
8.181400	0.014241
8.186200	0.013749
8.191000	0.006521
8.195800	0.028543
8.200600	0.013249
8.205400	0.016218
8.210200	0.010545
8.215000	0.028559
8.219800	0.038380
8.224600	0.041054
8.229400	0.051081
8.234200	0.065817
8.239000	0.079796
8.243800	0.091911
8.248600	0.092282
8.253400	0.102177
8.258200	0.117916
8.263000	0.115572
8.267800	0.132411
8.272600	0.158602
8.277400	0.155814
8.282200	0.163776
8.287000	0.174461
8.291800	0.170365
8.296600	0.189179
8.301400	0.213072
8.306200	0.225041
8.311000	0.226486
8.315800	0.237982
8.320600	0.255680
8.325400	0.252604
8.330200	0.240051
8.335000	0.248889
8.339800	0.238229
8.344600	0.255236
8.349400	0.254148
8.354200	0.249818
8.359000	0.254123
8.363800	0.259394
8.368600	0.265678
8.373400	0.253218
8.378200	0.245305
8.383000	0.252458
8.387800	0.242169
8.392600	0.246482
8.397400	0.236617
8.402200	0.221850
8.407000	0.203167
8.411800	0.193966
8.416600	0.182506
8.421400	0.166462
8.426200	0.162700
8.431000	0.167278
8.435800	0.146020
8.440600	0.130281
8.445400	0.120145
8.450200	0.100872
8.455000	0.085918
8.459800	0.087579
8.464600	0.076342
8.469400	0.065105
8.474200	0.041422
8.479000	0.028736
8.483800	0.029091
8.488600	0.031387
8.493400	0.030564
8.498200	0.016518
8.503000	0.005267
8.507800	0.000000
8.512600	0.000000
8.517400	0.000000
8.522200	0.000000
8.527000	0.000000
8.531800	0.000000
8.536600	0.000000
8.541400	0.000000
8.546200	0.000000
8.551000	0.000000
8.555800	0.000000
8.560600	0.000000
8.565400	0.000000
8.570200	0.000000
8.575000	0.000000
8.579800	0.000000
8.584600	0.000000
8.589400	0.000000
8.594200	0.000000
8.599000	0.000000
8.603800	0.000000
8.608600	0.000000
8.613400	0.000000
8.618200	0.000000
8.623000	0.000000
8.627800	0.000000
8.632600	0.000000
8.637400	0.000000
8.642200	0.000000
8.647000	0.000000
8.651800	0.000000
8.656600	0.000000
8.661400	0.000000
8.666200	0.000000
8.671000	0.000000
8.675800	0.000000
8.680600	0.000000
8.685400	0.000000
8.690200	0.000000
8.695000	0.000000
8.699800	0.000000
8.704600	0.027519
8.709400	0.059550
8.714200	0.079051
8.719000	0.096779
8.723800	0.113297
8.728600	0.109499
8.733400	0.136163
8.738200	0.161030
8.743000	0.180559
8.747800	0.208766
8.752600	0.212367
8.757400	0.231593
8.762200	0.232210
8.767000	0.246315
8.771800	0.250600
8.776600	0.274063
8.781400	0.283830
8.786200	0.291737
8.791000	0.292213
8.795800	0.308931
8.800600	0.307298
8.805400	0.326374
8.810200	0.357542
8.815000	0.365576
8.819800	0.366814
8.824600	0.374446
8.829400	0.363690
8.834200	0.345448
8.839000	0.351991
8.843800	0.341773
8.848600	0.340138
8.853400	0.337773
8.858200	0.344600
8.863000	0.365651
8.867800	0.358007
8.872600	0.369354
8.877400	0.374057
8.882200	0.363005
8.887000	0.364054
8.891800	0.362424
8.896600	0.345886
8.901400	0.346669
8.906200	0.343291
8.911000	0.339082
8.915800	0.331151
8.920600	0.322706
8.925400	0.298034
8.930200	0.297318
8.935000	0.289461
8.939800	0.301615
8.944600	0.294900
8.949400	0.279949
8.954200	0.273611
8.959000	0.256102
8.963800	0.242801
8.968600	0.245451
8.973400	0.249660
8.978200	0.267755
8.983000	0.271108
8.987800	0.279460
8.992600	0.278470
8.997400	0.259812
9.002200	0.269729
9.007000	0.295616
9.011800	0.304640
9.016600	0.307284
9.021400	0.289680
9.026200	0.276452
9.031000	0.272605
9.035800	0.266568
9.040600	0.266181
9.045400	0.263495
9.050200	0.260381
9.055000	0.276943
9.059800	0.280636
9.064600	0.259645
9.069400	0.264334
9.074200	0.263801
9.079000	0.253838
9.083800	0.262215
9.088600	0.280029
9.093400	0.286872
9.098200	0.290565
9.103000	0.277386
9.107800	0.271719
9.112600	0.262771
9.117400	0.257794
9.122200	0.270705
9.127000	0.272036
9.131800	0.280864
9.136600	0.289361
9.141400	0.297448
9.146200	0.283354
9.151000	0.295610
9.155800	0.291741
9.160600	0.308425
9.165400	0.312677
9.170200	0.305421
9.175000	0.304529
9.179800	0.314748
9.184600	0.289026
9.189400	0.284324
9.194200	0.287476
9.199000	0.298625
9.203800	0.298733
9.208600	0.298818
9.213400	0.320603
9.218200	0.322736
9.223000	0.324320
9.227800	0.304862
9.232600	0.326779
9.237400	0.323382
9.242200	0.303945
9.247000	0.278856
9.251800	0.274236
9.256600	0.271250
9.261400	0.278865
9.266200	0.276230
9.271000	0.277804
9.275800	0.273376
9.280600	0.258247
9.285400	0.270915
9.290200	0.274446
9.295000	0.291302
9.299800	0.274778
9.304600	0.288089
9.309400	0.276416
9.314200	0.279031
9.319000	0.274609
9.323800	0.280369
9.328600	0.273456
9.333400	0.263847
9.338200	0.224428
9.343000	0.202862
9.347800	0.187769
9.352600	0.181872
9.357400	0.153611
9.362200	0.151234
9.367000	0.163333
9.371800	0.148461
9.376600	0.160728
9.381400	0.160262
9.386200	0.155836
9.391000	0.144027
9.395800	0.125595
9.400600	0.117497
9.405400	0.100525
9.410200	0.081997
9.415000	0.080058
9.419800	0.068400
9.424600	0.068946
9.429400	0.087361
9.434200	0.067638
9.439000	0.060950
9.443800	0.072311
9.448600	0.069174
9.453400	0.065902
9.458200	0.093199
9.463000	0.091681
9.467800	0.093144
9.472600	0.084928
9.477400	0.089370
9.482200	0.109649
9.487000	0.111399
9.491800	0.125612
9.496600	0.143990
9.501400	0.174162
9.506200	0.184822
9.511000	0.168924
9.515800	0.181168
9.520600	0.184352
9.525400	0.189122
9.530200	0.216409
9.535000	0.213628
9.539800	0.200519
9.544600	0.200843
9.549400	0.201397
9.554200	0.204833
9.559000	0.216593
9.563800	0.232375
9.568600	0.258538
9.573400	0.265905
9.578200	0.276182
9.583000	0.282118
9.587800	0.279258
9.592600	0.268688
9.597400	0.286762
9.602200	0.289805
9.607000	0.297610
9.611800	0.312162
9.616600	0.308079
9.621400	0.295316
9.626200	0.299071
9.631000	0.297668
9.635800	0.317530
9.640600	0.331659
9.645400	0.346538
9.650200	0.360113
9.655000	0.360476
9.659800	0.368298
9.664600	0.357787
9.669400	0.344968
9.674200	0.346204
9.679000	0.367079
9.683800	0.350585
9.688600	0.356716
9.693400	0.339858
9.698200	0.333530
9.703000	0.332673
9.707800	0.323554
9.712600	0.301723
9.717400	0.303590
9.722200	0.307838
9.727000	0.311101
9.731800	0.306357
9.736600	0.293992
9.741400	0.283356
9.746200	0.263881
9.751000	0.267580
9.755800	0.266450
9.760600	0.287255
9.765400	0.290681
9.770200	0.302730
9.775000	0.313111
9.779800	0.345686
9.784600	0.348321
9.789400	0.356465
9.794200	0.354097
9.799000	0.342501
9.803800	0.328008
9.808600	0.327805
9.813400	0.322054
9.818200	0.318749
9.823000	0.304273
9.827800	0.285604
9.832600	0.284976
9.837400	0.270699
9.842200	0.258641
9.847000	0.246015
9.851800	0.232776
9.856600	0.212853
9.861400	0.197892
9.866200	0.197137
9.871000	0.194943
9.875800	0.179355
9.880600	0.181195
9.885400	0.174981
9.890200	0.192546
9.895000	0.190457
9.899800	0.181716
9.904600	0.187885
9.909400	0.177782
9.914200	0.169872
9.919000	0.154843
9.923800	0.156054
9.928600	0.162533
9.933400	0.159845
9.938200	0.167475
9.943000	0.172068
9.947800	0.184157
9.952600	0.189919
9.957400	0.177531
9.962200	0.147597
9.967000	0.153191
9.971800	0.155452
9.976600	0.149839
9.981400	0.147538
9.986200	0.152130
9.991000	0.128805
9.995800	0.132395
10.000600	0.139475
10.005400	0.140114
10.010200	0.140281
10.015000	0.141394
10.019800	0.164891
10.024600	0.187410
10.029400	0.192735
10.034200	0.174851
10.039000	0.170703
10.043800	0.196478
10.048600	0.197623
10.053400	0.200104
10.058200	0.199216
10.063000	0.204001
10.067800	0.218627
10.072600	0.242981
10.077400	0.246856
10.082200	0.255741
10.087000	0.279206
10.091800	0.289318
10.096600	0.290915
10.101400	0.282235
10.106200	0.277567
10.111000	0.282962
10.115800	0.297290
10.120600	0.297503
10.125400	0.302452
10.130200	0.306384
10.135000	0.314243
10.139800	0.321694
10.144600	0.316744
10.149400	0.326504
10.154200	0.338140
10.159000	0.334899
10.163800	0.339417
10.168600	0.341616
10.173400	0.343812
10.178200	0.348271
10.183000	0.338743
10.187800	0.350914
10.192600	0.347678
10.197400	0.359586
10.202200	0.366209
10.207000	0.377327
10.211800	0.366390
10.216600	0.376240
10.221400	0.377675
10.226200	0.390591
10.231000	0.399680
10.235800	0.411235
10.240600	0.422274
10.245400	0.440601
10.250200	0.461279
10.255000	0.469885
10.259800	0.475120
10.264600	0.484515
10.269400	0.495929
10.274200	0.517149
10.279000	0.535994
10.283800	0.542416
10.288600	0.543701
10.293400	0.544383
10.298200	0.538915
10.303000	0.541736
10.307800	0.547153
10.312600	0.532636
10.317400	0.522546
10.322200	0.510026
10.327000	0.508889
10.331800	0.507733
10.336600	0.514302
10.341400	0.517619
10.346200	0.523204
10.351000	0.507092
10.355800	0.502541
10.360600	0.496998
10.365400	0.493131
10.370200	0.485574
10.375000	0.467907
10.379800	0.459752
10.384600	0.451331
10.389400	0.441065
10.394200	0.426750
10.399000	0.406784
10.403800	0.405909
10.408600	0.402081
10.413400	0.383541
10.418200	0.373017
10.423000	0.365520
10.427800	0.359441
10.432600	0.341971
10.437400	0.314440
10.442200	0.296197
10.447000	0.275691
10.451800	0.261850
10.456600	0.245379
10.461400	0.211932
10.466200	0.202723
10.471000	0.177620
10.475800	0.159598
10.480600	0.132240
10.485400	0.109662
10.490200	0.097558
10.495000	0.100546
10.499800	0.089083
10.504600	0.083878
10.509400	0.064625
10.514200	0.049342
10.519000	0.045132
10.523800	0.048685
10.528600	0.037906
10.533400	0.034655
10.538200	0.027032
10.543000	0.029938
10.547800	0.021569
10.552600	0.005767
10.557400	0.000000
10.562200	0.000000
10.567000	0.000000
10.571800	0.000000
10.576600	0.000000
10.581400	0.000000
10.586200	0.000000
10.591000	0.000000
10.595800	0.000000
10.600600	0.000000
10.605400	0.000000
10.610200	0.000000
10.615000	0.000000
10.619800	0.000000
10.624600	0.000000
10.629400	0.000000
10.634200	0.000000
10.639000	0.000000
10.643800	0.000000
10.648600	0.000000
10.653400	0.000000
10.658200	0.000000
10.663000	0.000000
10.667800	0.000000
10.672600	0.000000
10.677400	0.000000
10.682200	0.000000
10.687000	0.000000
10.691800	0.000000
10.696600	0.000000
10.701400	0.000000
10.706200	0.002173
10.711000	0.010653
10.715800	0.036871
10.720600	0.032204
10.725400	0.049232
10.730200	0.052385
10.735000	0.078210
10.739800	0.087534
10.744600	0.120783
10.749400	0.140700
10.754200	0.165984
10.759000	0.182231
10.763800	0.193613
10.768600	0.209426
10.773400	0.230071
10.778200	0.245195
10.783000	0.259046
10.787800	0.270943
10.792600	0.280456
10.797400	0.302964
10.802200	0.325812
10.807000	0.322626
10.811800	0.330963
10.816600	0.351395
10.821400	0.357333
10.826200	0.365240
10.831000	0.380667
10.835800	0.371158
10.840600	0.367765
10.845400	0.371825
10.850200	0.382952
10.855000	0.394338
10.859800	0.394940
10.864600	0.403568
10.869400	0.410782
10.874200	0.405264
10.879000	0.399449
10.883800	0.399577
10.888600	0.396849
10.893400	0.380543
10.898200	0.376272
10.903000	0.355692
10.907800	0.360334
10.912600	0.349111
10.917400	0.341340
10.922200	0.336659
10.927000	0.328021
10.931800	0.334975
10.936600	0.322259
10.941400	0.314089
10.946200	0.311450
10.951000	0.297604
10.955800	0.274616
10.960600	0.254676
10.965400	0.234757
10.970200	0.233266
10.975000	0.220636
10.979800	0.215521
10.984600	0.214514
10.989400	0.191631
10.994200	0.193978
10.999000	0.185747
11.003800	0.187865
11.008600	0.173483
11.013400	0.162766
11.018200	0.154216
11.023000	0.149738
11.027800	0.125716
11.032600	0.118265
11.037400	0.112511
11.042200	0.101133
11.047000	0.105537
11.051800	0.096784
11.056600	0.091412
11.061400	0.087426
11.066200	0.079552
11.071000	0.085781
11.075800	0.072720
11.080600	0.068582
11.085400	0.070186
11.090200	0.073113
11.095000	0.071563
11.099800	0.072723
11.104600	0.058249
11.109400	0.075405
11.114200	0.082578
11.119000	0.077511
11.123800	0.063813
11.128600	0.072690
11.133400	0.062001
11.138200	0.061753
11.143000	0.064026
11.147800	0.070068
11.152600	0.069845
11.157400	0.073449
11.162200	0.071192
11.167000	0.079890
11.171800	0.077273
11.176600	0.087554
11.181400	0.099893
11.186200	0.109346
11.191000	0.115176
11.195800	0.127975
11.200600	0.133450
11.205400	0.154158
11.210200	0.166158
11.215000	0.178321
11.219800	0.192261
11.224600	0.184412
11.229400	0.209975
11.234200	0.231132
11.239000	0.233770
11.243800	0.244956
11.248600	0.258871
11.253400	0.296678
11.258200	0.311670
11.263000	0.336110
11.267800	0.340077
11.272600	0.363363
11.277400	0.368456
11.282200	0.386299
11.287000	0.391267
11.291800	0.405327
11.296600	0.418185
11.301400	0.419203
11.306200	0.408475
11.311000	0.420432
11.315800	0.418410
11.320600	0.427812
11.325400	0.431308
11.330200	0.417000
11.335000	0.414884
11.339800	0.437015
11.344600	0.446270
11.349400	0.434315
11.354200	0.450962
11.359000	0.458635
11.363800	0.459546
11.368600	0.466581
11.373400	0.463495
11.378200	0.461598
11.383000	0.455150
11.387800	0.442007
11.392600	0.435150
11.397400	0.433428
11.402200	0.408835
11.407000	0.399329
11.411800	0.382768
11.416600	0.370225
11.421400	0.358739
11.426200	0.363559
11.431000	0.343931
11.435800	0.339886
11.440600	0.332905
11.445400	0.326995
11.450200	0.320096
11.455000	0.314223
11.459800	0.318734
11.464600	0.301101
11.469400	0.295413
11.474200	0.293359
11.479000	0.282879
11.483800	0.272076
11.488600	0.260412
11.493400	0.252012
11.498200	0.252948
11.503000	0.235561
11.507800	0.236356
11.512600	0.223046
11.517400	0.214326
11.522200	0.232957
11.527000	0.230101
11.531800	0.218057
11.536600	0.206317
11.541400	0.205418
11.546200	0.210661
11.551000	0.211825
11.555800	0.196650
11.560600	0.221532
11.565400	0.224123
11.570200	0.205268
11.575000	0.220714
11.579800	0.222941
11.584600	0.214967
11.589400	0.217078
11.594200	0.216839
11.599000	0.214446
11.603800	0.208879
11.608600	0.215897
11.613400	0.225111
11.618200	0.225228
11.623000	0.222743
11.627800	0.221934
11.632600	0.205952
11.637400	0.200877
11.642200	0.187220
11.647000	0.189732
11.651800	0.187535
11.656600	0.190426
11.661400	0.192915
11.666200	0.202402
11.671000	0.229392
11.675800	0.232340
11.680600	0.238664
11.685400	0.237933
11.690200	0.236228
11.695000	0.251309
11.699800	0.261255
11.704600	0.279577
11.709400	0.297416
11.714200	0.310937
11.719000	0.318273
11.723800	0.335479
11.728600	0.347512
11.733400	0.360635
11.738200	0.358101
11.743000	0.368021
11.747800	0.371226
11.752600	0.381439
11.757400	0.395148
11.762200	0.390462
11.767000	0.398212
11.771800	0.403834
11.776600	0.418760
11.781400	0.421704
11.786200	0.412538
11.791000	0.420848
11.795800	0.422996
11.800600	0.436455
11.805400	0.439773
11.810200	0.436065
11.815000	0.432428
11.819800	0.437197
11.824600	0.423943
11.829400	0.412521
11.834200	0.417392
11.839000	0.434781
11.843800	0.431314
11.848600	0.429919
11.853400	0.423477
11.858200	0.429981
11.863000	0.437712
11.867800	0.436308
11.872600	0.425860
11.877400	0.402089
11.882200	0.396711
11.887000	0.386005
11.891800	0.367238
11.896600	0.352649
11.901400	0.344794
11.906200	0.343331
11.911000	0.330615
11.915800	0.318351
11.920600	0.311844
11.925400	0.306883
11.930200	0.281147
11.935000	0.280795
11.939800	0.279895
11.944600	0.275011
11.949400	0.268250
11.954200	0.259273
11.959000	0.243198
11.963800	0.239320
11.968600	0.246651
11.973400	0.237480
11.978200	0.233887
11.983000	0.223335
11.987800	0.210262
11.992600	0.195355
11.997400	0.187170
12.002200	0.180618
12.007000	0.156368
12.011800	0.148950
12.016600	0.150429
12.021400	0.154639
12.026200	0.151423
12.031000	0.148853
12.035800	0.165574
12.040600	0.159413
12.045400	0.168691
12.050200	0.162705
12.055000	0.141438
12.059800	0.135148
12.064600	0.136374
12.069400	0.124097
12.074200	0.121677
12.079000	0.103944
12.083800	0.105676
12.088600	0.115694
12.093400	0.097413
12.098200	0.092920
12.103000	0.103443
12.107800	0.099092
12.112600	0.095600
12.117400	0.104530
12.122200	0.108030
12.127000	0.110821
12.131800	0.123437
12.136600	0.128893
12.141400	0.131567
12.146200	0.120852
12.151000	0.112720
12.155800	0.114081
12.160600	0.117969
12.165400	0.135271
12.170200	0.161544
12.175000	0.170485
12.179800	0.166484
12.184600	0.168322
12.189400	0.187947
12.194200	0.197325
12.199000	0.210507
12.203800	0.196616
12.208600	0.212592
12.213400	0.220784
12.218200	0.235961
12.223000	0.246034
12.227800	0.248979
12.232600	0.247735
12.237400	0.246914
12.242200	0.239603
12.247000	0.233074
12.251800	0.240943
12.256600	0.242339
12.261400	0.241159
12.266200	0.244567
12.271000	0.263750
12.275800	0.285297
12.280600	0.296486
12.285400	0.288323
12.290200	0.294888
12.295000	0.308718
12.299800	0.320231
12.304600	0.338151
12.309400	0.347127
12.314200	0.350086
12.319000	0.362216
12.323800	0.377183
12.328600	0.390353
12.333400	0.391594
12.338200	0.386498
12.343000	0.400064
12.347800	0.408291
12.352600	0.409812
12.357400	0.428312
12.362200	0.451740
12.367000	0.456557
12.371800	0.461535
12.376600	0.458486
12.381400	0.474760
12.386200	0.474862
12.391000	0.469518
12.395800	0.478571
12.400600	0.475566
12.405400	0.472598
12.410200	0.487274
12.415000	0.493104
12.419800	0.485403
12.424600	0.495013
12.429400	0.497626
12.434200	0.504972
12.439000	0.503015
12.443800	0.505869
12.448600	0.526584
12.453400	0.535486
12.458200	0.533925
12.463000	0.557110
12.467800	0.569188
12.472600	0.560131
12.477400	0.570392
12.482200	0.567512
12.487000	0.571613
12.491800	0.587099
12.496600	0.592141
12.501400	0.590991
12.506200	0.590385
12.511000	0.598634
12.515800	0.610662
12.520600	0.620772
12.525400	0.622085
12.530200	0.623906
12.535000	0.623311
12.539800	0.635596
12.544600	0.633724
12.549400	0.631858
12.554200	0.630938
12.559000	0.639197
12.563800	0.643789
12.568600	0.629540
12.573400	0.629200
12.578200	0.617658
12.583000	0.616383
12.587800	0.618001
12.592600	0.616273
12.597400	0.616356
12.602200	0.634895
12.607000	0.640083
12.611800	0.653323
12.616600	0.642733
12.621400	0.650400
12.626200	0.657518
12.631000	0.661958
12.635800	0.666372
12.640600	0.666626
12.645400	0.667488
12.650200	0.666651
12.655000	0.662538
12.659800	0.662467
12.664600	0.639529
12.669400	0.628220
12.674200	0.623945
12.679000	0.630484
12.683800	0.631860
12.688600	0.634690
12.693400	0.625861
12.698200	0.623942
12.703000	0.608326
12.707800	0.611280
12.712600	0.613508
12.717400	0.625715
12.722200	0.618658
12.727000	0.606915
12.731800	0.596865
12.736600	0.596063
12.741400	0.574145
12.746200	0.557802
12.751000	0.556865
12.755800	0.553068
12.760600	0.550725
12.765400	0.549633
12.770200	0.558545
12.775000	0.573266
12.779800	0.583322
12.784600	0.586555
12.789400	0.591087
12.794200	0.597005
12.799000	0.610689
12.803800	0.610103
12.808600	0.589001
12.813400	0.588028
12.818200	0.605441
12.823000	0.615933
12.827800	0.620428
12.832600	0.619074
12.837400	0.617954
12.842200	0.618058
12.847000	0.633884
12.851800	0.646848
12.856600	0.638604
12.861400	0.637595
12.866200	0.656886
12.871000	0.664459
12.875800	0.665117
12.880600	0.670600
12.885400	0.677112
12.890200	0.670831
12.895000	0.668737
12.899800	0.674712
12.904600	0.670480
12.909400	0.686037
12.914200	0.678945
12.919000	0.691117
12.923800	0.704552
12.928600	0.705739
12.933400	0.711531
12.938200	0.722189
12.943000	0.729701
12.947800	0.747319
12.952600	0.774307
12.957400	0.784294
12.962200	0.796814
12.967000	0.805848
12.971800	0.813840
12.976600	0.830090
12.981400	0.820401
12.986200	0.828961
12.991000	0.842618
12.995800	0.845466
13.000600	0.835085
13.005400	0.849893
13.010200	0.847180
13.015000	0.865588
13.019800	0.878565
13.024600	0.877624
13.029400	0.884782
13.034200	0.883059
13.039000	0.892803
13.043800	0.885449
13.048600	0.888406
13.053400	0.884356
13.058200	0.890324
13.063000	0.892582
13.067800	0.896331
13.072600	0.905979
13.077400	0.920149
13.082200	0.920510
13.087000	0.919381
13.091800	0.916200
13.096600	0.912441
13.101400	0.914107
13.106200	0.907372
13.111000	0.913630
13.115800	0.924537
13.120600	0.931729
13.125400	0.938036
13.130200	0.935785
13.135000	0.932715
13.139800	0.927466
13.144600	0.928237
13.149400	0.941722
13.154200	0.934738
13.159000	0.929887
13.163800	0.921513
13.168600	0.915598
13.173400	0.916342
13.178200	0.907198
13.183000	0.905900
13.187800	0.893337
13.192600	0.878888
13.197400	0.888677
13.202200	0.893673
13.207000	0.893930
13.211800	0.892968
13.216600	0.895802
13.221400	0.890302
13.226200	0.898099
13.231000	0.893475
13.235800	0.896504
13.240600	0.885674
13.245400	0.882139
13.250200	0.873489
13.255000	0.862005
13.259800	0.862674
13.264600	0.853787
13.269400	0.849137
13.274200	0.865101
13.279000	0.881437
13.283800	0.862733
13.288600	0.867475
13.293400	0.870995
13.298200	0.884886
13.303000	0.875724
13.307800	0.863159
13.312600	0.868662
13.317400	0.861241
13.322200	0.851432
13.327000	0.854525
13.331800	0.845585
13.336600	0.842095
13.341400	0.851954
13.346200	0.848124
13.351000	0.847330
13.355800	0.854098
13.360600	0.862088
13.365400	0.864727
13.370200	0.875608
13.375000	0.891181
13.379800	0.891127
13.384600	0.888411
13.389400	0.903147
13.394200	0.919475
13.399000	0.910760
13.403800	0.922116
13.408600	0.942530
13.413400	0.947743
13.418200	0.952298
13.423000	0.970028
13.427800	0.970120
13.432600	0.966012
13.437400	0.976861
13.442200	0.978724
13.447000	0.994014
13.451800	1.002562
13.456600	1.010034
13.461400	1.017691
13.466200	1.044881
13.471000	1.064479
13.475800	1.083796
13.480600	1.093831
13.485400	1.098270
13.490200	1.114433
13.495000	1.122788
13.499800	1.120288
13.504600	1.138397
13.509400	1.149388
13.514200	1.168474
13.519000	1.175226
13.523800	1.185615
13.528600	1.190782
13.533400	1.215763
13.538200	1.218272
13.543000	1.234231
13.547800	1.242279
13.552600	1.244412
13.557400	1.249135
13.562200	1.266403
13.567000	1.281579
13.571800	1.284984
13.576600	1.295171
13.581400	1.291364
13.586200	1.307792
13.591000	1.312781
13.595800	1.332254
13.600600	1.347925
13.605400	1.353894
13.610200	1.356199
13.615000	1.366820
13.619800	1.385815
13.624600	1.389877
13.629400	1.401001
13.634200	1.410075
13.639000	1.424804
13.643800	1.434714
13.648600	1.435828
13.653400	1.446984
13.658200	1.443803
13.663000	1.455918
13.667800	1.457395
13.672600	1.474107
13.677400	1.483342
13.682200	1.488623
13.687000	1.491393
13.691800	1.500432
13.696600	1.516869
13.701400	1.536547
13.706200	1.541237
13.711000	1.560796
13.715800	1.565260
13.720600	1.579237
13.725400	1.605642
13.730200	1.616169
13.735000	1.628965
13.739800	1.631821
13.744600	1.630551
13.749400	1.636885
13.754200	1.646755
13.759000	1.657864
13.763800	1.671527
13.768600	1.682046
13.773400	1.695564
13.778200	1.710434
13.783000	1.715495
13.787800	1.731547
13.792600	1.744961
13.797400	1.770221
13.802200	1.793599
13.807000	1.798833
13.811800	1.800482
13.816600	1.829431
13.821400	1.845227
13.826200	1.862405
13.831000	1.862834
13.835800	1.883344
13.840600	1.900284
13.845400	1.912853
13.850200	1.937806
13.855000	1.973278
13.859800	1.995435
13.864600	2.017651
13.869400	2.042248
13.874200	2.066048
13.879000	2.105404
13.883800	2.142975
13.888600	2.159967
13.893400	2.177326
13.898200	2.216364
13.903000	2.241030
13.907800	2.252239
13.912600	2.295103
13.917400	2.320623
13.922200	2.351108
13.927000	2.366554
13.931800	2.399504
13.936600	2.436468
13.941400	2.447926
13.946200	2.472456
13.951000	2.501720
13.955800	2.527547
13.960600	2.573033
13.965400	2.623363
13.970200	2.667229
13.975000	2.709930
13.979800	2.743771
13.984600	2.776695
13.989400	2.813471
13.994200	2.854754
13.999000	2.875439
14.003800	2.896742
14.008600	2.919182
14.013400	2.940855
14.018200	2.966021
14.023000	2.981762
14.027800	3.018083
14.032600	3.060547
14.037400	3.084909
14.042200	3.107000
14.047000	3.132682
14.051800	3.154476
14.056600	3.180237
14.061400	3.204208
14.066200	3.220371
14.071000	3.251345
14.075800	3.275531
14.080600	3.295504
14.085400	3.326675
14.090200	3.359088
14.095000	3.377601
14.099800	3.402733
14.104600	3.435980
14.109400	3.466540
14.114200	3.503551
14.119000	3.521409
14.123800	3.557473
14.128600	3.572915
14.133400	3.585560
14.138200	3.597889
14.143000	3.609427
14.147800	3.629838
14.152600	3.630492
14.157400	3.650506
14.162200	3.663012
14.167000	3.683599
14.171800	3.704586
14.176600	3.715916
14.181400	3.732306
14.186200	3.737871
14.191000	3.769542
14.195800	3.789158
14.200600	3.809676
14.205400	3.815261
14.210200	3.824458
14.215000	3.828722
14.219800	3.849660
14.224600	3.862582
14.229400	3.873406
14.234200	3.871988
14.239000	3.884692
14.243800	3.890824
14.248600	3.910391
14.253400	3.932080
14.258200	3.941108
14.263000	3.959318
14.267800	3.967064
14.272600	3.986342
14.277400	4.010020
14.282200	4.028404
14.287000	4.043618
14.291800	4.054116
14.296600	4.064906
14.301400	4.073934
14.306200	4.093731
14.311000	4.110857
14.315800	4.131089
14.320600	4.148898
14.325400	4.160670
14.330200	4.163563
14.335000	4.174527
14.339800	4.188316
14.344600	4.207339
14.349400	4.219261
14.354200	4.232107
14.359000	4.239804
14.363800	4.263561
14.368600	4.283138
14.373400	4.305868
14.378200	4.329471
14.383000	4.344282
14.387800	4.353977
14.392600	4.370532
14.397400	4.391105
14.402200	4.411939
14.407000	4.430411
14.411800	4.444483
14.416600	4.443558
14.421400	4.460662
14.426200	4.480001
14.431000	4.483057
14.435800	4.502897
14.440600	4.530512
14.445400	4.526501
14.450200	4.543494
14.455000	4.547900
14.459800	4.565637
14.464600	4.571864
14.469400	4.567330
14.474200	4.587397
14.479000	4.597868
14.483800	4.604367
14.488600	4.609130
14.493400	4.599337
14.498200	4.591277
14.503000	4.581137
14.507800	4.568244
14.512600	4.561863
14.517400	4.562890
14.522200	4.556685
14.527000	4.542787
14.531800	4.538966
14.536600	4.535038
14.541400	4.528738
14.546200	4.521770
14.551000	4.514404
14.555800	4.512294
14.560600	4.495039
14.565400	4.474961
14.570200	4.457993
14.575000	4.440713
14.579800	4.424799
14.584600	4.416161
14.589400	4.393191
14.594200	4.375095
14.599000	4.358444
14.603800	4.339404
14.608600	4.319966
14.613400	4.303091
14.618200	4.277224
14.623000	4.250006
14.627800	4.218103
14.632600	4.181939
14.637400	4.146181
14.642200	4.109229
14.647000	4.067843
14.651800	4.028846
14.656600	3.977732
14.661400	3.932996
14.666200	3.893505
14.671000	3.851568
14.675800	3.816913
14.680600	3.770906
14.685400	3.740870
14.690200	3.698752
14.695000	3.662344
14.699800	3.618554
14.704600	3.571174
14.709400	3.534898
14.714200	3.494968
14.719000	3.459615
14.723800	3.409874
14.728600	3.364466
14.733400	3.321142
14.738200	3.281540
14.743000	3.242032
14.747800	3.210842
14.752600	3.172872
14.757400	3.137965
14.762200	3.103062
14.767000	3.071919
14.771800	3.032385
14.776600	2.996142
14.781400	2.955293
14.786200	2.914291
14.791000	2.873620
14.795800	2.831190
14.800600	2.796588
14.805400	2.755407
14.810200	2.716234
14.815000	2.678012
14.819800	2.645571
14.824600	2.611688
14.829400	2.577524
14.834200	2.545383
14.839000	2.506973
14.843800	2.466814
14.848600	2.430122
14.853400	2.393887
14.858200	2.363974
14.863000	2.337804
14.867800	2.301816
14.872600	2.273513
14.877400	2.242075
14.882200	2.213420
14.887000	2.183896
14.891800	2.158588
14.896600	2.127315
14.901400	2.094545
14.906200	2.062967
14.911000	2.027990
14.915800	1.999977
14.920600	1.972429
14.925400	1.942303
14.930200	1.912904
14.935000	1.880467
14.939800	1.849993
14.944600	1.815498
14.949400	1.793441
14.954200	1.766429
14.959000	1.741843
14.963800	1.719242
14.968600	1.686748
14.973400	1.654618
14.978200	1.630092
14.983000	1.602417
14.987800	1.576603
14.992600	1.547917
14.997400	1.523622
15.002200	1.502197
15.007000	1.469007
15.011800	1.441284
15.016600	1.417677
15.021400	1.393320
15.026200	1.376159
15.031000	1.354906
15.035800	1.334042
15.040600	1.316949
15.045400	1.298246
15.050200	1.271293
15.055000	1.247865
15.059800	1.228829
15.064600	1.203528
15.069400	1.181287
15.074200	1.159786
15.079000	1.138902
15.083800	1.115739
15.088600	1.088975
15.093400	1.066230
15.098200	1.043871
15.103000	1.021983
15.107800	1.002847
15.112600	0.979408
15.117400	0.954538
15.122200	0.935474
15.127000	0.915510
15.131800	0.895467
15.136600	0.871872
15.141400	0.846410
15.146200	0.821260
15.151000	0.797027
15.155800	0.772520
15.160600	0.753085
15.165400	0.734169
15.170200	0.711097
15.175000	0.689517
15.179800	0.668209
15.184600	0.651699
15.189400	0.635076
15.194200	0.619533
15.199000	0.601834
15.203800	0.589878
15.208600	0.573249
15.213400	0.559937
15.218200	0.541896
15.223000	0.528292
15.227800	0.511982
15.232600	0.497449
15.237400	0.485197
15.242200	0.469614
15.247000	0.455388
15.251800	0.441662
15.256600	0.429928
15.261400	0.416693
15.266200	0.404271
15.271000	0.394298
15.275800	0.383761
15.280600	0.370690
15.285400	0.356173
15.290200	0.342894
15.295000	0.328305
15.299800	0.316205
15.304600	0.308322
15.309400	0.298747
15.314200	0.288865
15.319000	0.277945
15.323800	0.269530
15.328600	0.259746
15.333400	0.249756
15.338200	0.243498
15.343000	0.234918
15.347800	0.225943
15.352600	0.215117
15.357400	0.205718
15.362200	0.197331
15.367000	0.189198
15.371800	0.181550
15.376600	0.175054
15.381400	0.168017
15.386200	0.160788
15.391000	0.151790
15.395800	0.143650
15.400600	0.139048
15.405400	0.131125
15.410200	0.124866
15.415000	0.117427
15.419800	0.110770
15.424600	0.104678
15.429400	0.099410
15.434200	0.094578
15.439000	0.091269
15.443800	0.087689
15.448600	0.083239
15.453400	0.078334
15.458200	0.073742
15.463000	0.068374
15.467800	0.065328
15.472600	0.062691
15.477400	0.062048
15.482200	0.058945
15.487000	0.056906
15.491800	0.051864
15.496600	0.048733
15.501400	0.046259
15.506200	0.043919
15.511000	0.041711
15.515800	0.039629
15.520600	0.037670
15.525400	0.035831
15.530200	0.034106
15.535000	0.032493
15.539800	0.030986
15.544600	0.029583
15.549400	0.028279
15.554200	0.027071
15.559000	0.025954
15.563800	0.024924
15.568600	0.023978
15.573400	0.023111
15.578200	0.022319
15.583000	0.021599
15.587800	0.020947
15.592600	0.020359
15.597400	0.019830
15.602200	0.019357
15.607000	0.018935
15.611800	0.018562
15.616600	0.018232
15.621400	0.017943
15.626200	0.017689
15.631000	0.017467
15.635800	0.017274
15.640600	0.017104
15.645400	0.016955
15.650200	0.016822
15.655000	0.016701
15.659800	0.016588
15.664600	0.016480
15.669400	0.016372
15.674200	0.016261
15.679000	0.016142
15.683800	0.016011
15.688600	0.015865
15.693400	0.015700
15.698200	0.015511
15.703000	0.015295
15.707800	0.015048
15.712600	0.014766
15.717400	0.014444
15.722200	0.014079
15.727000	0.013667
15.731800	0.013205
15.736600	0.012687
15.741400	0.012110
15.746200	0.011470
15.751000	0.010764
15.755800	0.009986
15.760600	0.009134
