
10.7     0.000023
11.79    0.1478
15       0.2342
20       0.1749222
30       0.05120714
40       0.020133
50       0.0075006
70       0.00205796
100      0.0003708902
150      7.166649E-05
200      2.424085E-05
300      7.04586E-06
400      3.303656E-06
500      2.288466E-06

10.7     0.000026
11.79    0.18
15       0.2642
20       0.1958
30       0.0685457
40       0.030686
50       0.0133561
70       0.004087839
100      0.0007879862
150      0.000115153
200      3.810791E-05
300      8.58112E-06
400      3.314942E-06
500      1.924125E-06

10.7     0.000026
11.79    0.19
15       0.2621
20       0.2220066
30       0.09725428
40       0.047476
50       0.0297245
70       0.0088555
100      0.002091806
150      0.0003234062
200      8.273412E-05
300      1.164143E-05
400      2.856886E-06
500      1.156938E-06

10.7     0.000026
11.79    0.29083
15       0.262955
20       0.2022336
30       0.1092814
40       0.0653478
50       0.04062638
70       0.01799271
100      0.006237363
150      0.00117
200      0.0001737523
300      1.885876E-05
400      4.748892E-06
500      2.0139E-06

10.7     0.000027
11.79    0.31705
15       0.2713402
20       0.2008697
30       0.1162294
40       0.07693817
50       0.050975
70       0.026632
100      0.0112893
150      0.002969398
200      0.0005744512
300      4.76802E-05
400      1.07453E-05
500      4.359558E-06

10.7     0.000023
11.79    0.1
15       0.22605
20       0.1787777
30       0.09919142
40       0.06637
50       0.051106
70       0.02924599
100      0.01415306
150      0.00445509
200      0.001282651
300      0.0001192442
400      2.795013E-05
500      1.036388E-05
700      2.419809E-06
1000     9.750722E-07

10.7     0.0000081
11.79    0.14
15       0.2042
20       0.1596555
30       0.08185284
40       0.052133
50       0.039869
70       0.02370199
100      0.01332201
150      0.005274232
200      0.002093257
300      0.00044027
400      0.0001193541
500      6.157349E-05
700      9.761083E-06
1000     1.941602E-06

10.7     0.0000096
11.79    0.03374366
15       0.06689917
20       0.095617
30       0.06141831
40       0.03328985
50       0.01939186
70       0.009309884
100      0.004332953
150      0.00173011
200      0.0008842911
300      0.0003812282
400      0.0001951618
500      0.000158203
700      1.896032E-05

10.7     0.0000056
11.79    0.004422014
15       0.03813252
20       0.05620629
30       0.03158196
40       0.01924571
50       0.0124624
70       0.006799425
100      0.003141265
150      0.001330923
200      0.0007334941
300      0.0002952637
400      0.0001543885
500      0.0001467572
700      4.30869E-05
1000     0.000011421

10.7     0.0000017
11.79    0.00015
15       0.01440014
20       0.01748123
30       0.01168082
40       0.006802434
50       0.004287863
70       0.002115866
100      0.0009947609
150      0.0004093886
200      0.0002202238
300      0.0001016772
400      5.781349E-05
500      0.000088036
700      1.683517E-05
1000     0.000007591
