0.001 125022.6
0.005 125022.6
0.006 125022.6
0.007 125022.6
0.008 125022.6
0.009 125022.6
0.01 125022.6
0.015 125022.6
0.02 125022.6
0.03 125022.6
0.038 125022.6
0.04 125022.6
0.048 125022.6
0.05 125022.6
0.06 125022.6
0.07 125022.6
0.08 125022.6
0.09 125022.6
0.1 125022.6
0.115 125022.6
0.12 125022.6
0.13 125022.6
0.14 125022.6
0.15 125022.6
0.2 125022.6
0.25 125022.6
0.3 72814.25
0.35 46101.94
0.4 31029.37
0.45 21882.94
0.5 16011.6
0.55 12069.95
0.6 9325.293
0.65 7355.172
0.7 5904.257
0.75 4811.985
0.8 3973.92
0.85 3320.12
0.9 2802.54
0.95 2387.428
1 2050.581
2 262.5611
3 78.89792
4 33.61891
5 17.34665
6 10.10226
7 6.395891
8 4.304642
9 3.035666
10 2.221104
11 1.674275
12 1.293517
13 1.020215
14 0.8189443
15 0.6674276
16 0.5511761
17 0.4604866
18 0.3886936
19 0.3311149
20 0.2843952
21 0.2460875
22 0.214378
23 0.1879033
24 0.1656248
25 0.1467419
26 0.1306306
27 0.1167999
28 0.1048594
29 0.09449668
30 0.08545895
31 0.0775408
32 0.07057384
33 0.06441922
34 0.05896174
35 0.05410528
36 0.04976921
37 0.04588554
38 0.0423967
39 0.03925368
40 0.03641461
41 0.03384356
42 0.0315096
43 0.02938596
44 0.02744945
45 0.02567986
46 0.02405957
47 0.02257313
48 0.02120698
49 0.01994918
50 0.01878917
51 0.01771762
52 0.01672625
53 0.01580767
54 0.01495532
55 0.01416333
56 0.01342644
57 0.01273993
58 0.01209956
59 0.01150152
60 0.01094235
61 0.01041895
62 0.009928499
63 0.009468433
64 0.009036434
65 0.008630392
66 0.008248383
67 0.007888652
68 0.007549595
69 0.007229747
70 0.006927763
71 0.006642412
72 0.006372562
73 0.006117174
74 0.005875289
75 0.005646026
76 0.00542857
77 0.005222169
78 0.00502613
79 0.004839809
80 0.004662609
81 0.00449398
82 0.004333407
83 0.004180415
84 0.00403456
85 0.003895432
86 0.003762645
87 0.003635842
88 0.003514689
89 0.003398875
90 0.003288108
91 0.003182115
92 0.003080642
93 0.00298345
94 0.002890315
95 0.002801027
96 0.00271539
97 0.002633218
98 0.002554338
99 0.002478586
100 0.002405808
101 0.00233586
102 0.002268604
103 0.002203914
104 0.002141666
105 0.002081748
106 0.00202405
107 0.001968471
108 0.001914914
109 0.001863287
110 0.001813505
111 0.001765486
112 0.001719152
113 0.00167443
114 0.00163125
115 0.001589546
116 0.001549256
117 0.001510319
118 0.001472681
119 0.001436286
120 0.001401084
121 0.001367026
122 0.001334066
123 0.001302161
124 0.001271267
125 0.001241346
126 0.001212359
127 0.00118427
128 0.001157045
129 0.00113065
130 0.001105055
131 0.001080228
132 0.001056141
133 0.001032768
134 0.00101008
135 0.0009880553
136 0.0009666673
137 0.0009458939
138 0.0009257132
139 0.0009061041
140 0.0008870465
141 0.0008685211
142 0.0008505095
143 0.0008329939
144 0.0008159573
145 0.0007993835
146 0.0007832568
147 0.0007675622
148 0.0007522853
149 0.0007374123
150 0.0007229299
151 0.0007088253
152 0.0006950864
153 0.0006817012
154 0.0006686584
155 0.0006559472
156 0.0006435571
157 0.000631478
158 0.0006197001
159 0.0006082141
160 0.0005970111
161 0.0005860823
162 0.0005754193
163 0.0005650142
164 0.0005548592
165 0.0005449468
166 0.0005352698
167 0.0005258212
168 0.0005165943
169 0.0005075826
170 0.0004987799
171 0.0004901802
172 0.0004817776
173 0.0004735665
174 0.0004655415
175 0.0004576973
176 0.0004500288
177 0.0004425312
178 0.0004351997
179 0.0004280297
180 0.0004210168
