
0.5 0
1.5 0
2.5 0
3.5 0
4.5 0
5.5 0
6.5 0
7.5 0
8.5 0
9.5 0
10.5 0.014634
11.5 0.0515477
12.5 0.0426332
13.5 0.0396132
14.5 0.0397243
15.5 0.0369136
16.5 0.0341704
17.5 0.0331336
18.5 0.0327332
19.5 0.0323372
20.5 0.0314023
21.5 0.030092
22.5 0.0278942
23.5 0.0252376
24.5 0.02239
25.5 0.0197939
26.5 0.0173065
27.5 0.0154607
28.5 0.0137843
29.5 0.0122615
30.5 0.0110072
31.5 0.010028
32.5 0.0090039
33.5 0.0083891
34.5 0.0077318
35.5 0.007098
36.5 0.006608
37.5 0.0061065
38.5 0.0056842
39.5 0.0053108
40.5 0.004997
41.5 0.0046385
42.5 0.004389
43.5 0.0041261
44.5 0.0038616
45.5 0.0036801
46.5 0.0034273
47.5 0.0032867
48.5 0.0030916
49.5 0.0029268
50.5 0.0027973
51.5 0.002655
52.5 0.0025062
53.5 0.0023896
54.5 0.0022819
55.5 0.0021812
56.5 0.0020589
57.5 0.0019818
58.5 0.0018798
59.5 0.0018204
60.5 0.0017135
61.5 0.00166
62.5 0.001573
63.5 0.0014872
64.5 0.0014555
65.5 0.0013945
66.5 0.0013545
67.5 0.0012852
68.5 0.0012527
69.5 0.001203
70.5 0.001156
71.5 0.0011157
72.5 0.0010739
73.5 0.0010365
74.5 0.0009912
75.5 0.0009535
76.5 0.0009039
77.5 0.0008821
78.5 0.0008606
79.5 0.0008281
80.5 0.0007998
81.5 0.0007694
82.5 0.0007321
83.5 0.0007432
84.5 0.0007108
85.5 0.0006858
86.5 0.0006619
87.5 0.0006482
88.5 0.0006246
89.5 0.0006106
90.5 0.0005811
91.5 0.0005706
92.5 0.0005395
93.5 0.0005316
94.5 0.0005159
95.5 0.0005037
96.5 0.0004922
97.5 0.0004769
98.5 0.0004692
99.5 0.0004503
100.5 0.0004418
101.5 0.0004386
102.5 0.0004268
103.5 0.000424
104.5 0.0003978
105.5 0.0003875
106.5 0.0003775
107.5 0.0003727
108.5 0.0003745
109.5 0.0003466
110.5 0.0003423
111.5 0.0003402
112.5 0.0003282
113.5 0.000322
114.5 0.0003198
115.5 0.0003043
116.5 0.0002972
117.5 0.0002902
118.5 0.0002945
119.5 0.0002749
120.5 0.000281
121.5 0.0002627
122.5 0.0002563
123.5 0.0002618
124.5 0.0002532
125.5 0.0002543
126.5 0.0002408
127.5 0.0002364
128.5 0.0002289
129.5 0.000229
130.5 0.0002167
131.5 0.0002223
132.5 0.0002169
133.5 0.0002107
134.5 0.0002042
135.5 0.0002014
136.5 0.0001956
137.5 0.000192
138.5 0.0001847
139.5 0.0001873
140.5 0.0001831
141.5 0.00019
142.5 0.0001812
143.5 0.0001783
144.5 0.0001665
145.5 0.0001663
146.5 0.0001617
147.5 0.0001627
148.5 0.0001612
149.5 0.0001647
150.5 0.0001515
151.5 0.0001494
152.5 0.0001529
153.5 0.0001494
154.5 0.0001448
155.5 0.0001423
156.5 0.0001427
157.5 0.0001405
158.5 0.0001305
159.5 0.0001433
160.5 0.0001256
161.5 0.0001312
162.5 0.0001273
163.5 0.000122
164.5 0.0001258
165.5 0.0001214
166.5 0.0001241
167.5 0.0001205
168.5 0.0001139
169.5 0.0001108
170.5 0.0001171
171.5 0.0001158
172.5 0.0001083
173.5 0.0001099
174.5 0.0001025
175.5 0.0001029
176.5 0.0001029
177.5 0.0001007
178.5 0.000103
179.5 9.92e-05
180.5 0.0001003
181.5 9.35e-05
182.5 9.34e-05
183.5 9.11e-05
184.5 9.35e-05
185.5 8.96e-05
186.5 8.77e-05
187.5 8.81e-05
188.5 9.36e-05
189.5 9.02e-05
190.5 8.33e-05
191.5 9.05e-05
192.5 7.91e-05
193.5 8.21e-05
194.5 8.06e-05
195.5 8.69e-05
196.5 7.84e-05
197.5 7.88e-05
198.5 7.7e-05
199.5 7.42e-05
200.5 7.49e-05
201.5 7.27e-05
202.5 7.36e-05
203.5 7.34e-05
204.5 7.22e-05
205.5 7.5e-05
206.5 6.91e-05
207.5 6.76e-05
208.5 7.07e-05
209.5 6.45e-05
210.5 6.98e-05
211.5 6.55e-05
212.5 6.45e-05
213.5 6.86e-05
214.5 6.43e-05
215.5 6.31e-05
216.5 6.07e-05
217.5 6.48e-05
218.5 6.35e-05
219.5 6.02e-05
220.5 6.02e-05
221.5 6.3e-05
222.5 5.9e-05
223.5 5.72e-05
224.5 6.02e-05
225.5 6.02e-05
226.5 5.63e-05
227.5 5.5e-05
228.5 5.33e-05
229.5 5.33e-05
230.5 5.44e-05
231.5 5.41e-05
232.5 5.4e-05
233.5 5.09e-05
234.5 5.09e-05
235.5 4.77e-05
236.5 5.21e-05
237.5 4.78e-05
238.5 4.88e-05
239.5 4.55e-05
240.5 4.84e-05
241.5 4.48e-05
242.5 5.11e-05
243.5 4.6e-05
244.5 4.81e-05
245.5 4.71e-05
246.5 4.69e-05
247.5 4.27e-05
248.5 4.48e-05
249.5 4.2e-05
250.5 4.23e-05
251.5 4.23e-05
252.5 4.06e-05
253.5 4.29e-05
254.5 3.83e-05
255.5 4.5e-05
256.5 4.06e-05
257.5 4.3e-05
258.5 3.64e-05
259.5 3.7e-05
260.5 3.86e-05
261.5 3.95e-05
262.5 3.81e-05
263.5 3.79e-05
264.5 3.94e-05
265.5 3.58e-05
266.5 4.12e-05
267.5 3.58e-05
268.5 3.57e-05
269.5 3.61e-05
270.5 3.6e-05
271.5 3.73e-05
272.5 3.59e-05
273.5 3.4e-05
274.5 3.68e-05
275.5 3.74e-05
276.5 3.48e-05
277.5 3.63e-05
278.5 3.65e-05
279.5 3.48e-05
280.5 3.49e-05
281.5 3.72e-05
282.5 2.77e-05
283.5 3.24e-05
284.5 2.82e-05
285.5 3.23e-05
286.5 3.26e-05
287.5 3.07e-05
288.5 3.07e-05
289.5 3.03e-05
290.5 2.92e-05
291.5 3.08e-05
292.5 3.34e-05
293.5 3.1e-05
294.5 3.09e-05
295.5 3.12e-05
296.5 2.86e-05
297.5 2.89e-05
298.5 2.91e-05
299.5 2.79e-05
300.5 2.74e-05
301.5 2.83e-05
302.5 2.85e-05
303.5 2.77e-05
304.5 2.73e-05
305.5 2.57e-05
306.5 2.6e-05
307.5 2.81e-05
308.5 2.42e-05
309.5 2.9e-05
310.5 2.57e-05
311.5 2.65e-05
312.5 2.57e-05
313.5 2.39e-05
314.5 2.74e-05
315.5 2.39e-05
316.5 2.86e-05
317.5 2.46e-05
318.5 2.42e-05
319.5 2.48e-05
320.5 2.45e-05
321.5 2.38e-05
322.5 2.65e-05
323.5 2.34e-05
324.5 2.33e-05
325.5 2.41e-05
326.5 2.46e-05
327.5 2.62e-05
328.5 2.37e-05
329.5 2.48e-05
330.5 2.1e-05
331.5 2.25e-05
332.5 2.26e-05
333.5 2.32e-05
334.5 2.32e-05
335.5 2.25e-05
336.5 2.22e-05
337.5 2.14e-05
338.5 2.07e-05
339.5 2.07e-05
340.5 2.18e-05
341.5 2.42e-05
342.5 1.97e-05
343.5 2.08e-05
344.5 2.1e-05
345.5 1.95e-05
346.5 2.11e-05
347.5 1.95e-05
348.5 1.91e-05
349.5 1.74e-05
350.5 2.04e-05
351.5 1.99e-05
352.5 1.96e-05
353.5 1.83e-05
354.5 2.03e-05
355.5 1.94e-05
356.5 1.97e-05
357.5 2.13e-05
358.5 1.93e-05
359.5 1.73e-05
360.5 2.12e-05
361.5 1.97e-05
362.5 1.83e-05
363.5 1.58e-05
364.5 1.88e-05
365.5 1.81e-05
366.5 1.67e-05
367.5 1.59e-05
368.5 1.71e-05
369.5 1.61e-05
370.5 1.65e-05
371.5 1.88e-05
372.5 1.43e-05
373.5 1.96e-05
374.5 1.92e-05
375.5 1.58e-05
376.5 1.93e-05
377.5 1.9e-05
378.5 1.85e-05
379.5 1.61e-05
380.5 1.6e-05
381.5 1.52e-05
382.5 1.58e-05
383.5 1.48e-05
384.5 1.58e-05
385.5 1.62e-05
386.5 1.75e-05
387.5 1.65e-05
388.5 1.52e-05
389.5 1.68e-05
390.5 1.52e-05
391.5 1.58e-05
392.5 1.52e-05
393.5 1.67e-05
394.5 1.54e-05
395.5 1.56e-05
396.5 1.49e-05
397.5 1.48e-05
398.5 1.37e-05
399.5 1.38e-05
400.5 1.61e-05
401.5 1.46e-05
402.5 1.75e-05
403.5 1.34e-05
404.5 1.36e-05
405.5 1.43e-05
406.5 1.58e-05
407.5 1.47e-05
408.5 1.42e-05
409.5 1.52e-05
410.5 1.5e-05
411.5 1.36e-05
412.5 1.42e-05
413.5 1.5e-05
414.5 1.29e-05
415.5 1.39e-05
416.5 1.43e-05
417.5 1.3e-05
418.5 1.44e-05
419.5 1.52e-05
420.5 1.34e-05
421.5 1.29e-05
422.5 1.42e-05
423.5 1.37e-05
424.5 1.44e-05
425.5 1.23e-05
426.5 1.23e-05
427.5 1.46e-05
428.5 1.39e-05
429.5 1.14e-05
430.5 1.18e-05
431.5 1.31e-05
432.5 1.25e-05
433.5 1.34e-05
434.5 1.2e-05
435.5 9.3e-06
436.5 1.05e-05
437.5 1.15e-05
438.5 1.22e-05
439.5 1.19e-05
440.5 1.16e-05
441.5 1.35e-05
442.5 1.36e-05
443.5 1.4e-05
444.5 1.24e-05
445.5 1.02e-05
446.5 1.03e-05
447.5 1.15e-05
448.5 1e-05
449.5 1.15e-05
450.5 1.07e-05
451.5 1.22e-05
452.5 1e-05
453.5 9.7e-06
454.5 1.02e-05
455.5 7.6e-06
456.5 1.07e-05
457.5 1.02e-05
458.5 8.7e-06
459.5 1.17e-05
460.5 1.03e-05
461.5 1.1e-05
462.5 1.08e-05
463.5 1.08e-05
464.5 9.3e-06
465.5 1.06e-05
466.5 9.9e-06
467.5 1.09e-05
468.5 1.06e-05
469.5 1.07e-05
470.5 9.6e-06
471.5 1.08e-05
472.5 1.03e-05
473.5 8.8e-06
474.5 8.4e-06
475.5 1.05e-05
476.5 9.2e-06
477.5 1.04e-05
478.5 9.7e-06
479.5 9.2e-06
480.5 8.5e-06
481.5 1.05e-05
482.5 9.9e-06
483.5 1.02e-05
484.5 7.9e-06
485.5 9.1e-06
486.5 9.7e-06
487.5 1e-05
488.5 9.9e-06
489.5 6.7e-06
490.5 8.6e-06
491.5 8.2e-06
492.5 8.4e-06
493.5 1.07e-05
494.5 9.9e-06
495.5 8.9e-06
496.5 9.5e-06
497.5 9.6e-06
498.5 8e-06
499.5 7.3e-06
500.5 7.6e-06
501.5 7.6e-06
502.5 7.3e-06
503.5 8.4e-06
504.5 8.4e-06
505.5 9.4e-06
506.5 8.8e-06
507.5 8.2e-06
508.5 7.4e-06
509.5 8.2e-06
510.5 8.8e-06
511.5 8.1e-06
512.5 8.7e-06
513.5 9.2e-06
514.5 1.03e-05
515.5 8.1e-06
516.5 8.6e-06
517.5 1.02e-05
518.5 7.7e-06
519.5 9.1e-06
520.5 8.1e-06
521.5 9.4e-06
522.5 8.9e-06
523.5 7.9e-06
524.5 7.1e-06
525.5 6.6e-06
526.5 6.9e-06
527.5 8.5e-06
528.5 9.2e-06
529.5 9e-06
530.5 7.4e-06
531.5 6.8e-06
532.5 7.4e-06
533.5 7.5e-06
534.5 6.4e-06
535.5 8.4e-06
536.5 7.3e-06
537.5 7e-06
538.5 7.2e-06
539.5 6.9e-06
540.5 6.9e-06
541.5 8.2e-06
542.5 1.02e-05
543.5 1.04e-05
544.5 8.8e-06
545.5 1.08e-05
546.5 8.7e-06
547.5 1.01e-05
548.5 1.05e-05
549.5 9.6e-06
550.5 1.01e-05
551.5 9.5e-06
552.5 9.6e-06
553.5 8.5e-06
554.5 9e-06
555.5 7.8e-06
556.5 1.03e-05
557.5 1.17e-05
558.5 9.4e-06
559.5 1.14e-05
560.5 1.26e-05
561.5 1.1e-05
562.5 9.7e-06
563.5 1e-05
564.5 1.18e-05
565.5 9.2e-06
566.5 9.8e-06
567.5 1.33e-05
568.5 1.17e-05
569.5 1.17e-05
570.5 1.16e-05
571.5 1.15e-05
572.5 1.02e-05
573.5 1.38e-05
574.5 1.38e-05
575.5 9.9e-06
576.5 1.27e-05
577.5 1.04e-05
578.5 1.34e-05
579.5 9.5e-06
580.5 1.25e-05
581.5 1.19e-05
582.5 1.11e-05
583.5 1.25e-05
584.5 1.12e-05
585.5 1.17e-05
586.5 1.28e-05
587.5 1.04e-05
588.5 1.24e-05
589.5 9.9e-06
590.5 1.05e-05
591.5 1.43e-05
592.5 1.11e-05
593.5 1.19e-05
594.5 1.19e-05
595.5 1.21e-05
596.5 1.27e-05
597.5 9.3e-06
598.5 1.13e-05
599.5 1.11e-05
600.5 1.19e-05
601.5 1.14e-05
602.5 1.1e-05
603.5 1.11e-05
604.5 1.29e-05
605.5 1.21e-05
606.5 1.28e-05
607.5 1.18e-05
608.5 1.08e-05
609.5 9.6e-06
610.5 1.02e-05
611.5 1.23e-05
612.5 1.17e-05
613.5 1.15e-05
614.5 1.34e-05
615.5 1.18e-05
616.5 1.02e-05
617.5 1.05e-05
618.5 1.04e-05
619.5 1.1e-05
620.5 1.17e-05
621.5 9.5e-06
622.5 7.6e-06
623.5 1.05e-05
624.5 1.09e-05
625.5 1e-05
626.5 1.16e-05
627.5 1.11e-05
628.5 9.9e-06
629.5 9.2e-06
630.5 9.9e-06
631.5 1.02e-05
632.5 1.03e-05
633.5 1.04e-05
634.5 1.09e-05
635.5 1.02e-05
636.5 1.1e-05
637.5 9.5e-06
638.5 1.04e-05
639.5 1.03e-05
640.5 9.8e-06
641.5 1.06e-05
642.5 8.9e-06
643.5 9.4e-06
644.5 9.4e-06
645.5 9.3e-06
646.5 8.5e-06
647.5 7.8e-06
648.5 1.05e-05
649.5 8.5e-06
650.5 9.3e-06
651.5 8.8e-06
652.5 1.06e-05
653.5 8.3e-06
654.5 1.07e-05
655.5 7.9e-06
656.5 8e-06
657.5 9.7e-06
658.5 1.02e-05
659.5 8.1e-06
660.5 8.9e-06
661.5 8.9e-06
662.5 1.01e-05
663.5 8.5e-06
664.5 8e-06
665.5 8.9e-06
666.5 7.8e-06
667.5 8.4e-06
668.5 8.6e-06
669.5 8.3e-06
670.5 8.2e-06
671.5 7.7e-06
672.5 9.1e-06
673.5 8.7e-06
674.5 1.14e-05
675.5 6.7e-06
676.5 8.1e-06
677.5 7.5e-06
678.5 8.1e-06
679.5 8.2e-06
680.5 1.04e-05
681.5 8.1e-06
682.5 1.01e-05
683.5 8.2e-06
684.5 9.8e-06
685.5 8e-06
686.5 8.6e-06
687.5 7.8e-06
688.5 8.3e-06
689.5 8.8e-06
690.5 8.5e-06
691.5 9.8e-06
692.5 7.9e-06
693.5 9.8e-06
694.5 8.5e-06
695.5 8.8e-06
696.5 5.7e-06
697.5 7.5e-06
698.5 8e-06
699.5 7.4e-06
700.5 7.6e-06
701.5 7.5e-06
702.5 9e-06
703.5 9.1e-06
704.5 9.4e-06
705.5 7.6e-06
706.5 9.3e-06
707.5 9.6e-06
708.5 8.5e-06
709.5 7.4e-06
710.5 9.2e-06
711.5 9.6e-06
712.5 9.3e-06
713.5 7.6e-06
714.5 7.4e-06
715.5 7.6e-06
716.5 7.1e-06
717.5 7.1e-06
718.5 8e-06
719.5 8.5e-06
720.5 8.5e-06
721.5 7.4e-06
722.5 7.8e-06
723.5 6.6e-06
724.5 8e-06
725.5 6.5e-06
726.5 7.9e-06
727.5 7.5e-06
728.5 6.1e-06
729.5 7.7e-06
730.5 8.3e-06
731.5 6.4e-06
732.5 7e-06
733.5 7.7e-06
734.5 7.1e-06
735.5 7.2e-06
736.5 6.9e-06
737.5 6.6e-06
738.5 6.3e-06
739.5 6.5e-06
740.5 7.6e-06
741.5 6.9e-06
742.5 6.9e-06
743.5 6e-06
744.5 6.4e-06
745.5 6.4e-06
746.5 6.7e-06
747.5 6.6e-06
748.5 6.2e-06
749.5 5.5e-06
750.5 6.6e-06
751.5 7.5e-06
752.5 6.9e-06
753.5 5.3e-06
754.5 5.1e-06
755.5 6.4e-06
756.5 6.9e-06
757.5 6.5e-06
758.5 7.2e-06
759.5 6.3e-06
760.5 6.2e-06
761.5 5e-06
762.5 6.1e-06
763.5 6.5e-06
764.5 6e-06
765.5 5.9e-06
766.5 7.5e-06
767.5 6.4e-06
768.5 5.7e-06
769.5 6.8e-06
770.5 6.8e-06
771.5 6.1e-06
772.5 6e-06
773.5 6.3e-06
774.5 5e-06
775.5 6.4e-06
776.5 7.1e-06
777.5 5.5e-06
778.5 5.6e-06
779.5 6.3e-06
780.5 5.6e-06
781.5 6.9e-06
782.5 5.9e-06
783.5 5.6e-06
784.5 6.4e-06
785.5 5.4e-06
786.5 5.4e-06
787.5 5.5e-06
788.5 6.1e-06
789.5 7.2e-06
790.5 5.8e-06
791.5 6.2e-06
792.5 5.3e-06
793.5 5e-06
794.5 5.5e-06
795.5 5.9e-06
796.5 4.6e-06
797.5 5.9e-06
798.5 7.2e-06
799.5 4.4e-06
800.5 5.2e-06
801.5 4.3e-06
802.5 5.4e-06
803.5 4.9e-06
804.5 4.8e-06
805.5 5.5e-06
806.5 4.9e-06
807.5 6.6e-06
808.5 5.4e-06
809.5 5.9e-06
810.5 5.8e-06
811.5 5.4e-06
812.5 4.5e-06
813.5 5.3e-06
814.5 5.1e-06
815.5 5.6e-06
816.5 7e-06
817.5 4.7e-06
818.5 7e-06
819.5 5.4e-06
820.5 7.4e-06
821.5 4.1e-06
822.5 4.8e-06
823.5 6.9e-06
824.5 6.5e-06
825.5 4.3e-06
826.5 5.9e-06
827.5 5e-06
828.5 4.8e-06
829.5 4.8e-06
830.5 5.8e-06
831.5 5e-06
832.5 4.8e-06
833.5 3.8e-06
834.5 5.8e-06
835.5 3.8e-06
836.5 5.1e-06
837.5 4.9e-06
838.5 4.9e-06
839.5 5e-06
840.5 3.5e-06
841.5 5.9e-06
842.5 4.9e-06
843.5 5.9e-06
844.5 3.8e-06
845.5 5.3e-06
846.5 4.9e-06
847.5 3.9e-06
848.5 5.2e-06
849.5 4.5e-06
850.5 5e-06
851.5 5e-06
852.5 4.4e-06
853.5 5e-06
854.5 5.3e-06
855.5 4.8e-06
856.5 5.1e-06
857.5 5.5e-06
858.5 5.4e-06
859.5 5.5e-06
860.5 4e-06
861.5 4.8e-06
862.5 6.2e-06
863.5 4.8e-06
864.5 5.4e-06
865.5 3.8e-06
866.5 4.6e-06
867.5 4.6e-06
868.5 4.9e-06
869.5 3.6e-06
870.5 6.2e-06
871.5 3.9e-06
872.5 4.9e-06
873.5 4.8e-06
874.5 4.8e-06
875.5 5.1e-06
876.5 4.2e-06
877.5 5.6e-06
878.5 5.2e-06
879.5 4.9e-06
880.5 5e-06
881.5 3.9e-06
882.5 3.8e-06
883.5 4e-06
884.5 4.2e-06
885.5 3.6e-06
886.5 4.1e-06
887.5 3.6e-06
888.5 5.5e-06
889.5 3.6e-06
890.5 4.9e-06
891.5 4.2e-06
892.5 5e-06
893.5 4.4e-06
894.5 4.3e-06
895.5 2.9e-06
896.5 5e-06
897.5 6.3e-06
898.5 4.6e-06
899.5 4.1e-06
900.5 5e-06
901.5 4.6e-06
902.5 4.3e-06
903.5 4.8e-06
904.5 4.4e-06
905.5 4.2e-06
906.5 4.2e-06
907.5 3.1e-06
908.5 3e-06
909.5 3.7e-06
910.5 3.9e-06
911.5 3.4e-06
912.5 3.6e-06
913.5 4.4e-06
914.5 4.1e-06
915.5 3.2e-06
916.5 3.7e-06
917.5 3.4e-06
918.5 4.4e-06
919.5 4.6e-06
920.5 3.4e-06
921.5 4.3e-06
922.5 3.7e-06
923.5 3.2e-06
924.5 3.3e-06
925.5 3.6e-06
926.5 2.9e-06
927.5 4.3e-06
928.5 3.7e-06
929.5 3.8e-06
930.5 3.7e-06
931.5 3.7e-06
932.5 2.8e-06
933.5 3.3e-06
934.5 3.3e-06
935.5 4.2e-06
936.5 3.4e-06
937.5 4.6e-06
938.5 4.3e-06
939.5 3.9e-06
940.5 4.4e-06
941.5 3.1e-06
942.5 4.6e-06
943.5 3.7e-06
944.5 3.9e-06
945.5 3.9e-06
946.5 3.8e-06
947.5 3.1e-06
948.5 3.4e-06
949.5 4.1e-06
950.5 4.7e-06
951.5 3.7e-06
952.5 3.5e-06
953.5 3.9e-06
954.5 2.7e-06
955.5 4.1e-06
956.5 4e-06
957.5 3.2e-06
958.5 3.3e-06
959.5 4.2e-06
960.5 3.7e-06
961.5 2.4e-06
962.5 3.6e-06
963.5 3e-06
964.5 4.5e-06
965.5 4.1e-06
966.5 3.8e-06
967.5 3.8e-06
968.5 3.9e-06
969.5 3.1e-06
970.5 4.2e-06
971.5 3.7e-06
972.5 3e-06
973.5 2.7e-06
974.5 3.6e-06
975.5 3.6e-06
976.5 3.5e-06
977.5 5e-06
978.5 3.9e-06
979.5 2.5e-06
980.5 3.7e-06
981.5 4.7e-06
982.5 3.2e-06
983.5 4.4e-06
984.5 3.5e-06
985.5 3.2e-06
986.5 2.6e-06
987.5 1.8e-06
988.5 4.3e-06
989.5 2e-06
990.5 3.3e-06
991.5 4.6e-06
992.5 3.4e-06
993.5 3.3e-06
994.5 3e-06
995.5 3e-06
996.5 2.8e-06
997.5 2.7e-06
998.5 3e-06
999.5 2.7e-06
1000.5 4.8e-06
1001.5 3.1e-06
1002.5 2.8e-06
1003.5 2.7e-06
1004.5 3.1e-06
1005.5 3.2e-06
1006.5 3.2e-06
1007.5 3e-06
1008.5 2.8e-06
1009.5 2.8e-06
1010.5 2.8e-06
1011.5 3.4e-06
1012.5 3.5e-06
1013.5 2.1e-06
1014.5 3.5e-06
1015.5 2.4e-06
1016.5 3.1e-06
1017.5 3.6e-06
1018.5 3.9e-06
1019.5 2.9e-06
1020.5 2.6e-06
1021.5 3.2e-06
1022.5 3e-06
1023.5 3.3e-06
1024.5 2.3e-06
1025.5 2.2e-06
1026.5 3.2e-06
1027.5 2.9e-06
1028.5 2.9e-06
1029.5 3.5e-06
1030.5 3.1e-06
1031.5 2.5e-06
1032.5 3.3e-06
1033.5 3.1e-06
1034.5 2e-06
1035.5 2.4e-06
1036.5 2.7e-06
1037.5 2.4e-06
1038.5 3e-06
1039.5 2.7e-06
1040.5 2.6e-06
1041.5 3.7e-06
1042.5 3.4e-06
1043.5 2.2e-06
1044.5 2.8e-06
1045.5 2.9e-06
1046.5 2.4e-06
1047.5 3.2e-06
1048.5 2.7e-06
1049.5 3.2e-06
1050.5 2.5e-06
1051.5 2.6e-06
1052.5 3e-06
1053.5 3.1e-06
1054.5 3e-06
1055.5 3.3e-06
1056.5 2.7e-06
1057.5 2.2e-06
1058.5 2.8e-06
1059.5 2.3e-06
1060.5 2.7e-06
1061.5 2.6e-06
1062.5 2.8e-06
1063.5 2.5e-06
1064.5 3.2e-06
1065.5 1.9e-06
1066.5 2.6e-06
1067.5 2.4e-06
1068.5 2.3e-06
1069.5 2.6e-06
1070.5 2e-06
1071.5 2.5e-06
1072.5 2.3e-06
1073.5 1.5e-06
1074.5 2.4e-06
1075.5 2.3e-06
1076.5 2.1e-06
1077.5 1.8e-06
1078.5 2.7e-06
1079.5 1.7e-06
1080.5 2.1e-06
1081.5 3.9e-06
1082.5 3.5e-06
1083.5 3.5e-06
1084.5 3.1e-06
1085.5 3.2e-06
1086.5 3.4e-06
1087.5 3.3e-06
1088.5 3e-06
1089.5 2.4e-06
1090.5 1.8e-06
1091.5 2.6e-06
1092.5 2.5e-06
1093.5 2.1e-06
1094.5 3e-06
1095.5 2.7e-06
1096.5 2.9e-06
1097.5 3.3e-06
1098.5 1.9e-06
1099.5 3.2e-06
1100.5 2.3e-06
1101.5 2.6e-06
1102.5 3.2e-06
1103.5 2.5e-06
1104.5 2.5e-06
1105.5 2.3e-06
1106.5 1.7e-06
1107.5 2.1e-06
1108.5 2.3e-06
1109.5 3.1e-06
1110.5 2.1e-06
1111.5 3.2e-06
1112.5 2.4e-06
1113.5 2.8e-06
1114.5 2.4e-06
1115.5 3e-06
1116.5 2.5e-06
1117.5 2.6e-06
1118.5 1.7e-06
1119.5 3e-06
1120.5 2.2e-06
1121.5 2.3e-06
1122.5 1.6e-06
1123.5 2.9e-06
1124.5 2.6e-06
1125.5 1.6e-06
1126.5 2e-06
1127.5 1.6e-06
1128.5 1.9e-06
1129.5 2.3e-06
1130.5 2.9e-06
1131.5 2.7e-06
1132.5 1.7e-06
1133.5 2.7e-06
1134.5 3.3e-06
1135.5 2e-06
1136.5 2.3e-06
1137.5 2.6e-06
1138.5 2.1e-06
1139.5 2.5e-06
1140.5 2.4e-06
1141.5 2.3e-06
1142.5 2e-06
1143.5 2.2e-06
1144.5 3.3e-06
1145.5 2.1e-06
1146.5 2.5e-06
1147.5 1.9e-06
1148.5 2e-06
1149.5 2.6e-06
1150.5 2.6e-06
1151.5 2.2e-06
1152.5 1.5e-06
1153.5 1.6e-06
1154.5 2.2e-06
1155.5 1.6e-06
1156.5 3e-06
1157.5 2.8e-06
1158.5 2.9e-06
1159.5 2.5e-06
1160.5 2.1e-06
1161.5 2.3e-06
1162.5 1.7e-06
1163.5 2.9e-06
1164.5 3.1e-06
1165.5 1.4e-06
1166.5 2.7e-06
1167.5 1.7e-06
1168.5 2.1e-06
1169.5 1.9e-06
1170.5 2e-06
1171.5 2.4e-06
1172.5 1.9e-06
1173.5 1.8e-06
1174.5 1.2e-06
1175.5 1.1e-06
1176.5 2e-06
1177.5 1.6e-06
1178.5 2.2e-06
1179.5 2.1e-06
1180.5 1.6e-06
1181.5 1.9e-06
1182.5 1.6e-06
1183.5 1e-06
1184.5 2.5e-06
1185.5 2e-06
1186.5 2.1e-06
1187.5 2.2e-06
1188.5 1.8e-06
1189.5 2.7e-06
1190.5 2.9e-06
1191.5 2e-06
1192.5 1.8e-06
1193.5 2e-06
1194.5 2.2e-06
1195.5 1.2e-06
1196.5 2.5e-06
1197.5 1.7e-06
1198.5 2.3e-06
1199.5 1.9e-06
1200.5 2e-06
1201.5 1.4e-06
1202.5 2.5e-06
1203.5 2.3e-06
1204.5 2.4e-06
1205.5 1.5e-06
1206.5 2.1e-06
1207.5 1.7e-06
1208.5 1.5e-06
1209.5 1.6e-06
1210.5 1.9e-06
1211.5 1.4e-06
1212.5 1.5e-06
1213.5 1.7e-06
1214.5 2.3e-06
1215.5 1.9e-06
1216.5 1.9e-06
1217.5 1.7e-06
1218.5 2.5e-06
1219.5 1.9e-06
1220.5 1.4e-06
1221.5 2.5e-06
1222.5 1.7e-06
1223.5 3e-06
1224.5 2.2e-06
1225.5 1.8e-06
1226.5 2.1e-06
1227.5 3e-06
1228.5 2.2e-06
1229.5 1.2e-06
1230.5 1.5e-06
1231.5 1.4e-06
1232.5 1.8e-06
1233.5 2.4e-06
1234.5 1.8e-06
1235.5 2.1e-06
1236.5 2.1e-06
1237.5 2e-06
1238.5 1.2e-06
1239.5 1.3e-06
1240.5 2e-06
1241.5 1e-06
1242.5 2e-06
1243.5 1.6e-06
1244.5 1.5e-06
1245.5 1.9e-06
1246.5 2.2e-06
1247.5 1.9e-06
1248.5 1.7e-06
1249.5 2.5e-06
1250.5 2e-06
1251.5 1.6e-06
1252.5 1.4e-06
1253.5 1.8e-06
1254.5 2.1e-06
1255.5 1.8e-06
1256.5 1.6e-06
1257.5 2.4e-06
1258.5 1.4e-06
1259.5 1.6e-06
1260.5 1.8e-06
1261.5 2.5e-06
1262.5 2.2e-06
1263.5 1e-06
1264.5 2.1e-06
1265.5 1.9e-06
1266.5 1.8e-06
1267.5 1.5e-06
1268.5 1.8e-06
1269.5 1.5e-06
1270.5 2.5e-06
1271.5 2.4e-06
1272.5 1.1e-06
1273.5 1.8e-06
1274.5 1.5e-06
1275.5 3e-06
1276.5 2e-06
1277.5 1.4e-06
1278.5 1.5e-06
1279.5 2.6e-06
1280.5 1.2e-06
1281.5 2.5e-06
1282.5 1.8e-06
1283.5 1.7e-06
1284.5 1.8e-06
1285.5 1e-06
1286.5 1.4e-06
1287.5 2e-06
1288.5 2e-06
1289.5 1.7e-06
1290.5 2.3e-06
1291.5 1.9e-06
1292.5 1.5e-06
1293.5 1.5e-06
1294.5 1.9e-06
1295.5 1.6e-06
1296.5 1.3e-06
1297.5 1e-06
1298.5 2e-06
1299.5 1.9e-06
1300.5 1.3e-06
1301.5 1.8e-06
1302.5 1.4e-06
1303.5 1.4e-06
1304.5 1.3e-06
1305.5 1.3e-06
1306.5 1.5e-06
1307.5 2.2e-06
1308.5 1.9e-06
1309.5 1.6e-06
1310.5 1.8e-06
1311.5 1.4e-06
1312.5 1.6e-06
1313.5 1e-06
1314.5 1.7e-06
1315.5 1.8e-06
1316.5 1.4e-06
1317.5 1.5e-06
1318.5 2.3e-06
1319.5 9e-07
1320.5 1.8e-06
1321.5 1.3e-06
1322.5 1.7e-06
1323.5 1.5e-06
1324.5 1.4e-06
1325.5 1.4e-06
1326.5 1.9e-06
1327.5 1.3e-06
1328.5 1e-06
1329.5 1.3e-06
1330.5 2e-06
1331.5 1.4e-06
1332.5 1.9e-06
1333.5 1.4e-06
1334.5 1.8e-06
1335.5 1.8e-06
1336.5 2e-06
1337.5 2.1e-06
1338.5 1.2e-06
1339.5 1.7e-06
1340.5 1.2e-06
1341.5 2.1e-06
1342.5 1.3e-06
1343.5 9e-07
1344.5 1.6e-06
1345.5 1.7e-06
1346.5 1.5e-06
1347.5 1.1e-06
1348.5 1.4e-06
1349.5 1.5e-06
1350.5 2e-06
1351.5 1.5e-06
1352.5 1.8e-06
1353.5 1.5e-06
1354.5 1.5e-06
1355.5 1.8e-06
1356.5 9e-07
1357.5 1.6e-06
1358.5 2.4e-06
1359.5 2.3e-06
1360.5 9e-07
1361.5 1.7e-06
1362.5 1.3e-06
1363.5 1.5e-06
1364.5 1.7e-06
1365.5 1.5e-06
1366.5 1.8e-06
1367.5 1.1e-06
1368.5 1e-06
1369.5 1.8e-06
1370.5 1.8e-06
1371.5 1.4e-06
1372.5 1.2e-06
1373.5 1.4e-06
1374.5 1.6e-06
1375.5 1.2e-06
1376.5 1.7e-06
1377.5 1.4e-06
1378.5 1.6e-06
1379.5 2e-06
1380.5 1.2e-06
1381.5 1.5e-06
1382.5 1e-06
1383.5 2.1e-06
1384.5 1.3e-06
1385.5 1.6e-06
1386.5 1.6e-06
1387.5 1.3e-06
1388.5 1.6e-06
1389.5 9e-07
1390.5 1.9e-06
1391.5 1.2e-06
1392.5 1.5e-06
1393.5 1e-06
1394.5 1e-06
1395.5 1.7e-06
1396.5 1.3e-06
1397.5 1.1e-06
1398.5 1.4e-06
1399.5 1.6e-06
1400.5 1.3e-06
1401.5 1.6e-06
1402.5 1.7e-06
1403.5 1.4e-06
1404.5 1e-06
1405.5 1.6e-06
1406.5 2.1e-06
1407.5 1e-06
1408.5 1.4e-06
1409.5 1.7e-06
1410.5 1.7e-06
1411.5 1e-06
1412.5 1.6e-06
1413.5 1e-06
1414.5 9e-07
1415.5 1e-06
1416.5 1.7e-06
1417.5 1.5e-06
1418.5 8e-07
1419.5 1.1e-06
1420.5 1.2e-06
1421.5 1.3e-06
1422.5 1.5e-06
1423.5 1.3e-06
1424.5 1.2e-06
1425.5 2.1e-06
1426.5 1e-06
1427.5 2.4e-06
1428.5 1.2e-06
1429.5 1.5e-06
1430.5 1e-06
1431.5 1.4e-06
1432.5 8e-07
1433.5 1.7e-06
1434.5 1.5e-06
1435.5 1.7e-06
1436.5 1e-06
1437.5 1.1e-06
1438.5 1.2e-06
1439.5 1.3e-06
1440.5 1.1e-06
1441.5 8e-07
1442.5 4e-07
1443.5 8e-07
1444.5 1.4e-06
1445.5 1.6e-06
1446.5 9e-07
1447.5 1.3e-06
1448.5 1.8e-06
1449.5 1.5e-06
1450.5 1.9e-06
1451.5 1.6e-06
1452.5 1.6e-06
1453.5 1.3e-06
1454.5 1.8e-06
1455.5 9e-07
1456.5 8e-07
1457.5 1.5e-06
1458.5 1.3e-06
1459.5 1.3e-06
1460.5 1.8e-06
1461.5 1.4e-06
1462.5 9e-07
1463.5 1.9e-06
1464.5 1.3e-06
1465.5 2e-06
1466.5 1e-06
1467.5 1.2e-06
1468.5 1.8e-06
1469.5 1.5e-06
1470.5 1.4e-06
1471.5 1.5e-06
1472.5 7e-07
1473.5 9e-07
1474.5 1.2e-06
1475.5 1.3e-06
1476.5 9e-07
1477.5 1.2e-06
1478.5 1.1e-06
1479.5 1.6e-06
1480.5 1.3e-06
1481.5 8e-07
1482.5 7e-07
1483.5 8e-07
1484.5 1.6e-06
1485.5 1.4e-06
1486.5 1e-06
1487.5 1.6e-06
1488.5 1.1e-06
1489.5 1.5e-06
1490.5 1e-06
1491.5 1.9e-06
1492.5 1.5e-06
1493.5 6e-07
1494.5 1.2e-06
1495.5 1.2e-06
1496.5 1e-06
1497.5 1.8e-06
1498.5 1.3e-06
1499.5 1.3e-06
1500.5 9e-07
1501.5 9e-07
1502.5 1.3e-06
1503.5 4e-07
1504.5 1.1e-06
1505.5 6e-07
1506.5 1.3e-06
1507.5 1.3e-06
1508.5 1e-06
1509.5 6e-07
1510.5 1.1e-06
1511.5 1.3e-06
1512.5 1.5e-06
1513.5 1.4e-06
1514.5 9e-07
1515.5 1.5e-06
1516.5 1.1e-06
1517.5 7e-07
1518.5 9e-07
1519.5 1.3e-06
1520.5 1.1e-06
1521.5 1.6e-06
1522.5 1.3e-06
1523.5 8e-07
1524.5 1.2e-06
1525.5 1.4e-06
1526.5 6e-07
1527.5 8e-07
1528.5 9e-07
1529.5 1.4e-06
1530.5 1e-06
1531.5 9e-07
1532.5 9e-07
1533.5 1.5e-06
1534.5 1e-06
1535.5 4e-07
1536.5 7e-07
1537.5 1.4e-06
1538.5 1.2e-06
1539.5 6e-07
1540.5 1e-06
1541.5 1.3e-06
1542.5 1.3e-06
1543.5 9e-07
1544.5 1.1e-06
1545.5 1.1e-06
1546.5 1.7e-06
1547.5 9e-07
1548.5 1.1e-06
1549.5 1e-06
1550.5 1.2e-06
1551.5 7e-07
1552.5 1.1e-06
1553.5 1.1e-06
1554.5 7e-07
1555.5 3e-07
1556.5 1.4e-06
1557.5 1e-06
1558.5 1.3e-06
1559.5 8e-07
1560.5 1e-06
1561.5 1e-06
1562.5 1e-06
1563.5 9e-07
1564.5 9e-07
1565.5 1.3e-06
1566.5 7e-07
1567.5 3e-07
1568.5 5e-07
1569.5 8e-07
1570.5 1.4e-06
1571.5 1.3e-06
1572.5 1.5e-06
1573.5 7e-07
1574.5 1e-06
1575.5 1.1e-06
1576.5 1.8e-06
1577.5 8e-07
1578.5 1.4e-06
1579.5 1.4e-06
1580.5 1.4e-06
1581.5 7e-07
1582.5 1.1e-06
1583.5 9e-07
1584.5 5e-07
1585.5 1.3e-06
1586.5 8e-07
1587.5 1.4e-06
1588.5 8e-07
1589.5 9e-07
1590.5 1e-06
1591.5 6e-07
1592.5 9e-07
1593.5 1.2e-06
1594.5 7e-07
1595.5 6e-07
1596.5 1.9e-06
1597.5 1.4e-06
1598.5 1.2e-06
1599.5 1.3e-06
1600.5 1.1e-06
1601.5 1e-06
1602.5 1e-06
1603.5 1.3e-06
1604.5 1.3e-06
1605.5 6e-07
1606.5 1.1e-06
1607.5 1.3e-06
1608.5 6e-07
1609.5 8e-07
1610.5 1.2e-06
1611.5 1.3e-06
1612.5 1e-06
1613.5 1.1e-06
1614.5 7e-07
1615.5 8e-07
1616.5 1.1e-06
1617.5 3e-07
1618.5 8e-07
1619.5 1.4e-06
1620.5 1e-06
1621.5 1.2e-06
1622.5 7e-07
1623.5 8e-07
1624.5 1.1e-06
1625.5 6e-07
1626.5 1e-06
1627.5 9e-07
1628.5 1.8e-06
1629.5 8e-07
1630.5 1.4e-06
1631.5 9e-07
1632.5 8e-07
1633.5 7e-07
1634.5 1.4e-06
1635.5 9e-07
1636.5 8e-07
1637.5 6e-07
1638.5 9e-07
1639.5 1.4e-06
1640.5 1.9e-06
1641.5 1.7e-06
1642.5 5e-07
1643.5 9e-07
1644.5 8e-07
1645.5 1.1e-06
1646.5 9e-07
1647.5 1.2e-06
1648.5 5e-07
1649.5 1.1e-06
1650.5 6e-07
1651.5 1e-06
1652.5 9e-07
1653.5 1e-06
1654.5 1.6e-06
1655.5 1.4e-06
1656.5 1e-06
1657.5 1.3e-06
1658.5 1.1e-06
1659.5 4e-07
1660.5 6e-07
1661.5 9e-07
1662.5 1e-06
1663.5 1.1e-06
1664.5 6e-07
1665.5 1.1e-06
1666.5 9e-07
1667.5 5e-07
1668.5 1.1e-06
1669.5 3e-07
1670.5 8e-07
1671.5 5e-07
1672.5 6e-07
1673.5 1.2e-06
1674.5 1e-06
1675.5 1.1e-06
1676.5 1e-06
1677.5 1.2e-06
1678.5 7e-07
1679.5 1e-06
1680.5 5e-07
1681.5 6e-07
1682.5 7e-07
1683.5 1e-06
1684.5 1.5e-06
1685.5 8e-07
1686.5 5e-07
1687.5 1.6e-06
1688.5 4e-07
1689.5 8e-07
1690.5 1.3e-06
1691.5 1.1e-06
1692.5 7e-07
1693.5 9e-07
1694.5 9e-07
1695.5 1.5e-06
1696.5 3e-07
1697.5 6e-07
1698.5 6e-07
1699.5 1e-06
1700.5 6e-07
1701.5 9e-07
1702.5 8e-07
1703.5 1e-06
1704.5 1.6e-06
1705.5 7e-07
1706.5 8e-07
1707.5 1.2e-06
1708.5 6e-07
1709.5 5e-07
1710.5 7e-07
1711.5 1.3e-06
1712.5 7e-07
1713.5 7e-07
1714.5 8e-07
1715.5 1.1e-06
1716.5 6e-07
1717.5 6e-07
1718.5 1e-06
1719.5 6e-07
1720.5 1.1e-06
1721.5 1e-06
1722.5 7e-07
1723.5 8e-07
1724.5 9e-07
1725.5 9e-07
1726.5 1e-06
1727.5 1.2e-06
1728.5 1e-06
1729.5 8e-07
1730.5 1.3e-06
1731.5 1.2e-06
1732.5 1.2e-06
1733.5 1.4e-06
1734.5 9e-07
1735.5 8e-07
1736.5 6e-07
1737.5 7e-07
1738.5 7e-07
1739.5 9e-07
1740.5 1.1e-06
1741.5 1.1e-06
1742.5 9e-07
1743.5 8e-07
1744.5 1e-06
1745.5 1.6e-06
1746.5 6e-07
1747.5 7e-07
1748.5 6e-07
1749.5 9e-07
1750.5 7e-07
1751.5 8e-07
1752.5 8e-07
1753.5 1.1e-06
1754.5 8e-07
1755.5 9e-07
1756.5 8e-07
1757.5 8e-07
1758.5 1.1e-06
1759.5 4e-07
1760.5 8e-07
1761.5 7e-07
1762.5 1e-06
1763.5 9e-07
1764.5 7e-07
1765.5 1e-06
1766.5 2e-07
1767.5 1e-06
1768.5 6e-07
1769.5 7e-07
1770.5 7e-07
1771.5 8e-07
1772.5 1.2e-06
1773.5 5e-07
1774.5 6e-07
1775.5 1.2e-06
1776.5 6e-07
1777.5 8e-07
1778.5 9e-07
1779.5 9e-07
1780.5 7e-07
1781.5 1.2e-06
1782.5 8e-07
1783.5 4e-07
1784.5 7e-07
1785.5 8e-07
1786.5 1.1e-06
1787.5 9e-07
1788.5 1.1e-06
1789.5 1.1e-06
1790.5 1.2e-06
1791.5 7e-07
1792.5 8e-07
1793.5 9e-07
1794.5 6e-07
1795.5 7e-07
1796.5 1e-06
1797.5 6e-07
1798.5 1.2e-06
1799.5 1.1e-06
1800.5 1.1e-06
1801.5 9e-07
1802.5 7e-07
1803.5 8e-07
1804.5 7e-07
1805.5 6e-07
1806.5 7e-07
1807.5 8e-07
1808.5 3e-07
1809.5 7e-07
1810.5 8e-07
1811.5 4e-07
1812.5 7e-07
1813.5 7e-07
1814.5 6e-07
1815.5 6e-07
1816.5 8e-07
1817.5 7e-07
1818.5 3e-07
1819.5 1e-06
1820.5 9e-07
1821.5 7e-07
1822.5 6e-07
1823.5 5e-07
1824.5 5e-07
1825.5 1e-06
1826.5 3e-07
1827.5 1.3e-06
1828.5 4e-07
1829.5 6e-07
1830.5 5e-07
1831.5 5e-07
1832.5 8e-07
1833.5 9e-07
1834.5 3e-07
1835.5 6e-07
1836.5 7e-07
1837.5 4e-07
1838.5 7e-07
1839.5 1e-06
1840.5 6e-07
1841.5 6e-07
1842.5 4e-07
1843.5 3e-07
1844.5 1.1e-06
1845.5 1.1e-06
1846.5 7e-07
1847.5 1.1e-06
1848.5 7e-07
1849.5 6e-07
1850.5 6e-07
1851.5 1e-06
1852.5 6e-07
1853.5 7e-07
1854.5 3e-07
1855.5 6e-07
1856.5 1.4e-06
1857.5 8e-07
1858.5 1.2e-06
1859.5 9e-07
1860.5 5e-07
1861.5 1.6e-06
1862.5 5e-07
1863.5 7e-07
1864.5 7e-07
1865.5 5e-07
1866.5 6e-07
1867.5 1.1e-06
1868.5 3e-07
1869.5 9e-07
1870.5 1.1e-06
1871.5 5e-07
1872.5 6e-07
1873.5 9e-07
1874.5 9e-07
1875.5 6e-07
1876.5 8e-07
1877.5 5e-07
1878.5 3e-07
1879.5 9e-07
1880.5 7e-07
1881.5 3e-07
1882.5 8e-07
1883.5 5e-07
1884.5 6e-07
1885.5 9e-07
1886.5 4e-07
1887.5 8e-07
1888.5 6e-07
1889.5 9e-07
1890.5 5e-07
1891.5 9e-07
1892.5 3e-07
1893.5 5e-07
1894.5 2e-07
1895.5 3e-07
1896.5 6e-07
1897.5 6e-07
1898.5 9e-07
1899.5 8e-07
1900.5 8e-07
1901.5 8e-07
1902.5 4e-07
1903.5 8e-07
1904.5 7e-07
1905.5 6e-07
1906.5 6e-07
1907.5 4e-07
1908.5 1e-06
1909.5 1.1e-06
1910.5 5e-07
1911.5 1.3e-06
1912.5 1.1e-06
1913.5 1.3e-06
1914.5 6e-07
1915.5 1.1e-06
1916.5 9e-07
1917.5 5e-07
1918.5 2e-07
1919.5 8e-07
1920.5 9e-07
1921.5 4e-07
1922.5 4e-07
1923.5 6e-07
1924.5 4e-07
1925.5 4e-07
1926.5 4e-07
1927.5 1e-06
1928.5 9e-07
1929.5 5e-07
1930.5 4e-07
1931.5 6e-07
1932.5 7e-07
1933.5 7e-07
1934.5 1e-06
1935.5 7e-07
1936.5 3e-07
1937.5 8e-07
1938.5 1e-06
1939.5 5e-07
1940.5 1.2e-06
1941.5 3e-07
1942.5 7e-07
1943.5 6e-07
1944.5 7e-07
1945.5 5e-07
1946.5 7e-07
1947.5 1.2e-06
1948.5 6e-07
1949.5 5e-07
1950.5 4e-07
1951.5 5e-07
1952.5 4e-07
1953.5 1.1e-06
1954.5 8e-07
1955.5 4e-07
1956.5 7e-07
1957.5 1.1e-06
1958.5 6e-07
1959.5 7e-07
1960.5 8e-07
1961.5 5e-07
1962.5 5e-07
1963.5 6e-07
1964.5 8e-07
1965.5 6e-07
1966.5 6e-07
1967.5 7e-07
1968.5 6e-07
1969.5 7e-07
1970.5 1.2e-06
1971.5 7e-07
1972.5 6e-07
1973.5 7e-07
1974.5 7e-07
1975.5 3e-07
1976.5 5e-07
1977.5 6e-07
1978.5 5e-07
1979.5 2e-07
1980.5 3e-07
1981.5 4e-07
1982.5 6e-07
1983.5 6e-07
1984.5 2e-07
1985.5 7e-07
1986.5 4e-07
1987.5 6e-07
1988.5 5e-07
1989.5 4e-07
1990.5 9e-07
1991.5 3e-07
1992.5 5e-07
1993.5 5e-07
1994.5 6e-07
1995.5 1e-07
1996.5 7e-07
1997.5 4e-07
1998.5 6e-07
1999.5 6e-07
2000.5 4e-07
2001.5 6e-07
2002.5 8e-07
2003.5 2e-07
2004.5 8e-07
2005.5 5e-07
2006.5 6e-07
2007.5 4e-07
2008.5 1e-06
2009.5 7e-07
2010.5 7e-07
2011.5 9e-07
2012.5 7e-07
2013.5 4e-07
2014.5 8e-07
2015.5 8e-07
2016.5 6e-07
2017.5 9e-07
2018.5 1e-06
2019.5 9e-07
2020.5 5e-07
2021.5 7e-07
2022.5 4e-07
2023.5 7e-07
2024.5 3e-07
2025.5 2e-07
2026.5 3e-07
2027.5 7e-07
2028.5 2e-07
2029.5 1.1e-06
2030.5 8e-07
2031.5 7e-07
2032.5 3e-07
2033.5 2e-07
2034.5 4e-07
2035.5 5e-07
2036.5 5e-07
2037.5 3e-07
2038.5 5e-07
2039.5 3e-07
2040.5 6e-07
2041.5 5e-07
2042.5 7e-07
2043.5 5e-07
2044.5 7e-07
2045.5 7e-07
2046.5 6e-07
2047.5 6e-07
2048.5 3e-07
2049.5 5e-07
2050.5 2e-07
2051.5 6e-07
2052.5 4e-07
2053.5 5e-07
2054.5 9e-07
2055.5 7e-07
2056.5 4e-07
2057.5 5e-07
2058.5 3e-07
2059.5 7e-07
2060.5 6e-07
2061.5 1e-07
2062.5 4e-07
2063.5 5e-07
2064.5 4e-07
2065.5 1.1e-06
2066.5 7e-07
2067.5 4e-07
2068.5 4e-07
2069.5 6e-07
2070.5 6e-07
2071.5 8e-07
2072.5 4e-07
2073.5 6e-07
2074.5 8e-07
2075.5 9e-07
2076.5 2e-07
2077.5 9e-07
2078.5 1e-06
2079.5 4e-07
2080.5 6e-07
2081.5 5e-07
2082.5 8e-07
2083.5 6e-07
2084.5 4e-07
2085.5 1e-07
2086.5 1e-06
2087.5 2e-07
2088.5 4e-07
2089.5 5e-07
2090.5 3e-07
2091.5 4e-07
2092.5 3e-07
2093.5 4e-07
2094.5 9e-07
2095.5 7e-07
2096.5 4e-07
2097.5 6e-07
2098.5 8e-07
2099.5 5e-07
2100.5 8e-07
2101.5 7e-07
2102.5 3e-07
2103.5 4e-07
2104.5 3e-07
2105.5 5e-07
2106.5 4e-07
2107.5 4e-07
2108.5 2e-07
2109.5 9e-07
2110.5 2e-07
2111.5 6e-07
2112.5 7e-07
2113.5 4e-07
2114.5 6e-07
2115.5 3e-07
2116.5 1.1e-06
2117.5 1.3e-06
2118.5 9e-07
2119.5 4e-07
2120.5 4e-07
2121.5 9e-07
2122.5 1.2e-06
2123.5 5e-07
2124.5 1e-06
2125.5 2e-07
2126.5 6e-07
2127.5 5e-07
2128.5 7e-07
2129.5 6e-07
2130.5 6e-07
2131.5 2e-07
2132.5 8e-07
2133.5 3e-07
2134.5 1e-07
2135.5 8e-07
2136.5 6e-07
2137.5 5e-07
2138.5 6e-07
2139.5 4e-07
2140.5 3e-07
2141.5 2e-07
2142.5 5e-07
2143.5 5e-07
2144.5 6e-07
2145.5 6e-07
2146.5 6e-07
2147.5 7e-07
2148.5 5e-07
2149.5 4e-07
2150.5 6e-07
2151.5 5e-07
2152.5 4e-07
2153.5 3e-07
2154.5 5e-07
2155.5 8e-07
2156.5 8e-07
2157.5 2e-07
2158.5 4e-07
2159.5 2e-07
2160.5 6e-07
2161.5 5e-07
2162.5 4e-07
2163.5 5e-07
2164.5 6e-07
2165.5 7e-07
2166.5 5e-07
2167.5 7e-07
2168.5 4e-07
2169.5 5e-07
2170.5 5e-07
2171.5 5e-07
2172.5 6e-07
2173.5 3e-07
2174.5 4e-07
2175.5 5e-07
2176.5 5e-07
2177.5 7e-07
2178.5 6e-07
2179.5 5e-07
2180.5 4e-07
2181.5 3e-07
2182.5 3e-07
2183.5 2e-07
2184.5 3e-07
2185.5 7e-07
2186.5 2e-07
2187.5 2e-07
2188.5 3e-07
2189.5 3e-07
2190.5 9e-07
2191.5 4e-07
2192.5 5e-07
2193.5 6e-07
2194.5 4e-07
2195.5 5e-07
2196.5 5e-07
2197.5 3e-07
2198.5 6e-07
2199.5 3e-07
2200.5 2e-07
2201.5 5e-07
2202.5 3e-07
2203.5 7e-07
2204.5 5e-07
2205.5 7e-07
2206.5 7e-07
2207.5 4e-07
2208.5 5e-07
2209.5 2e-07
2210.5 6e-07
2211.5 6e-07
2212.5 3e-07
2213.5 5e-07
2214.5 6e-07
2215.5 9e-07
2216.5 6e-07
2217.5 1e-07
2218.5 6e-07
2219.5 7e-07
2220.5 4e-07
2221.5 2e-07
2222.5 6e-07
2223.5 5e-07
2224.5 3e-07
2225.5 5e-07
2226.5 4e-07
2227.5 2e-07
2228.5 3e-07
2229.5 4e-07
2230.5 5e-07
2231.5 1e-07
2232.5 6e-07
2233.5 5e-07
2234.5 0
2235.5 4e-07
2236.5 6e-07
2237.5 6e-07
2238.5 2e-07
2239.5 5e-07
2240.5 8e-07
2241.5 4e-07
2242.5 2e-07
2243.5 4e-07
2244.5 5e-07
2245.5 4e-07
2246.5 2e-07
2247.5 5e-07
2248.5 7e-07
2249.5 7e-07
2250.5 5e-07
2251.5 1e-07
2252.5 2e-07
2253.5 4e-07
2254.5 5e-07
2255.5 5e-07
2256.5 8e-07
2257.5 2e-07
2258.5 5e-07
2259.5 8e-07
2260.5 4e-07
2261.5 8e-07
2262.5 2e-07
2263.5 2e-07
2264.5 3e-07
2265.5 6e-07
2266.5 7e-07
2267.5 3e-07
2268.5 6e-07
2269.5 3e-07
2270.5 7e-07
2271.5 8e-07
2272.5 3e-07
2273.5 5e-07
2274.5 6e-07
2275.5 3e-07
2276.5 7e-07
2277.5 4e-07
2278.5 3e-07
2279.5 1e-07
2280.5 1e-07
2281.5 5e-07
2282.5 7e-07
2283.5 8e-07
2284.5 1e-07
2285.5 2e-07
2286.5 8e-07
2287.5 3e-07
2288.5 5e-07
2289.5 5e-07
2290.5 5e-07
2291.5 2e-07
2292.5 7e-07
2293.5 4e-07
2294.5 5e-07
2295.5 8e-07
2296.5 4e-07
2297.5 3e-07
2298.5 1e-07
2299.5 4e-07
2300.5 2e-07
2301.5 6e-07
2302.5 5e-07
2303.5 3e-07
2304.5 3e-07
2305.5 3e-07
2306.5 5e-07
2307.5 6e-07
2308.5 5e-07
2309.5 2e-07
2310.5 8e-07
2311.5 3e-07
2312.5 3e-07
2313.5 2e-07
2314.5 5e-07
2315.5 7e-07
2316.5 2e-07
2317.5 5e-07
2318.5 2e-07
2319.5 4e-07
2320.5 4e-07
2321.5 2e-07
2322.5 5e-07
2323.5 2e-07
2324.5 7e-07
2325.5 1e-07
2326.5 1e-07
2327.5 2e-07
2328.5 3e-07
2329.5 6e-07
2330.5 5e-07
2331.5 6e-07
2332.5 4e-07
2333.5 2e-07
2334.5 3e-07
2335.5 2e-07
2336.5 4e-07
2337.5 5e-07
2338.5 8e-07
2339.5 6e-07
2340.5 4e-07
2341.5 2e-07
2342.5 5e-07
2343.5 6e-07
2344.5 1e-07
2345.5 6e-07
2346.5 1.2e-06
2347.5 4e-07
2348.5 4e-07
2349.5 4e-07
2350.5 3e-07
2351.5 1e-06
2352.5 1e-07
2353.5 3e-07
2354.5 5e-07
2355.5 4e-07
2356.5 2e-07
2357.5 4e-07
2358.5 5e-07
2359.5 7e-07
2360.5 5e-07
2361.5 5e-07
2362.5 4e-07
2363.5 4e-07
2364.5 4e-07
2365.5 5e-07
2366.5 4e-07
2367.5 5e-07
2368.5 4e-07
2369.5 5e-07
2370.5 3e-07
2371.5 3e-07
2372.5 2e-07
2373.5 4e-07
2374.5 6e-07
2375.5 3e-07
2376.5 4e-07
2377.5 7e-07
2378.5 0
2379.5 0
2380.5 2e-07
2381.5 4e-07
2382.5 6e-07
2383.5 4e-07
2384.5 3e-07
2385.5 4e-07
2386.5 2e-07
2387.5 2e-07
2388.5 6e-07
2389.5 2e-07
2390.5 6e-07
2391.5 5e-07
2392.5 1e-07
2393.5 3e-07
2394.5 5e-07
2395.5 3e-07
2396.5 5e-07
2397.5 1e-07
2398.5 4e-07
2399.5 5e-07
2400.5 4e-07
2401.5 0
2402.5 3e-07
2403.5 4e-07
2404.5 2e-07
2405.5 4e-07
2406.5 4e-07
2407.5 6e-07
2408.5 5e-07
2409.5 3e-07
2410.5 6e-07
2411.5 3e-07
2412.5 3e-07
2413.5 5e-07
2414.5 6e-07
2415.5 4e-07
2416.5 3e-07
2417.5 3e-07
2418.5 6e-07
2419.5 5e-07
2420.5 1e-07
2421.5 2e-07
2422.5 4e-07
2423.5 4e-07
2424.5 2e-07
2425.5 1e-07
2426.5 5e-07
2427.5 5e-07
2428.5 9e-07
2429.5 6e-07
2430.5 2e-07
2431.5 7e-07
2432.5 4e-07
2433.5 2e-07
2434.5 2e-07
2435.5 5e-07
2436.5 2e-07
2437.5 1e-07
2438.5 5e-07
2439.5 3e-07
2440.5 5e-07
2441.5 5e-07
2442.5 6e-07
2443.5 3e-07
2444.5 4e-07
2445.5 2e-07
2446.5 1e-07
2447.5 4e-07
2448.5 5e-07
2449.5 5e-07
2450.5 1e-07
2451.5 0
2452.5 3e-07
2453.5 3e-07
2454.5 3e-07
2455.5 2e-07
2456.5 5e-07
2457.5 3e-07
2458.5 3e-07
2459.5 5e-07
2460.5 4e-07
2461.5 4e-07
2462.5 5e-07
2463.5 6e-07
2464.5 2e-07
2465.5 6e-07
2466.5 2e-07
2467.5 2e-07
2468.5 4e-07
2469.5 2e-07
2470.5 3e-07
2471.5 3e-07
2472.5 6e-07
2473.5 3e-07
2474.5 4e-07
2475.5 3e-07
2476.5 2e-07
2477.5 5e-07
2478.5 2e-07
2479.5 1e-07
2480.5 1e-07
2481.5 0
2482.5 4e-07
2483.5 1e-07
2484.5 6e-07
2485.5 8e-07
2486.5 6e-07
2487.5 3e-07
2488.5 7e-07
2489.5 5e-07
2490.5 5e-07
2491.5 6e-07
2492.5 2e-07
2493.5 4e-07
2494.5 6e-07
2495.5 4e-07
2496.5 1e-07
2497.5 3e-07
2498.5 3e-07
2499.5 5e-07
2500.5 4e-07
2501.5 5e-07
2502.5 2e-07
2503.5 0
2504.5 3e-07
2505.5 2e-07
2506.5 8e-07
2507.5 3e-07
2508.5 3e-07
2509.5 2e-07
2510.5 2e-07
2511.5 5e-07
2512.5 3e-07
2513.5 3e-07
2514.5 0
2515.5 2e-07
2516.5 1e-07
2517.5 6e-07
2518.5 4e-07
2519.5 3e-07
2520.5 5e-07
2521.5 5e-07
2522.5 2e-07
2523.5 0
2524.5 7e-07
2525.5 3e-07
2526.5 3e-07
2527.5 2e-07
2528.5 2e-07
2529.5 0
2530.5 4e-07
2531.5 0
2532.5 6e-07
2533.5 5e-07
2534.5 4e-07
2535.5 3e-07
2536.5 8e-07
2537.5 1e-07
2538.5 3e-07
2539.5 3e-07
2540.5 5e-07
2541.5 3e-07
2542.5 7e-07
2543.5 2e-07
2544.5 2e-07
2545.5 5e-07
2546.5 5e-07
2547.5 4e-07
2548.5 1e-07
2549.5 1e-07
2550.5 6e-07
2551.5 5e-07
2552.5 3e-07
2553.5 6e-07
2554.5 2e-07
2555.5 1e-07
2556.5 3e-07
2557.5 2e-07
2558.5 3e-07
2559.5 2e-07
2560.5 2e-07
2561.5 7e-07
2562.5 6e-07
2563.5 3e-07
2564.5 1e-07
2565.5 1e-07
2566.5 2e-07
2567.5 2e-07
2568.5 5e-07
2569.5 2e-07
2570.5 4e-07
2571.5 4e-07
2572.5 3e-07
2573.5 5e-07
2574.5 9e-07
2575.5 2e-07
2576.5 3e-07
2577.5 1e-07
2578.5 2e-07
2579.5 3e-07
2580.5 4e-07
2581.5 2e-07
2582.5 3e-07
2583.5 1e-07
2584.5 5e-07
2585.5 3e-07
2586.5 2e-07
2587.5 1e-07
2588.5 6e-07
2589.5 5e-07
2590.5 3e-07
2591.5 5e-07
2592.5 3e-07
2593.5 4e-07
2594.5 1e-07
2595.5 4e-07
2596.5 3e-07
2597.5 3e-07
2598.5 5e-07
2599.5 2e-07
2600.5 5e-07
2601.5 8e-07
2602.5 5e-07
2603.5 3e-07
2604.5 3e-07
2605.5 2e-07
2606.5 2e-07
2607.5 0
2608.5 3e-07
2609.5 0
2610.5 1e-07
2611.5 2e-07
2612.5 1e-07
2613.5 2e-07
2614.5 3e-07
2615.5 2e-07
2616.5 3e-07
2617.5 4e-07
2618.5 1e-07
2619.5 1e-07
2620.5 3e-07
2621.5 4e-07
2622.5 2e-07
2623.5 4e-07
2624.5 0
2625.5 4e-07
2626.5 5e-07
2627.5 2e-07
2628.5 2e-07
2629.5 1e-07
2630.5 5e-07
2631.5 7e-07
2632.5 0
2633.5 1e-07
2634.5 1e-07
2635.5 1e-07
2636.5 1e-07
2637.5 4e-07
2638.5 4e-07
2639.5 5e-07
2640.5 3e-07
2641.5 2e-07
2642.5 2e-07
2643.5 4e-07
2644.5 2e-07
2645.5 6e-07
2646.5 4e-07
2647.5 8e-07
2648.5 0
2649.5 2e-07
2650.5 2e-07
2651.5 2e-07
2652.5 4e-07
2653.5 2e-07
2654.5 5e-07
2655.5 2e-07
2656.5 3e-07
2657.5 5e-07
2658.5 2e-07
2659.5 1e-07
2660.5 3e-07
2661.5 3e-07
2662.5 3e-07
2663.5 1e-07
2664.5 1e-07
2665.5 1e-07
2666.5 2e-07
2667.5 2e-07
2668.5 2e-07
2669.5 4e-07
2670.5 4e-07
2671.5 2e-07
2672.5 6e-07
2673.5 1e-07
2674.5 3e-07
2675.5 0
2676.5 3e-07
2677.5 4e-07
2678.5 3e-07
2679.5 3e-07
2680.5 4e-07
2681.5 0
2682.5 3e-07
2683.5 3e-07
2684.5 3e-07
2685.5 3e-07
2686.5 4e-07
2687.5 4e-07
2688.5 5e-07
2689.5 2e-07
2690.5 1e-07
2691.5 3e-07
2692.5 4e-07
2693.5 3e-07
2694.5 6e-07
2695.5 3e-07
2696.5 3e-07
2697.5 1e-07
2698.5 2e-07
2699.5 3e-07
2700.5 0
2701.5 5e-07
2702.5 4e-07
2703.5 3e-07
2704.5 3e-07
2705.5 2e-07
2706.5 3e-07
2707.5 2e-07
2708.5 4e-07
2709.5 3e-07
2710.5 1e-07
2711.5 0
2712.5 7e-07
2713.5 1e-07
2714.5 6e-07
2715.5 2e-07
2716.5 4e-07
2717.5 5e-07
2718.5 2e-07
2719.5 3e-07
2720.5 0
2721.5 1e-07
2722.5 0
2723.5 1e-07
2724.5 2e-07
2725.5 4e-07
2726.5 1e-07
2727.5 2e-07
2728.5 2e-07
2729.5 5e-07
2730.5 1e-07
2731.5 3e-07
2732.5 1e-07
2733.5 4e-07
2734.5 0
2735.5 2e-07
2736.5 4e-07
2737.5 3e-07
2738.5 2e-07
2739.5 4e-07
2740.5 4e-07
2741.5 3e-07
2742.5 1e-07
2743.5 4e-07
2744.5 4e-07
2745.5 3e-07
2746.5 3e-07
2747.5 7e-07
2748.5 0
2749.5 5e-07
2750.5 3e-07
2751.5 1e-07
2752.5 3e-07
2753.5 3e-07
2754.5 1e-07
2755.5 2e-07
2756.5 3e-07
2757.5 1e-07
2758.5 2e-07
2759.5 4e-07
2760.5 1e-07
2761.5 2e-07
2762.5 2e-07
2763.5 3e-07
2764.5 3e-07
2765.5 3e-07
2766.5 2e-07
2767.5 2e-07
2768.5 4e-07
2769.5 2e-07
2770.5 0
2771.5 0
2772.5 0
2773.5 2e-07
2774.5 5e-07
2775.5 4e-07
2776.5 3e-07
2777.5 4e-07
2778.5 6e-07
2779.5 3e-07
2780.5 5e-07
2781.5 3e-07
2782.5 1e-07
2783.5 1e-07
2784.5 0
2785.5 2e-07
2786.5 1e-07
2787.5 4e-07
2788.5 2e-07
2789.5 0
2790.5 1e-07
2791.5 4e-07
2792.5 3e-07
2793.5 1e-07
2794.5 2e-07
2795.5 2e-07
2796.5 1e-07
2797.5 5e-07
2798.5 4e-07
2799.5 2e-07
2800.5 1e-07
2801.5 6e-07
2802.5 5e-07
2803.5 3e-07
2804.5 3e-07
2805.5 1e-07
2806.5 3e-07
2807.5 3e-07
2808.5 2e-07
2809.5 1e-07
2810.5 3e-07
2811.5 3e-07
2812.5 5e-07
2813.5 4e-07
2814.5 0
2815.5 3e-07
2816.5 2e-07
2817.5 1e-07
2818.5 3e-07
2819.5 7e-07
2820.5 3e-07
2821.5 2e-07
2822.5 5e-07
2823.5 1e-07
2824.5 3e-07
2825.5 3e-07
2826.5 2e-07
2827.5 1e-07
2828.5 1e-07
2829.5 2e-07
2830.5 3e-07
2831.5 3e-07
2832.5 3e-07
2833.5 3e-07
2834.5 2e-07
2835.5 5e-07
2836.5 2e-07
2837.5 1e-07
2838.5 3e-07
2839.5 4e-07
2840.5 2e-07
2841.5 2e-07
2842.5 2e-07
2843.5 4e-07
2844.5 1e-07
2845.5 2e-07
2846.5 4e-07
2847.5 3e-07
2848.5 3e-07
2849.5 2e-07
2850.5 5e-07
2851.5 5e-07
2852.5 2e-07
2853.5 4e-07
2854.5 6e-07
2855.5 0
2856.5 3e-07
2857.5 3e-07
2858.5 3e-07
2859.5 3e-07
2860.5 0
2861.5 3e-07
2862.5 3e-07
2863.5 2e-07
2864.5 4e-07
2865.5 1e-07
2866.5 3e-07
2867.5 1e-07
2868.5 4e-07
2869.5 1e-07
2870.5 4e-07
2871.5 1e-07
2872.5 0
2873.5 4e-07
2874.5 5e-07
2875.5 3e-07
2876.5 2e-07
2877.5 2e-07
2878.5 2e-07
2879.5 3e-07
2880.5 4e-07
2881.5 1e-07
2882.5 0
2883.5 6e-07
2884.5 3e-07
2885.5 4e-07
2886.5 1e-07
2887.5 5e-07
2888.5 1e-07
2889.5 4e-07
2890.5 1e-07
2891.5 3e-07
2892.5 4e-07
2893.5 2e-07
2894.5 2e-07
2895.5 5e-07
2896.5 2e-07
2897.5 6e-07
2898.5 1e-07
2899.5 3e-07
2900.5 8e-07
2901.5 1e-07
2902.5 2e-07
2903.5 3e-07
2904.5 1e-07
2905.5 3e-07
2906.5 1e-07
2907.5 4e-07
2908.5 3e-07
2909.5 2e-07
2910.5 3e-07
2911.5 3e-07
2912.5 2e-07
2913.5 2e-07
2914.5 4e-07
2915.5 4e-07
2916.5 4e-07
2917.5 6e-07
2918.5 4e-07
2919.5 4e-07
2920.5 1e-07
2921.5 3e-07
2922.5 3e-07
2923.5 1e-07
2924.5 2e-07
2925.5 0
2926.5 2e-07
2927.5 2e-07
2928.5 1e-07
2929.5 2e-07
2930.5 2e-07
2931.5 5e-07
2932.5 2e-07
2933.5 2e-07
2934.5 3e-07
2935.5 2e-07
2936.5 5e-07
2937.5 1e-07
2938.5 1e-07
2939.5 1e-07
2940.5 5e-07
2941.5 8e-07
2942.5 2e-07
2943.5 4e-07
2944.5 1e-07
2945.5 4e-07
2946.5 2e-07
2947.5 1e-07
2948.5 2e-07
2949.5 1e-07
2950.5 1e-07
2951.5 1e-07
2952.5 2e-07
2953.5 2e-07
2954.5 5e-07
2955.5 3e-07
2956.5 4e-07
2957.5 4e-07
2958.5 0
2959.5 1e-07
2960.5 5e-07
2961.5 3e-07
2962.5 2e-07
2963.5 0
2964.5 3e-07
2965.5 2e-07
2966.5 4e-07
2967.5 2e-07
2968.5 1e-07
2969.5 1e-07
2970.5 3e-07
2971.5 4e-07
2972.5 2e-07
2973.5 0
2974.5 2e-07
2975.5 1e-07
2976.5 3e-07
2977.5 1e-07
2978.5 1e-07
2979.5 3e-07
2980.5 1e-07
2981.5 5e-07
2982.5 4e-07
2983.5 3e-07
2984.5 5e-07
2985.5 3e-07
2986.5 1e-07
2987.5 5e-07
2988.5 1e-07
2989.5 5e-07
2990.5 1e-07
2991.5 2e-07
2992.5 1e-07
2993.5 0
2994.5 2e-07
2995.5 3e-07
2996.5 3e-07
2997.5 3e-07
2998.5 3e-07
2999.5 3e-07
3000.5 2e-07
3001.5 1e-07
3002.5 0
3003.5 3e-07
3004.5 1e-07
3005.5 2e-07
3006.5 6e-07
3007.5 2e-07
3008.5 2e-07
3009.5 3e-07
3010.5 4e-07
3011.5 1e-07
3012.5 3e-07
3013.5 1e-07
3014.5 1e-07
3015.5 2e-07
3016.5 2e-07
3017.5 2e-07
3018.5 1e-07
3019.5 1e-07
3020.5 4e-07
3021.5 1e-07
3022.5 2e-07
3023.5 3e-07
3024.5 2e-07
3025.5 2e-07
3026.5 3e-07
3027.5 3e-07
3028.5 2e-07
3029.5 6e-07
3030.5 2e-07
3031.5 2e-07
3032.5 3e-07
3033.5 6e-07
3034.5 5e-07
3035.5 3e-07
3036.5 2e-07
3037.5 1e-07
3038.5 3e-07
3039.5 5e-07
3040.5 5e-07
3041.5 1e-07
3042.5 0
3043.5 3e-07
3044.5 1e-07
3045.5 0
3046.5 2e-07
3047.5 2e-07
3048.5 2e-07
3049.5 4e-07
3050.5 2e-07
3051.5 3e-07
3052.5 2e-07
3053.5 0
3054.5 2e-07
3055.5 2e-07
3056.5 1e-07
3057.5 2e-07
3058.5 3e-07
3059.5 1e-07
3060.5 2e-07
3061.5 1e-07
3062.5 2e-07
3063.5 3e-07
3064.5 3e-07
3065.5 1e-07
3066.5 1e-07
3067.5 1e-07
3068.5 0
3069.5 1e-07
3070.5 2e-07
3071.5 3e-07
3072.5 1e-07
3073.5 1e-07
3074.5 4e-07
3075.5 2e-07
3076.5 2e-07
3077.5 1e-07
3078.5 3e-07
3079.5 1e-07
3080.5 4e-07
3081.5 4e-07
3082.5 2e-07
3083.5 2e-07
3084.5 0
3085.5 2e-07
3086.5 4e-07
3087.5 1e-07
3088.5 0
3089.5 1e-07
3090.5 4e-07
3091.5 1e-07
3092.5 2e-07
3093.5 3e-07
3094.5 2e-07
3095.5 2e-07
3096.5 2e-07
3097.5 3e-07
3098.5 0
3099.5 0
3100.5 2e-07
3101.5 5e-07
3102.5 4e-07
3103.5 2e-07
3104.5 4e-07
3105.5 2e-07
3106.5 0
3107.5 5e-07
3108.5 3e-07
3109.5 3e-07
3110.5 3e-07
3111.5 2e-07
3112.5 3e-07
3113.5 4e-07
3114.5 4e-07
3115.5 3e-07
3116.5 3e-07
3117.5 4e-07
3118.5 1e-07
3119.5 2e-07
3120.5 2e-07
3121.5 4e-07
3122.5 0
3123.5 3e-07
3124.5 0
3125.5 3e-07
3126.5 2e-07
3127.5 4e-07
3128.5 2e-07
3129.5 3e-07
3130.5 0
3131.5 2e-07
3132.5 3e-07
3133.5 3e-07
3134.5 3e-07
3135.5 6e-07
3136.5 0
3137.5 4e-07
3138.5 1e-07
3139.5 0
3140.5 3e-07
3141.5 0
3142.5 4e-07
3143.5 3e-07
3144.5 4e-07
3145.5 1e-07
3146.5 1e-07
3147.5 6e-07
3148.5 2e-07
3149.5 1e-07
3150.5 3e-07
3151.5 2e-07
3152.5 2e-07
3153.5 2e-07
3154.5 2e-07
3155.5 3e-07
3156.5 3e-07
3157.5 1e-07
3158.5 2e-07
3159.5 2e-07
3160.5 2e-07
3161.5 2e-07
3162.5 4e-07
3163.5 5e-07
3164.5 4e-07
3165.5 2e-07
3166.5 0
3167.5 3e-07
3168.5 4e-07
3169.5 3e-07
3170.5 1e-07
3171.5 1e-07
3172.5 3e-07
3173.5 1e-07
3174.5 3e-07
3175.5 3e-07
3176.5 2e-07
3177.5 3e-07
3178.5 3e-07
3179.5 1e-07
3180.5 0
3181.5 3e-07
3182.5 5e-07
3183.5 5e-07
3184.5 3e-07
3185.5 0
3186.5 3e-07
3187.5 1e-07
3188.5 0
3189.5 0
3190.5 3e-07
3191.5 3e-07
3192.5 4e-07
3193.5 0
3194.5 2e-07
3195.5 2e-07
3196.5 1e-07
3197.5 2e-07
3198.5 1e-07
3199.5 1e-07
3200.5 1e-07
3201.5 2e-07
3202.5 2e-07
3203.5 3e-07
3204.5 3e-07
3205.5 1e-07
3206.5 1e-07
3207.5 1e-07
3208.5 2e-07
3209.5 2e-07
3210.5 0
3211.5 3e-07
3212.5 5e-07
3213.5 1e-07
3214.5 0
3215.5 2e-07
3216.5 1e-07
3217.5 3e-07
3218.5 2e-07
3219.5 2e-07
3220.5 1e-07
3221.5 2e-07
3222.5 0
3223.5 3e-07
3224.5 2e-07
3225.5 0
3226.5 1e-07
3227.5 1e-07
3228.5 1e-07
3229.5 0
3230.5 3e-07
3231.5 3e-07
3232.5 3e-07
3233.5 1e-07
3234.5 0
3235.5 2e-07
3236.5 2e-07
3237.5 0
3238.5 3e-07
3239.5 6e-07
3240.5 3e-07
3241.5 1e-07
3242.5 2e-07
3243.5 1e-07
3244.5 1e-07
3245.5 0
3246.5 1e-07
3247.5 3e-07
3248.5 0
3249.5 2e-07
3250.5 1e-07
3251.5 1e-07
3252.5 2e-07
3253.5 2e-07
3254.5 3e-07
3255.5 1e-07
3256.5 2e-07
3257.5 3e-07
3258.5 2e-07
3259.5 5e-07
3260.5 2e-07
3261.5 1e-07
3262.5 2e-07
3263.5 2e-07
3264.5 2e-07
3265.5 1e-07
3266.5 2e-07
3267.5 0
3268.5 0
3269.5 2e-07
3270.5 3e-07
3271.5 3e-07
3272.5 2e-07
3273.5 1e-07
3274.5 2e-07
3275.5 0
3276.5 2e-07
3277.5 2e-07
3278.5 2e-07
3279.5 0
3280.5 0
3281.5 2e-07
3282.5 1e-07
3283.5 0
3284.5 0
3285.5 3e-07
3286.5 1e-07
3287.5 2e-07
3288.5 0
3289.5 1e-07
3290.5 1e-07
3291.5 1e-07
3292.5 1e-07
3293.5 3e-07
3294.5 0
3295.5 3e-07
3296.5 1e-07
3297.5 0
3298.5 1e-07
3299.5 2e-07
3300.5 2e-07
3301.5 1e-07
3302.5 2e-07
3303.5 1e-07
3304.5 2e-07
3305.5 3e-07
3306.5 0
3307.5 1e-07
3308.5 0
3309.5 2e-07
3310.5 1e-07
3311.5 3e-07
3312.5 1e-07
3313.5 2e-07
3314.5 3e-07
3315.5 1e-07
3316.5 2e-07
3317.5 3e-07
3318.5 3e-07
3319.5 2e-07
3320.5 2e-07
3321.5 1e-07
3322.5 1e-07
3323.5 2e-07
3324.5 4e-07
3325.5 2e-07
3326.5 0
3327.5 0
3328.5 2e-07
3329.5 5e-07
3330.5 2e-07
3331.5 3e-07
3332.5 3e-07
3333.5 3e-07
3334.5 3e-07
3335.5 0
3336.5 4e-07
3337.5 1e-07
3338.5 0
3339.5 2e-07
3340.5 4e-07
3341.5 4e-07
3342.5 3e-07
3343.5 1e-07
3344.5 0
3345.5 0
3346.5 1e-07
3347.5 0
3348.5 2e-07
3349.5 3e-07
3350.5 1e-07
3351.5 1e-07
3352.5 2e-07
3353.5 3e-07
3354.5 3e-07
3355.5 2e-07
3356.5 0
3357.5 1e-07
3358.5 5e-07
3359.5 2e-07
3360.5 0
3361.5 2e-07
3362.5 0
3363.5 0
3364.5 3e-07
3365.5 2e-07
3366.5 5e-07
3367.5 0
3368.5 4e-07
3369.5 1e-07
3370.5 3e-07
3371.5 2e-07
3372.5 3e-07
3373.5 1e-07
3374.5 1e-07
3375.5 1e-07
3376.5 1e-07
3377.5 1e-07
3378.5 1e-07
3379.5 0
3380.5 1e-07
3381.5 4e-07
3382.5 1e-07
3383.5 4e-07
3384.5 4e-07
3385.5 0
3386.5 4e-07
3387.5 3e-07
3388.5 1e-07
3389.5 4e-07
3390.5 3e-07
3391.5 3e-07
3392.5 3e-07
3393.5 1e-07
3394.5 1e-07
3395.5 2e-07
3396.5 1e-07
3397.5 3e-07
3398.5 2e-07
3399.5 4e-07
3400.5 5e-07
3401.5 1e-07
3402.5 1e-07
3403.5 3e-07
3404.5 1e-07
3405.5 0
3406.5 3e-07
3407.5 2e-07
3408.5 1e-07
3409.5 1e-07
3410.5 2e-07
3411.5 1e-07
3412.5 1e-07
3413.5 0
3414.5 1e-07
3415.5 4e-07
3416.5 5e-07
3417.5 0
3418.5 3e-07
3419.5 2e-07
3420.5 1e-07
3421.5 1e-07
3422.5 0
3423.5 1e-07
3424.5 0
3425.5 1e-07
3426.5 0
3427.5 2e-07
3428.5 6e-07
3429.5 3e-07
3430.5 0
3431.5 2e-07
3432.5 2e-07
3433.5 3e-07
3434.5 4e-07
3435.5 0
3436.5 4e-07
3437.5 5e-07
3438.5 1e-07
3439.5 4e-07
3440.5 0
3441.5 3e-07
3442.5 0
3443.5 1e-07
3444.5 1e-07
3445.5 4e-07
3446.5 3e-07
3447.5 1e-07
3448.5 1e-07
3449.5 4e-07
3450.5 0
3451.5 0
3452.5 3e-07
3453.5 1e-07
3454.5 1e-07
3455.5 2e-07
3456.5 3e-07
3457.5 0
3458.5 1e-07
3459.5 3e-07
3460.5 5e-07
3461.5 2e-07
3462.5 2e-07
3463.5 3e-07
3464.5 0
3465.5 0
3466.5 2e-07
3467.5 1e-07
3468.5 0
3469.5 1e-07
3470.5 0
3471.5 1e-07
3472.5 0
3473.5 1e-07
3474.5 2e-07
3475.5 2e-07
3476.5 3e-07
3477.5 1e-07
3478.5 1e-07
3479.5 1e-07
3480.5 0
3481.5 0
3482.5 1e-07
3483.5 0
3484.5 0
3485.5 1e-07
3486.5 4e-07
3487.5 1e-07
3488.5 6e-07
3489.5 1e-07
3490.5 3e-07
3491.5 3e-07
3492.5 0
3493.5 2e-07
3494.5 0
3495.5 4e-07
3496.5 1e-07
3497.5 2e-07
3498.5 2e-07
3499.5 1e-07
3500.5 2e-07
3501.5 1e-07
3502.5 0
3503.5 3e-07
3504.5 2e-07
3505.5 1e-07
3506.5 2e-07
3507.5 1e-07
3508.5 2e-07
3509.5 1e-07
3510.5 2e-07
3511.5 1e-07
3512.5 3e-07
3513.5 2e-07
3514.5 1e-07
3515.5 1e-07
3516.5 1e-07
3517.5 4e-07
3518.5 2e-07
3519.5 0
3520.5 1e-07
3521.5 2e-07
3522.5 1e-07
3523.5 4e-07
3524.5 0
3525.5 2e-07
3526.5 0
3527.5 2e-07
3528.5 1e-07
3529.5 2e-07
3530.5 2e-07
3531.5 0
3532.5 1e-07
3533.5 2e-07
3534.5 1e-07
3535.5 2e-07
3536.5 0
3537.5 4e-07
3538.5 3e-07
3539.5 2e-07
3540.5 0
3541.5 3e-07
3542.5 2e-07
3543.5 1e-07
3544.5 1e-07
3545.5 0
3546.5 1e-07
3547.5 2e-07
3548.5 1e-07
3549.5 0
3550.5 2e-07
3551.5 0
3552.5 2e-07
3553.5 2e-07
3554.5 3e-07
3555.5 3e-07
3556.5 3e-07
3557.5 3e-07
3558.5 0
3559.5 1e-07
3560.5 6e-07
3561.5 1e-07
3562.5 0
3563.5 4e-07
3564.5 1e-07
3565.5 2e-07
3566.5 3e-07
3567.5 2e-07
3568.5 2e-07
3569.5 0
3570.5 1e-07
3571.5 1e-07
3572.5 2e-07
3573.5 0
3574.5 3e-07
3575.5 1e-07
3576.5 2e-07
3577.5 1e-07
3578.5 3e-07
3579.5 2e-07
3580.5 1e-07
3581.5 1e-07
3582.5 0
3583.5 1e-07
3584.5 2e-07
3585.5 3e-07
3586.5 1e-07
3587.5 0
3588.5 3e-07
3589.5 3e-07
3590.5 4e-07
3591.5 1e-07
3592.5 0
3593.5 3e-07
3594.5 1e-07
3595.5 0
3596.5 1e-07
3597.5 2e-07
3598.5 2e-07
3599.5 2e-07
3600.5 0
3601.5 1e-07
3602.5 2e-07
3603.5 0
3604.5 2e-07
3605.5 2e-07
3606.5 2e-07
3607.5 0
3608.5 1e-07
3609.5 3e-07
3610.5 0
3611.5 2e-07
3612.5 2e-07
3613.5 3e-07
3614.5 2e-07
3615.5 0
3616.5 1e-07
3617.5 1e-07
3618.5 0
3619.5 0
3620.5 4e-07
3621.5 0
3622.5 2e-07
3623.5 2e-07
3624.5 0
3625.5 2e-07
3626.5 2e-07
3627.5 0
3628.5 2e-07
3629.5 1e-07
3630.5 0
3631.5 2e-07
3632.5 1e-07
3633.5 0
3634.5 2e-07
3635.5 3e-07
3636.5 2e-07
3637.5 0
3638.5 1e-07
3639.5 3e-07
3640.5 1e-07
3641.5 2e-07
3642.5 4e-07
3643.5 1e-07
3644.5 1e-07
3645.5 2e-07
3646.5 1e-07
3647.5 1e-07
3648.5 2e-07
3649.5 1e-07
3650.5 2e-07
3651.5 1e-07
3652.5 2e-07
3653.5 0
3654.5 2e-07
3655.5 0
3656.5 0
3657.5 1e-07
3658.5 1e-07
3659.5 2e-07
3660.5 0
3661.5 1e-07
3662.5 0
3663.5 0
3664.5 1e-07
3665.5 1e-07
3666.5 0
3667.5 2e-07
3668.5 0
3669.5 3e-07
3670.5 2e-07
3671.5 1e-07
3672.5 2e-07
3673.5 2e-07
3674.5 1e-07
3675.5 0
3676.5 0
3677.5 3e-07
3678.5 1e-07
3679.5 1e-07
3680.5 1e-07
3681.5 0
3682.5 2e-07
3683.5 1e-07
3684.5 1e-07
3685.5 2e-07
3686.5 1e-07
3687.5 2e-07
3688.5 2e-07
3689.5 1e-07
3690.5 1e-07
3691.5 0
3692.5 0
3693.5 2e-07
3694.5 2e-07
3695.5 2e-07
3696.5 0
3697.5 3e-07
3698.5 5e-07
3699.5 1e-07
3700.5 2e-07
3701.5 1e-07
3702.5 1e-07
3703.5 0
3704.5 1e-07
3705.5 2e-07
3706.5 2e-07
3707.5 2e-07
3708.5 1e-07
3709.5 2e-07
3710.5 0
3711.5 2e-07
3712.5 5e-07
3713.5 2e-07
3714.5 3e-07
3715.5 1e-07
3716.5 4e-07
3717.5 2e-07
3718.5 2e-07
3719.5 1e-07
3720.5 5e-07
3721.5 1e-07
3722.5 0
3723.5 1e-07
3724.5 2e-07
3725.5 0
3726.5 5e-07
3727.5 1e-07
3728.5 1e-07
3729.5 3e-07
3730.5 1e-07
3731.5 1e-07
3732.5 2e-07
3733.5 2e-07
3734.5 1e-07
3735.5 1e-07
3736.5 0
3737.5 2e-07
3738.5 0
3739.5 0
3740.5 6e-07
3741.5 2e-07
3742.5 0
3743.5 2e-07
3744.5 1e-07
3745.5 1e-07
3746.5 2e-07
3747.5 2e-07
3748.5 3e-07
3749.5 4e-07
3750.5 1e-07
3751.5 1e-07
3752.5 0
3753.5 0
3754.5 0
3755.5 2e-07
3756.5 0
3757.5 2e-07
3758.5 2e-07
3759.5 1e-07
3760.5 2e-07
3761.5 3e-07
3762.5 1e-07
3763.5 2e-07
3764.5 1e-07
3765.5 3e-07
3766.5 0
3767.5 1e-07
3768.5 3e-07
3769.5 1e-07
3770.5 3e-07
3771.5 1e-07
3772.5 2e-07
3773.5 1e-07
3774.5 3e-07
3775.5 4e-07
3776.5 0
3777.5 3e-07
3778.5 1e-07
3779.5 3e-07
3780.5 0
3781.5 4e-07
3782.5 2e-07
3783.5 2e-07
3784.5 1e-07
3785.5 2e-07
3786.5 4e-07
3787.5 0
3788.5 2e-07
3789.5 4e-07
3790.5 1e-07
3791.5 0
3792.5 0
3793.5 1e-07
3794.5 0
3795.5 2e-07
3796.5 1e-07
3797.5 1e-07
3798.5 2e-07
3799.5 0
3800.5 0
3801.5 0
3802.5 1e-07
3803.5 3e-07
3804.5 0
3805.5 1e-07
3806.5 1e-07
3807.5 0
3808.5 1e-07
3809.5 1e-07
3810.5 5e-07
3811.5 3e-07
3812.5 2e-07
3813.5 0
3814.5 0
3815.5 1e-07
3816.5 2e-07
3817.5 1e-07
3818.5 0
3819.5 0
3820.5 2e-07
3821.5 1e-07
3822.5 0
3823.5 3e-07
3824.5 1e-07
3825.5 1e-07
3826.5 2e-07
3827.5 2e-07
3828.5 3e-07
3829.5 4e-07
3830.5 4e-07
3831.5 4e-07
3832.5 2e-07
3833.5 0
3834.5 1e-07
3835.5 1e-07
3836.5 0
3837.5 1e-07
3838.5 3e-07
3839.5 2e-07
3840.5 1e-07
3841.5 2e-07
3842.5 0
3843.5 0
3844.5 1e-07
3845.5 1e-07
3846.5 1e-07
3847.5 1e-07
3848.5 2e-07
3849.5 0
3850.5 3e-07
3851.5 0
3852.5 0
3853.5 1e-07
3854.5 2e-07
3855.5 3e-07
3856.5 1e-07
3857.5 2e-07
3858.5 2e-07
3859.5 1e-07
3860.5 2e-07
3861.5 1e-07
3862.5 0
3863.5 4e-07
3864.5 3e-07
3865.5 0
3866.5 2e-07
3867.5 2e-07
3868.5 3e-07
3869.5 2e-07
3870.5 1e-07
3871.5 0
3872.5 1e-07
3873.5 1e-07
3874.5 1e-07
3875.5 2e-07
3876.5 0
3877.5 1e-07
3878.5 1e-07
3879.5 2e-07
3880.5 2e-07
3881.5 2e-07
3882.5 0
3883.5 2e-07
3884.5 1e-07
3885.5 0
3886.5 1e-07
3887.5 6e-07
3888.5 0
3889.5 1e-07
3890.5 1e-07
3891.5 1e-07
3892.5 4e-07
3893.5 4e-07
3894.5 1e-07
3895.5 1e-07
3896.5 1e-07
3897.5 2e-07
3898.5 1e-07
3899.5 2e-07
3900.5 1e-07
3901.5 0
3902.5 1e-07
3903.5 2e-07
3904.5 1e-07
3905.5 1e-07
3906.5 2e-07
3907.5 2e-07
3908.5 2e-07
3909.5 1e-07
3910.5 0
3911.5 2e-07
3912.5 4e-07
3913.5 1e-07
3914.5 1e-07
3915.5 0
3916.5 1e-07
3917.5 0
3918.5 0
3919.5 0
3920.5 1e-07
3921.5 2e-07
3922.5 1e-07
3923.5 0
3924.5 1e-07
3925.5 1e-07
3926.5 2e-07
3927.5 2e-07
3928.5 1e-07
3929.5 4e-07
3930.5 1e-07
3931.5 3e-07
3932.5 2e-07
3933.5 2e-07
3934.5 1e-07
3935.5 1e-07
3936.5 0
3937.5 2e-07
3938.5 0
3939.5 2e-07
3940.5 1e-07
3941.5 1e-07
3942.5 1e-07
3943.5 2e-07
3944.5 1e-07
3945.5 1e-07
3946.5 0
3947.5 2e-07
3948.5 0
3949.5 2e-07
3950.5 2e-07
3951.5 0
3952.5 0
3953.5 1e-07
3954.5 3e-07
3955.5 0
3956.5 0
3957.5 4e-07
3958.5 2e-07
3959.5 0
3960.5 2e-07
3961.5 1e-07
3962.5 1e-07
3963.5 1e-07
3964.5 0
3965.5 0
3966.5 2e-07
3967.5 2e-07
3968.5 1e-07
3969.5 3e-07
3970.5 1e-07
3971.5 2e-07
3972.5 1e-07
3973.5 2e-07
3974.5 2e-07
3975.5 4e-07
3976.5 0
3977.5 0
3978.5 0
3979.5 2e-07
3980.5 0
3981.5 2e-07
3982.5 2e-07
3983.5 2e-07
3984.5 0
3985.5 0
3986.5 0
3987.5 2e-07
3988.5 2e-07
3989.5 1e-07
3990.5 2e-07
3991.5 0
3992.5 0
3993.5 0
3994.5 1e-07
3995.5 0
3996.5 2e-07
3997.5 1e-07
3998.5 1e-07
3999.5 0
4000.5 2e-07
4001.5 0
4002.5 2e-07
4003.5 3e-07
4004.5 1e-07
4005.5 2e-07
4006.5 0
4007.5 2e-07
4008.5 1e-07
4009.5 2e-07
4010.5 3e-07
4011.5 1e-07
4012.5 1e-07
4013.5 1e-07
4014.5 1e-07
4015.5 2e-07
4016.5 2e-07
4017.5 1e-07
4018.5 0
4019.5 1e-07
4020.5 2e-07
4021.5 1e-07
4022.5 3e-07
4023.5 1e-07
4024.5 2e-07
4025.5 2e-07
4026.5 1e-07
4027.5 0
4028.5 3e-07
4029.5 0
4030.5 1e-07
4031.5 4e-07
4032.5 0
4033.5 1e-07
4034.5 0
4035.5 2e-07
4036.5 3e-07
4037.5 0
4038.5 1e-07
4039.5 2e-07
4040.5 2e-07
4041.5 1e-07
4042.5 2e-07
4043.5 2e-07
4044.5 1e-07
4045.5 1e-07
4046.5 0
4047.5 1e-07
4048.5 0
4049.5 1e-07
4050.5 2e-07
4051.5 3e-07
4052.5 1e-07
4053.5 1e-07
4054.5 4e-07
4055.5 1e-07
4056.5 0
4057.5 0
4058.5 0
4059.5 3e-07
4060.5 0
4061.5 0
4062.5 3e-07
4063.5 0
4064.5 1e-07
4065.5 2e-07
4066.5 0
4067.5 0
4068.5 3e-07
4069.5 2e-07
4070.5 0
4071.5 2e-07
4072.5 0
4073.5 0
4074.5 0
4075.5 1e-07
4076.5 0
4077.5 0
4078.5 0
4079.5 1e-07
4080.5 2e-07
4081.5 3e-07
4082.5 1e-07
4083.5 0
4084.5 0
4085.5 0
4086.5 2e-07
4087.5 2e-07
4088.5 2e-07
4089.5 0
4090.5 2e-07
4091.5 2e-07
4092.5 1e-07
4093.5 3e-07
4094.5 1e-07
4095.5 1e-07
4096.5 1e-07
4097.5 0
4098.5 0
4099.5 1e-07
4100.5 2e-07
4101.5 0
4102.5 0
4103.5 0
4104.5 0
4105.5 3e-07
4106.5 4e-07
4107.5 0
4108.5 2e-07
4109.5 1e-07
4110.5 1e-07
4111.5 2e-07
4112.5 0
4113.5 1e-07
4114.5 2e-07
4115.5 1e-07
4116.5 2e-07
4117.5 2e-07
4118.5 0
4119.5 1e-07
4120.5 1e-07
4121.5 0
4122.5 2e-07
4123.5 1e-07
4124.5 1e-07
4125.5 0
4126.5 2e-07
4127.5 0
4128.5 2e-07
4129.5 3e-07
4130.5 0
4131.5 1e-07
4132.5 2e-07
4133.5 3e-07
4134.5 2e-07
4135.5 1e-07
4136.5 1e-07
4137.5 0
4138.5 1e-07
4139.5 1e-07
4140.5 1e-07
4141.5 1e-07
4142.5 2e-07
4143.5 2e-07
4144.5 3e-07
4145.5 1e-07
4146.5 1e-07
4147.5 1e-07
4148.5 1e-07
4149.5 1e-07
4150.5 1e-07
4151.5 1e-07
4152.5 0
4153.5 1e-07
4154.5 0
4155.5 0
4156.5 3e-07
4157.5 3e-07
4158.5 0
4159.5 2e-07
4160.5 0
4161.5 0
4162.5 0
4163.5 3e-07
4164.5 2e-07
4165.5 1e-07
4166.5 2e-07
4167.5 2e-07
4168.5 0
4169.5 0
4170.5 0
4171.5 1e-07
4172.5 2e-07
4173.5 1e-07
4174.5 1e-07
4175.5 4e-07
4176.5 3e-07
4177.5 3e-07
4178.5 0
4179.5 0
4180.5 0
4181.5 2e-07
4182.5 0
4183.5 0
4184.5 0
4185.5 1e-07
4186.5 1e-07
4187.5 3e-07
4188.5 1e-07
4189.5 2e-07
4190.5 3e-07
4191.5 2e-07
4192.5 2e-07
4193.5 1e-07
4194.5 2e-07
4195.5 1e-07
4196.5 4e-07
4197.5 0
4198.5 3e-07
4199.5 3e-07
4200.5 1e-07
4201.5 0
4202.5 2e-07
4203.5 1e-07
4204.5 0
4205.5 0
4206.5 1e-07
4207.5 0
4208.5 1e-07
4209.5 4e-07
4210.5 0
4211.5 2e-07
4212.5 1e-07
4213.5 0
4214.5 0
4215.5 2e-07
4216.5 0
4217.5 2e-07
4218.5 2e-07
4219.5 1e-07
4220.5 2e-07
4221.5 2e-07
4222.5 1e-07
4223.5 3e-07
4224.5 1e-07
4225.5 1e-07
4226.5 1e-07
4227.5 0
4228.5 1e-07
4229.5 0
4230.5 1e-07
4231.5 2e-07
4232.5 1e-07
4233.5 3e-07
4234.5 0
4235.5 0
4236.5 1e-07
4237.5 1e-07
4238.5 1e-07
4239.5 0
4240.5 1e-07
4241.5 3e-07
4242.5 1e-07
4243.5 2e-07
4244.5 1e-07
4245.5 0
4246.5 4e-07
4247.5 1e-07
4248.5 1e-07
4249.5 0
4250.5 1e-07
4251.5 1e-07
4252.5 1e-07
4253.5 0
4254.5 2e-07
4255.5 2e-07
4256.5 0
4257.5 4e-07
4258.5 1e-07
4259.5 1e-07
4260.5 3e-07
4261.5 1e-07
4262.5 3e-07
4263.5 2e-07
4264.5 1e-07
4265.5 3e-07
4266.5 3e-07
4267.5 1e-07
4268.5 2e-07
4269.5 0
4270.5 0
4271.5 0
4272.5 0
4273.5 0
4274.5 1e-07
4275.5 1e-07
4276.5 1e-07
4277.5 1e-07
4278.5 2e-07
4279.5 1e-07
4280.5 1e-07
4281.5 2e-07
4282.5 1e-07
4283.5 0
4284.5 1e-07
4285.5 0
4286.5 2e-07
4287.5 1e-07
4288.5 1e-07
4289.5 0
4290.5 1e-07
4291.5 1e-07
4292.5 1e-07
4293.5 1e-07
4294.5 1e-07
4295.5 1e-07
4296.5 3e-07
4297.5 1e-07
4298.5 0
4299.5 0
4300.5 2e-07
4301.5 2e-07
4302.5 1e-07
4303.5 1e-07
4304.5 1e-07
4305.5 2e-07
4306.5 0
4307.5 2e-07
4308.5 0
4309.5 4e-07
4310.5 1e-07
4311.5 2e-07
4312.5 1e-07
4313.5 1e-07
4314.5 1e-07
4315.5 0
4316.5 1e-07
4317.5 0
4318.5 1e-07
4319.5 1e-07
4320.5 0
4321.5 1e-07
4322.5 1e-07
4323.5 1e-07
4324.5 1e-07
4325.5 1e-07
4326.5 1e-07
4327.5 2e-07
4328.5 2e-07
4329.5 1e-07
4330.5 1e-07
4331.5 1e-07
4332.5 1e-07
4333.5 1e-07
4334.5 2e-07
4335.5 1e-07
4336.5 1e-07
4337.5 1e-07
4338.5 0
4339.5 2e-07
4340.5 0
4341.5 3e-07
4342.5 2e-07
4343.5 0
4344.5 1e-07
4345.5 4e-07
4346.5 1e-07
4347.5 1e-07
4348.5 0
4349.5 0
4350.5 1e-07
4351.5 2e-07
4352.5 0
4353.5 2e-07
4354.5 0
4355.5 0
4356.5 1e-07
4357.5 0
4358.5 0
4359.5 0
4360.5 1e-07
4361.5 1e-07
4362.5 1e-07
4363.5 0
4364.5 0
4365.5 1e-07
4366.5 0
4367.5 2e-07
4368.5 1e-07
4369.5 1e-07
4370.5 0
4371.5 3e-07
4372.5 3e-07
4373.5 0
4374.5 0
4375.5 0
4376.5 0
4377.5 1e-07
4378.5 0
4379.5 0
4380.5 0
4381.5 1e-07
4382.5 0
4383.5 2e-07
4384.5 1e-07
4385.5 1e-07
4386.5 1e-07
4387.5 1e-07
4388.5 2e-07
4389.5 2e-07
4390.5 1e-07
4391.5 0
4392.5 0
4393.5 2e-07
4394.5 0
4395.5 1e-07
4396.5 0
4397.5 2e-07
4398.5 1e-07
4399.5 1e-07
4400.5 0
4401.5 2e-07
4402.5 1e-07
4403.5 2e-07
4404.5 0
4405.5 2e-07
4406.5 0
4407.5 2e-07
4408.5 1e-07
4409.5 1e-07
4410.5 2e-07
4411.5 1e-07
4412.5 1e-07
4413.5 0
4414.5 0
4415.5 0
4416.5 0
4417.5 1e-07
4418.5 0
4419.5 3e-07
4420.5 5e-07
4421.5 1e-07
4422.5 1e-07
4423.5 0
4424.5 1e-07
4425.5 0
4426.5 4e-07
4427.5 1e-07
4428.5 1e-07
4429.5 1e-07
4430.5 1e-07
4431.5 1e-07
4432.5 3e-07
4433.5 2e-07
4434.5 1e-07
4435.5 1e-07
4436.5 2e-07
4437.5 1e-07
4438.5 1e-07
4439.5 0
4440.5 0
4441.5 1e-07
4442.5 1e-07
4443.5 5e-07
4444.5 0
4445.5 1e-07
4446.5 1e-07
4447.5 1e-07
4448.5 0
4449.5 0
4450.5 1e-07
4451.5 2e-07
4452.5 2e-07
4453.5 0
4454.5 2e-07
4455.5 2e-07
4456.5 1e-07
4457.5 1e-07
4458.5 1e-07
4459.5 0
4460.5 1e-07
4461.5 0
4462.5 2e-07
4463.5 1e-07
4464.5 0
4465.5 1e-07
4466.5 1e-07
4467.5 0
4468.5 1e-07
4469.5 1e-07
4470.5 3e-07
4471.5 3e-07
4472.5 1e-07
4473.5 2e-07
4474.5 2e-07
4475.5 2e-07
4476.5 1e-07
4477.5 1e-07
4478.5 2e-07
4479.5 1e-07
4480.5 2e-07
4481.5 1e-07
4482.5 2e-07
4483.5 2e-07
4484.5 0
4485.5 3e-07
4486.5 0
4487.5 0
4488.5 0
4489.5 0
4490.5 1e-07
4491.5 1e-07
4492.5 3e-07
4493.5 2e-07
4494.5 0
4495.5 4e-07
4496.5 2e-07
4497.5 0
4498.5 1e-07
4499.5 2e-07
4500.5 0
4501.5 0
4502.5 1e-07
4503.5 1e-07
4504.5 1e-07
4505.5 0
4506.5 3e-07
4507.5 2e-07
4508.5 1e-07
4509.5 0
4510.5 1e-07
4511.5 0
4512.5 1e-07
4513.5 2e-07
4514.5 1e-07
4515.5 0
4516.5 1e-07
4517.5 0
4518.5 2e-07
4519.5 2e-07
4520.5 0
4521.5 0
4522.5 0
4523.5 2e-07
4524.5 1e-07
4525.5 0
4526.5 1e-07
4527.5 0
4528.5 1e-07
4529.5 3e-07
4530.5 2e-07
4531.5 0
4532.5 2e-07
4533.5 0
4534.5 0
4535.5 1e-07
4536.5 0
4537.5 2e-07
4538.5 2e-07
4539.5 0
4540.5 1e-07
4541.5 1e-07
4542.5 2e-07
4543.5 2e-07
4544.5 3e-07
4545.5 0
4546.5 0
4547.5 1e-07
4548.5 0
4549.5 3e-07
4550.5 1e-07
4551.5 2e-07
4552.5 2e-07
4553.5 1e-07
4554.5 0
4555.5 1e-07
4556.5 0
4557.5 2e-07
4558.5 1e-07
4559.5 1e-07
4560.5 0
4561.5 1e-07
4562.5 2e-07
4563.5 2e-07
4564.5 2e-07
4565.5 1e-07
4566.5 2e-07
4567.5 0
4568.5 2e-07
4569.5 2e-07
4570.5 0
4571.5 0
4572.5 2e-07
4573.5 0
4574.5 0
4575.5 2e-07
4576.5 1e-07
4577.5 1e-07
4578.5 4e-07
4579.5 1e-07
4580.5 0
4581.5 0
4582.5 1e-07
4583.5 3e-07
4584.5 1e-07
4585.5 1e-07
4586.5 0
4587.5 1e-07
4588.5 3e-07
4589.5 1e-07
4590.5 3e-07
4591.5 2e-07
4592.5 0
4593.5 2e-07
4594.5 1e-07
4595.5 0
4596.5 0
4597.5 0
4598.5 2e-07
4599.5 3e-07
4600.5 0
4601.5 0
4602.5 0
4603.5 2e-07
4604.5 0
4605.5 0
4606.5 0
4607.5 0
4608.5 1e-07
4609.5 0
4610.5 2e-07
4611.5 0
4612.5 3e-07
4613.5 0
4614.5 2e-07
4615.5 1e-07
4616.5 3e-07
4617.5 0
4618.5 1e-07
4619.5 2e-07
4620.5 0
4621.5 0
4622.5 1e-07
4623.5 1e-07
4624.5 1e-07
4625.5 1e-07
4626.5 0
4627.5 0
4628.5 0
4629.5 1e-07
4630.5 1e-07
4631.5 2e-07
4632.5 2e-07
4633.5 1e-07
4634.5 2e-07
4635.5 1e-07
4636.5 3e-07
4637.5 2e-07
4638.5 0
4639.5 1e-07
4640.5 2e-07
4641.5 1e-07
4642.5 1e-07
4643.5 1e-07
4644.5 1e-07
4645.5 3e-07
4646.5 0
4647.5 2e-07
4648.5 0
4649.5 3e-07
4650.5 2e-07
4651.5 0
4652.5 1e-07
4653.5 0
4654.5 1e-07
4655.5 0
4656.5 1e-07
4657.5 2e-07
4658.5 2e-07
4659.5 0
4660.5 2e-07
4661.5 0
4662.5 2e-07
4663.5 1e-07
4664.5 0
4665.5 1e-07
4666.5 0
4667.5 1e-07
4668.5 1e-07
4669.5 1e-07
4670.5 0
4671.5 0
4672.5 1e-07
4673.5 3e-07
4674.5 1e-07
4675.5 0
4676.5 2e-07
4677.5 3e-07
4678.5 1e-07
4679.5 0
4680.5 3e-07
4681.5 1e-07
4682.5 0
4683.5 1e-07
4684.5 1e-07
4685.5 2e-07
4686.5 2e-07
4687.5 2e-07
4688.5 1e-07
4689.5 0
4690.5 1e-07
4691.5 0
4692.5 0
4693.5 0
4694.5 0
4695.5 0
4696.5 0
4697.5 0
4698.5 0
4699.5 1e-07
4700.5 1e-07
4701.5 0
4702.5 0
4703.5 2e-07
4704.5 2e-07
4705.5 0
4706.5 0
4707.5 2e-07
4708.5 1e-07
4709.5 2e-07
4710.5 0
4711.5 1e-07
4712.5 0
4713.5 1e-07
4714.5 3e-07
4715.5 1e-07
4716.5 0
4717.5 0
4718.5 2e-07
4719.5 0
4720.5 0
4721.5 2e-07
4722.5 2e-07
4723.5 1e-07
4724.5 2e-07
4725.5 2e-07
4726.5 1e-07
4727.5 2e-07
4728.5 1e-07
4729.5 1e-07
4730.5 2e-07
4731.5 0
4732.5 2e-07
4733.5 0
4734.5 1e-07
4735.5 2e-07
4736.5 1e-07
4737.5 0
4738.5 1e-07
4739.5 1e-07
4740.5 1e-07
4741.5 0
4742.5 2e-07
4743.5 1e-07
4744.5 2e-07
4745.5 3e-07
4746.5 0
4747.5 0
4748.5 0
4749.5 0
4750.5 2e-07
4751.5 1e-07
4752.5 2e-07
4753.5 1e-07
4754.5 1e-07
4755.5 1e-07
4756.5 0
4757.5 1e-07
4758.5 1e-07
4759.5 0
4760.5 1e-07
4761.5 1e-07
4762.5 1e-07
4763.5 1e-07
4764.5 1e-07
4765.5 3e-07
4766.5 0
4767.5 0
4768.5 0
4769.5 1e-07
4770.5 0
4771.5 0
4772.5 1e-07
4773.5 1e-07
4774.5 1e-07
4775.5 2e-07
4776.5 3e-07
4777.5 2e-07
4778.5 0
4779.5 1e-07
4780.5 0
4781.5 2e-07
4782.5 2e-07
4783.5 1e-07
4784.5 2e-07
4785.5 0
4786.5 0
4787.5 3e-07
4788.5 0
4789.5 1e-07
4790.5 0
4791.5 0
4792.5 2e-07
4793.5 1e-07
4794.5 0
4795.5 3e-07
4796.5 1e-07
4797.5 2e-07
4798.5 1e-07
4799.5 0
4800.5 3e-07
4801.5 0
4802.5 0
4803.5 3e-07
4804.5 0
4805.5 1e-07
4806.5 1e-07
4807.5 1e-07
4808.5 0
4809.5 0
4810.5 1e-07
4811.5 2e-07
4812.5 1e-07
4813.5 3e-07
4814.5 0
4815.5 3e-07
4816.5 0
4817.5 2e-07
4818.5 0
4819.5 2e-07
4820.5 1e-07
4821.5 1e-07
4822.5 1e-07
4823.5 2e-07
4824.5 1e-07
4825.5 0
4826.5 0
4827.5 4e-07
4828.5 0
4829.5 1e-07
4830.5 0
4831.5 2e-07
4832.5 2e-07
4833.5 1e-07
4834.5 0
4835.5 1e-07
4836.5 0
4837.5 2e-07
4838.5 1e-07
4839.5 1e-07
4840.5 2e-07
4841.5 2e-07
4842.5 2e-07
4843.5 1e-07
4844.5 1e-07
4845.5 1e-07
4846.5 4e-07
4847.5 0
4848.5 1e-07
4849.5 1e-07
4850.5 1e-07
4851.5 1e-07
4852.5 0
4853.5 1e-07
4854.5 0
4855.5 2e-07
4856.5 3e-07
4857.5 0
4858.5 0
4859.5 0
4860.5 0
4861.5 1e-07
4862.5 2e-07
4863.5 1e-07
4864.5 1e-07
4865.5 2e-07
4866.5 1e-07
4867.5 2e-07
4868.5 0
4869.5 1e-07
4870.5 0
4871.5 1e-07
4872.5 2e-07
4873.5 2e-07
4874.5 0
4875.5 1e-07
4876.5 1e-07
4877.5 0
4878.5 0
4879.5 1e-07
4880.5 1e-07
4881.5 1e-07
4882.5 1e-07
4883.5 1e-07
4884.5 1e-07
4885.5 4e-07
4886.5 4e-07
4887.5 3e-07
4888.5 1e-07
4889.5 2e-07
4890.5 2e-07
4891.5 0
4892.5 1e-07
4893.5 2e-07
4894.5 3e-07
4895.5 0
4896.5 2e-07
4897.5 3e-07
4898.5 0
4899.5 1e-07
4900.5 0
4901.5 1e-07
4902.5 0
4903.5 0
4904.5 1e-07
4905.5 1e-07
4906.5 1e-07
4907.5 1e-07
4908.5 1e-07
4909.5 3e-07
4910.5 1e-07
4911.5 2e-07
4912.5 1e-07
4913.5 0
4914.5 1e-07
4915.5 1e-07
4916.5 0
4917.5 4e-07
4918.5 0
4919.5 0
4920.5 0
4921.5 1e-07
4922.5 1e-07
4923.5 2e-07
4924.5 3e-07
4925.5 0
4926.5 2e-07
4927.5 1e-07
4928.5 0
4929.5 0
4930.5 0
4931.5 0
4932.5 0
4933.5 0
4934.5 2e-07
4935.5 0
4936.5 0
4937.5 0
4938.5 2e-07
4939.5 1e-07
4940.5 0
4941.5 0
4942.5 0
4943.5 0
4944.5 2e-07
4945.5 0
4946.5 0
4947.5 1e-07
4948.5 0
4949.5 0
4950.5 0
4951.5 3e-07
4952.5 2e-07
4953.5 2e-07
4954.5 1e-07
4955.5 0
4956.5 0
4957.5 0
4958.5 1e-07
4959.5 1e-07
4960.5 1e-07
4961.5 0
4962.5 0
4963.5 0
4964.5 1e-07
4965.5 2e-07
4966.5 3e-07
4967.5 0
4968.5 2e-07
4969.5 2e-07
4970.5 1e-07
4971.5 1e-07
4972.5 0
4973.5 0
4974.5 2e-07
4975.5 0
4976.5 1e-07
4977.5 1e-07
4978.5 2e-07
4979.5 1e-07
4980.5 2e-07
4981.5 1e-07
4982.5 1e-07
4983.5 0
4984.5 0
4985.5 1e-07
4986.5 0
4987.5 4e-07
4988.5 0
4989.5 1e-07
4990.5 1e-07
4991.5 1e-07
4992.5 0
4993.5 1e-07
4994.5 1e-07
4995.5 1e-07
4996.5 1e-07
4997.5 4e-07
4998.5 1e-07
4999.5 1e-07
