#         100	         1e3	      
0.001	 64303.68	125022.6      
0.005	 64303.68	125022.6      
0.006	 64303.68	125022.6      
0.007	 64303.68	125022.6      
0.008	 64303.68	125022.6      
0.009	 64303.68	125022.6      
0.01	 64303.68	125022.6      
0.015	 64303.68	125022.6      
0.02	 64303.68	125022.6      
0.03	 64303.68	125022.6      
0.038	 64303.68	125022.6      
0.04	 64303.68	125022.6      
0.048	 64303.68	125022.6      
0.05	 64303.68	125022.6      
0.06	 64303.68	125022.6      
0.07	 64303.68	125022.6      
0.08	 64303.68	125022.6      
0.09	 64303.68	125022.6      
0.1	 64303.68	125022.6      
0.115	 64303.68	125022.6      
0.12	 64303.68	125022.6      
0.13	 64303.68	125022.6      
0.14	64303.68	125022.6      
0.15	64303.68	125022.6      
0.2	64303.68	125022.6      
0.25	64303.68	125022.6      
0.3	64303.68	72814.25      
0.35	64303.68	46101.94      
0.4	45728.02	31029.37      
0.45	33852.44	21882.94      
0.5	25868.49	16011.6	      
0.55	20281.29	12069.95      
0.6	16241.32	9325.293      
0.65	13239.56	7355.172      
0.7	10957.36	5904.257      
0.75	9187.771	4811.985      
0.8	7792.07		3973.92	      
0.85	6674.75		3320.12	      
0.9	5768.467	2802.54	      
0.95	5024.735	2387.428      
1	4408		2050.581      
2	751.1246	262.5611      
3	266.7786	78.89792      
4	127.9918	33.61891      
5	72.40543	17.34665      
6	45.45916	10.10226      
7	30.66947	6.395891      
8	21.80985	4.304642      
9	16.14583	3.035666      
10	12.3379		2.221104      
11	9.673108	1.674275      
12	7.746256	1.293517      
13	6.314576	1.020215      
14	5.226087	0.8189443     
15	4.382083	0.6674276     
16	3.716407	0.5511761     
17	3.183504	0.4604866     
18	2.751255	0.3886936     
19	2.396534	0.3311149     
20	2.102383	0.2843952     
21	1.856161	0.2460875     
22	1.6483		0.214378      
23	1.471466	0.1879033     
24	1.319964	0.1656248     
25	1.189325	0.1467419     
26	1.076005	0.1306306     
27	0.9771694	0.1167999     
28	0.890527	0.1048594     
29	0.8142157	0.09449668    
30	0.7467083	0.08545895    
31	0.6867444	0.0775408     
32	0.6332769	0.07057384    
33	0.5854307	0.06441922    
34	0.5424702	0.05896174    
35	0.5037741	0.05410528    
36	0.4688147	0.04976921    
37	0.437142	0.04588554    
38	0.4083702	0.0423967     
39	0.3821674	0.03925368    
40	0.3582468	0.03641461    
41	0.33636		0.03384356    
42	0.3162904	0.0315096     
43	0.2978493	0.02938596    
44	0.280871	0.02744945    
45	0.26521		0.02567986    
46	0.2507383	0.02405957    
47	0.2373426	0.02257313    
48	0.2249223	0.02120698    
49	0.2133884	0.01994918    
50	0.2026614	0.01878917    
51	0.1926703	0.01771762    
52	0.1833517	0.01672625    
53	0.1746486	0.01580767    
54	0.1665099	0.01495532    
55	0.1588896	0.01416333    
56	0.1517461	0.01342644    
57	0.1450417	0.01273993    
58	0.1387426	0.01209956    
59	0.1328178	0.01150152    
60	0.1272393	0.01094235    
61	0.1219816	0.01041895    
62	0.1170214	0.009928499   
63	0.1123376	0.009468433   
64	0.1079106	0.009036434   
65	0.1037226	0.008630392   
66	0.09975758	0.008248383   
67	0.0960003	0.007888652   
68	0.0924371	0.007549595   
69	0.08905531	0.007229747   
70	0.08584327	0.006927763   
71	0.08279021	0.006642412   
72	0.07988619	0.006372562   
73	0.077122	0.006117174   
74	0.07448914	0.005875289   
75	0.07197972	0.005646026   
76	0.06958641	0.00542857    
77	0.06730243	0.005222169   
78	0.06512145	0.00502613    
79	0.06303759	0.004839809   
80	0.06104538	0.004662609   
81	0.05913972	0.00449398    
82	0.05731586	0.004333407   
83	0.05556933	0.004180415   
84	0.053896	0.00403456    
85	0.05229197	0.003895432   
86	0.05075362	0.003762645   
87	0.04927753	0.003635842   
88	0.04786051	0.003514689   
89	0.04649956	0.003398875   
90	0.04519188	0.003288108   
91	0.04393482	0.003182115   
92	0.0427259	0.003080642   
93	0.04156278	0.00298345    
94	0.04044326	0.002890315   
95	0.03936526	0.002801027   
96	0.03832685	0.00271539    
97	0.03732616	0.002633218   
98	0.03636146	0.002554338   
99	0.03543112	0.002478586   
100	0.03453357	0.002405808   
101	0.03366736	0.00233586    
102	0.03283109	0.002268604   
103	0.03202345	0.002203914   
104	0.03124319	0.002141666   
105	0.03048914	0.002081748   
106	0.02976019	0.00202405    
107	0.02905526	0.001968471   
108	0.02837335	0.001914914   
109	0.02771352	0.001863287   
110	0.02707485	0.001813505   
111	0.02645647	0.001765486   
112	0.02585758	0.001719152   
113	0.02527739	0.00167443    
114	0.02471516	0.00163125    
115	0.02417018	0.001589546   
116	0.02364178	0.001549256   
117	0.02312933	0.001510319   
118	0.0226322	0.001472681   
119	0.02214981	0.001436286   
120	0.02168162	0.001401084   
121	0.02122709	0.001367026   
122	0.02078571	0.001334066   
123	0.020357	0.001302161   
124	0.01994049	0.001271267   
125	0.01953576	0.001241346   
126	0.01914236	0.001212359   
127	0.0187599	0.00118427    
128	0.018388	0.001157045   
129	0.01802627	0.00113065    
130	0.01767438	0.001105055   
131	0.01733197	0.001080228   
132	0.01699872	0.001056141   
133	0.01667432	0.001032768   
134	0.01635848	0.00101008    
135	0.0160509	0.0009880553  
136	0.01575131	0.0009666673  
137	0.01545944	0.0009458939  
138	0.01517505	0.0009257132  
139	0.01489789	0.0009061041  
140	0.01462772	0.0008870465  
141	0.01436432	0.0008685211  
142	0.01410747	0.0008505095  
143	0.01385698	0.0008329939  
144	0.01361263	0.0008159573  
145	0.01337423	0.0007993835  
146	0.01314161	0.0007832568  
147	0.01291458	0.0007675622  
148	0.01269297	0.0007522853  
149	0.01247662	0.0007374123  
150	0.01226536	0.0007229299  
151	0.01205905	0.0007088253  
152	0.01185754	0.0006950864  
153	0.01166069	0.0006817012  
154	0.01146835	0.0006686584  
155	0.0112804	0.0006559472  
156	0.01109671	0.0006435571  
157	0.01091716	0.000631478   
158	0.01074162	0.0006197001  
159	0.01056999	0.0006082141  
160	0.01040215	0.0005970111  
161	0.01023799	0.0005860823  
162	0.01007742	0.0005754193  
163	0.009920341	0.0005650142  
164	0.009766641	0.0005548592  
165	0.009616235	0.0005449468  
166	0.009469033	0.0005352698  
167	0.009324948	0.0005258212  
168	0.009183896	0.0005165943  
169	0.009045796	0.0005075826  
170	0.00891057	0.0004987799  
171	0.00877814	0.0004901802  
172	0.008648433	0.0004817776  
173	0.008521379	0.0004735665  
174	0.008396907	0.0004655415  
175	0.008274951	0.0004576973  
176	0.008155446	0.0004500288  
177	0.00803833	0.0004425312  
178	0.007923541	0.0004351997  
179	0.00781102	0.0004280297  
180	0.007700711	0.0004210168  
