#     ang            1keV             500eV      100eV
     0.05     1.33192e+07       1.54588e+07	    1.56014e+07
     0.15     1.34533e+07       1.56191e+07	    1.57548e+07
     0.25      1.3458e+07       1.56128e+07	    1.57628e+07
     0.35      6.3985e+06       7.42881e+06	    1.57539e+07
     0.45     2.84667e+06       3.30806e+06	    9.75464e+06
     0.55      1.5119e+06       1.75772e+06	    5.65981e+06
     0.65          896511       1.04349e+06	    3.61123e+06
     0.75          576937            670842	    2.46837e+06
     0.85          392917            456229	    1.77588e+06
     0.95          279582            324735	    1.32331e+06
     1.05          220481            256842	    1.07972e+06
     1.15          221548            256928	    1.07872e+06
     1.25          221274            256742	    1.08104e+06
     1.35          220624            256230	    1.08093e+06
     1.45          221061            256221	    1.07941e+06
     1.55          220627            256500	    1.08095e+06
     1.65          220038            256576	    1.07857e+06
     1.75          220846            256744	    1.08027e+06
     1.85          219741            256395	    1.08021e+06
     1.95          221006            257072	    1.08061e+06
     2.05           28148             32729	         183929
     2.15           28337             33090	         183956
     2.25           28297             33086	         184370
     2.35           28243             32881	         184404
     2.45           28022             32717	         183400
     2.55           28212             32956	         184122
     2.65           28200             32692	         183830
     2.75           28483             32522	         184030
     2.85           28089             32842	         183722
     2.95           27919             32741	         184228
     3.05            8495              9869	          65125
     3.15            8558              9937	          65411
     3.25            8634              9827	          65433
     3.35            8378              9824	          65200
     3.45            8555              9909	          65655
     3.55            8474              9828	          65195
     3.65            8479              9813	          65480
     3.75            8330              9850	          65549
     3.85            8568              9879	          65773
     3.95            8474              9828	          65102
     4.05            3640              4160	          31421
     4.15            3696              4377	          31350
     4.25            3650              4054	          31466
     4.35            3674              4282	          31434
     4.45            3611              4242	          31688
     4.55            3600              4266	          31101
     4.65            3639              4227	          31846
     4.75            3666              4215	          31404
     4.85            3642              4169	          31350
     4.95            3577              4186	          31233
     5.05            1833              2141	          18061
     5.15            1829              2206	          17667
     5.25            1906              2243	          17832
     5.35            1926              2175	          17742
     5.45            1845              2176	          17638
     5.55            1851              2202	          17685
     5.65            1858              2241	          17961
     5.75            1822              2173	          17694
     5.85            1873              2213	          17852
     5.95            1875              2174	          17623
     6.05            1061              1172	          11139
     6.15            1121              1297	          11125
     6.25            1101              1340	          11253
     6.35            1133              1233	          11097
     6.45            1112              1345	          11078
     6.55            1083              1207	          11135
     6.65            1105              1241	          11252
     6.75            1106              1291	          11036
     6.85            1086              1301	          11151
     6.95            1078              1250	          11153
     7.05             706               797	           7569
     7.15             663               832	           7439
     7.25             681               788	           7524
     7.35             709               822	           7648
     7.45             697               818	           7420
     7.55             655               801	           7466
     7.65             672               815	           7449
     7.75             694               821	           7571
     7.85             638               805	           7416
     7.95             671               732	           7574
     8.05             473               540	           5292
     8.15             471               578	           5280
     8.25             497               549	           5370
     8.35             469               552	           5261
     8.45             450               544	           5413
     8.55             439               526	           5410
     8.65             468               550	           5344
     8.75             428               549	           5347
     8.85             443               551	           5419
     8.95             446               537	           5357
     9.05             340               414	           3977
     9.15             333               400	           3997
     9.25             305               389	           3958
     9.35             327               377	           3981
     9.45             303               355	           3876
     9.55             329               364	           3866
     9.65             303               351	           4004
     9.75             313               346	           4045
     9.85             324               392	           3989
     9.95             330               390	           3944
    10.05             255               274	           3054
    10.15             255               311	           2994
    10.25             248               288	           2988
    10.35             264               311	           2929
    10.45             246               282	           2968
    10.55             262               311	           3131
    10.65             226               291	           3106
    10.75             257               296	           3053
    10.85             249               288	           2954
    10.95             222               261	           2983
    11.05             210               263	           2392
    11.15             143               207	           2368
    11.25             168               218	           2368
    11.35             212               243	           2323
    11.45             157               214	           2371
    11.55             172               221	           2363
    11.65             200               201	           2355
    11.75             164               203	           2300
    11.85             157               211	           2388
    11.95             205               210	           2322
    12.05             149               148	           1912
    12.15             136               161	           1917
    12.25             147               184	           1924
    12.35             139               169	           1814
    12.45             148               155	           2012
    12.55             147               166	           1862
    12.65             157               176	           1865
    12.75             112               155	           1897
    12.85             147               157	           1945
    12.95             138               133	           1896
    13.05             109               128	           1616
    13.15             129               128	           1518
    13.25             108               137	           1494
    13.35             123               146	           1582
    13.45              95               117	           1516
    13.55             109               145	           1611
    13.65             112               146	           1637
    13.75             107               107	           1547
    13.85             106               133	           1531
    13.95              96               133	           1473
    14.05             106               115	           1225
    14.15              80               104	           1182
    14.25              64                94	           1251
    14.35              78               107	           1287
    14.45              98                91	           1284
    14.55              82                91	           1258
    14.65              86               110	           1315
    14.75              77                99	           1317
    14.85              84                97	           1255
    14.95              99               106	           1258
    15.05              64                69	           1098
    15.15              50                86	           1073
    15.25              60                92	           1071
    15.35              95                92	           1122
    15.45              59                96	           1023
    15.55              66                84	           1077
    15.65              72                75	           1089
    15.75              77                69	           1075
    15.85              69                80	           1029
    15.95              73                90	           1059
    16.05              57                61	            873
    16.15              56                92	            852
    16.25              54                73	            933
    16.35              68                83	            966
    16.45              55                53	            962
    16.55              57                70	            902
    16.65              59                72	            928
    16.75              48                63	            838
    16.85              62                79	            962
    16.95              75                88	            876
    17.05              54                51	            760
    17.15              51                56	            744
    17.25              50                60	            797
    17.35              52                66	            803
    17.45              39                59	            792
    17.55              45                59	            784
    17.65              53                50	            764
    17.75              48                65	            799
    17.85              63                68	            768
    17.95              45                54	            763
    18.05              38                46	            680
    18.15              34                52	            626
    18.25              33                33	            714
    18.35              40                48	            673
    18.45              42                44	            676
    18.55              38                33	            716
    18.65              54                51	            675
    18.75              51                54	            671
    18.85              42                52	            714
    18.95              35                32	            700
    19.05              38                37	            630
    19.15              42                42	            546
    19.25              38                39	            607
    19.35              31                44	            562
    19.45              36                41	            554
    19.55              36                32	            546
    19.65              37                26	            641
    19.75              42                45	            557
    19.85              34                51	            626
    19.95              30                40	            589
    20.05              32                32	            538
    20.15              36                24	            556
    20.25              35                41	            556
    20.35              23                33	            522
    20.45              24                25	            493
    20.55              32                38	            526
    20.65              26                29	            550
    20.75              31                43	            470
    20.85              34                49	            548
    20.95              36                33	            520
    21.05              24                32	            468
    21.15              24                30	            433
    21.25              35                32	            439
    21.35              30                33	            471
    21.45              10                31	            449
    21.55              28                43	            424
    21.65              18                31	            471
    21.75              29                33	            445
    21.85              25                35	            416
    21.95              27                34	            446
    22.05              27                29	            420
    22.15              19                18	            383
    22.25              27                38	            427
    22.35              22                24	            399
    22.45              22                20	            408
    22.55              30                21	            410
    22.65              24                19	            388
    22.75              14                18	            371
    22.85              18                23	            447
    22.95              20                29	            408
    23.05              29                28	            348
    23.15              23                25	            369
    23.25              20                25	            380
    23.35              13                20	            389
    23.45              26                28	            375
    23.55              24                35	            348
    23.65              20                21	            342
    23.75              19                26	            345
    23.85              18                20	            335
    23.95              25                27	            370
    24.05              20                15	            358
    24.15              18                19	            321
    24.25              13                23	            316
    24.35              15                27	            310
    24.45              17                16	            314
    24.55              18                10	            295
    24.65              18                23	            338
    24.75              13                 9	            355
    24.85              21                26	            349
    24.95              17                20	            292
    25.05              19                19	            303
    25.15              14                16	            302
    25.25              15                19	            297
    25.35              22                26	            300
    25.45              18                18	            275
    25.55              11                23	            319
    25.65              13                23	            301
    25.75              16                16	            295
    25.85              17                15	            260
    25.95              12                11	            299
    26.05              13                19	            263
    26.15              15                18	            244
    26.25              15                13	            262
    26.35              22                22	            291
    26.45              16                11	            273
    26.55              23                23	            256
    26.65              10                19	            282
    26.75              17                20	            253
    26.85              10                18	            256
    26.95              16                19	            265
    27.05               7                12	            244
    27.15               8                10	            256
    27.25              15                16	            219
    27.35              14                14	            224
    27.45              10                11	            254
    27.55              11                13	            226
    27.65              16                24	            255
    27.75               6                15	            220
    27.85               7                15	            262
    27.95               9                 9	            223
    28.05              16                14	            243
    28.15               9                16	            221
    28.25              21                16	            231
    28.35               6                 6	            213
    28.45               6                 9	            233
    28.55              18                21	            229
    28.65               5                14	            236
    28.75               8                17	            233
    28.85              15                17	            210
    28.95               4                14	            207
    29.05               7                11	            215
    29.15              11                 9	            201
    29.25               8                 4	            209
    29.35              19                19	            195
    29.45              12                12	            184
    29.55               8                12	            188
    29.65              10                11	            181
    29.75              10                13	            172
    29.85               7                 6	            194
    29.95              14                 7	            202
    30.05              13                12	            182
    30.15               8                11	            205
    30.25              16                16	            185
    30.35              13                15	            179
    30.45               9                 9	            207
    30.55               9                10	            173
    30.65              15                10	            190
    30.75               8                 9	            159
    30.85               9                10	            164
    30.95              10                 9	            213
    31.05               4                11	            157
    31.15              10                15	            170
    31.25               9                 9	            164
    31.35               8                14	            173
    31.45               4                 7	            184
    31.55               6                13	            174
    31.65               5                 5	            173
    31.75               7                17	            167
    31.85               6                 8	            171
    31.95              14                10	            186
    32.05               8                 9	            133
    32.15               8                13	            146
    32.25               7                12	            157
    32.35              10                11	            154
    32.45               9                11	            168
    32.55               4                 2	            158
    32.65               7                 8	            164
    32.75               7                 8	            167
    32.85               4                 4	            180
    32.95               7                 8	            147
    33.05              13                15	            162
    33.15              11                11	            141
    33.25               7                 8	            133
    33.35               7                 7	            138
    33.45               6                 7	            123
    33.55               7                 7	            155
    33.65               5                 8	            133
    33.75               9                 8	            144
    33.85               7                 7	            128
    33.95               7                 6	            157
    34.05              10                13	            141
    34.15               5                 7	            127
    34.25               4                 7	            145
    34.35               9                 8	            138
    34.45               7                10	            125
    34.55               9                 4	            151
    34.65               6                10	            137
    34.75               5                11	            128
    34.85               4                 4	            127
    34.95               9                 5	            149
    35.05               5                 9	            134
    35.15               9                12	            121
    35.25               7                 3	            125
    35.35               5                 3	            123
    35.45               5                 8	            110
    35.55              11                 5	            124
    35.65               8                 6	            114
    35.75               1                 2	            131
    35.85               7                 5	            132
    35.95              10                12	            115
    36.05               7                 8	            126
    36.15               8                 6	            136
    36.25              12                 8	            120
    36.35               4                 5	            113
    36.45               5                 5	            118
    36.55               4                 7	            113
    36.65               4                 4	            134
    36.75               7                 6	            101
    36.85               6                 3	            120
    36.95              10                 9	            113
    37.05               2                 3	            104
    37.15               9                11	            108
    37.25               2                 2	            114
    37.35               7                 2	            117
    37.45               4                 3	            110
    37.55               4                10	            102
    37.65               3                 5	            107
    37.75              13                 8	            123
    37.85               3                 2	            117
    37.95              10                12	            132
    38.05               4                 4	            105
    38.15              10                 7	             99
    38.25               6                 6	            104
    38.35               4                 2	             89
    38.45               3                 4	            112
    38.55               3                 4	             86
    38.65               2                 6	            102
    38.75              11                10	             77
    38.85               3                 6	             91
    38.95               4                 9	            103
    39.05               1                 6	            100
    39.15               6                 6	             87
    39.25               5                 4	             94
    39.35              10                10	            103
    39.45               2                 2	             87
    39.55               5                 4	            100
    39.65               3                 2	             94
    39.75               5                 6	             93
    39.85               2                 3	             89
    39.95               2                 3	            113
    40.05               3                 3	             73
    40.15               4                 6	             74
    40.25               2                 5	            120
    40.35               4                 1	             92
    40.45               0                 3	             81
    40.55               2                 3	             80
    40.65               6                 8	             94
    40.75               7                 4	             70
    40.85               5                 3	             92
    40.95               5                 6	             92
    41.05               6                 5	             88
    41.15               6                 5	             86
    41.25               2                 3	             90
    41.35               4                 3	             69
    41.45               5                 8	             74
    41.55               2                 4	             98
    41.65               5                 4	             76
    41.75               1                 5	             87
    41.85               3                 5	             84
    41.95               2                 4	             81
    42.05               3                 7	             72
    42.15               1                 2	             88
    42.25               2                 2	             99
    42.35               4                 5	             75
    42.45               5                 4	             95
    42.55               5                 5	             75
    42.65               2                 4	             67
    42.75               5                 4	             75
    42.85               2                 0	             81
    42.95               3                 2	             98
    43.05               4                 6	             81
    43.15               1                 6	             65
    43.25               1                 6	             70
    43.35               3                 3	             63
    43.45               2                 4	             79
    43.55               3                 7	             73
    43.65               0                 3	             68
    43.75               2                 2	             84
    43.85               5                10	             78
    43.95               3                 5	             69
    44.05               2                 3	             72
    44.15               0                 0	             58
    44.25               5                 6	             64
    44.35               3                 5	             80
    44.45               6                 7	             57
    44.55               3                 2	             55
    44.65               3                 4	             81
    44.75               2                 3	             62
    44.85               4                 3	             62
    44.95               4                 7	             63
    45.05               0                 0	             75
    45.15               5                 5	             72
    45.25               2                 3	             67
    45.35               2                 1	             75
    45.45               4                 6	             77
    45.55               3                 5	             46
    45.65               0                 0	             74
    45.75               3                 4	             72
    45.85               7                 5	             58
    45.95               6                 5	             71
    46.05               5                 5	             67
    46.15               0                 0	             61
    46.25               3                 3	             60
    46.35               6                 4	             57
    46.45               4                 8	             61
    46.55               9                 2	             60
    46.65               0                 0	             57
    46.75               1                 5	             69
    46.85               1                 1	             54
    46.95               1                 3	             63
    47.05               0                 0	             57
    47.15               2                 3	             84
    47.25               5                 5	             52
    47.35               3                 5	             58
    47.45               0                 0	             70
    47.55               6                 1	             68
    47.65               7                 1	             70
    47.75               6                 0	             46
    47.85               0                 0	             69
    47.95               1                 6	             59
    48.05               6                 5	             63
    48.15               0                 0	             62
    48.25               5                 3	             59
    48.35               3                 6	             58
    48.45               0                 0	             54
    48.55               6                 7	             51
    48.65               1                 4	             52
    48.75               0                 0	             60
    48.85               2                 3	             65
    48.95               3                 6	             50
    49.05               0                 0	             56
    49.15               1                 5	             54
    49.25               6                 5	             41
    49.35               0                 0	             48
    49.45               3                 7	             36
    49.55               1                 2	             46
    49.65               0                 0	             49
    49.75               4                 3	             53
    49.85               5                 2	             53
    49.95               0                 0	             45
    50.05               3                 4	             63
    50.15               4                 7	             44
    50.25               0                 0	             42
    50.35               3                 6	             44
    50.45               0                 0	             61
    50.55               2                 2	             53
    50.65               3                 2	             46
    50.75               0                 0	             58
    50.85               3                 2	             36
    50.95               0                 0	             52
    51.05               4                 2	             53
    51.15               0                 4	             49
    51.25               0                 0	             46
    51.35               6                 7	             38
    51.45               0                 0	             54
    51.55               3                 4	             34
    51.65               0                 0	             33
    51.75               3                 4	             60
    51.85               4                 4	             49
    51.95               0                 0	             29
    52.05               4                 3	             46
    52.15               0                 0	             45
    52.25               2                 3	             43
    52.35               0                 0	             39
    52.45               4                 3	             45
    52.55               0                 0	             49
    52.65               4                 1	             50
    52.75               0                 0	             55
    52.85               3                 5	             48
    52.95               3                 6	             45
    53.05               0                 0	             33
    53.15               3                 5	             47
    53.25               0                 0	             40
    53.35               5                 3	             36
    53.45               0                 0	             48
    53.55               5                 3	             47
    53.65               0                 0	             52
    53.75               1                 2	             59
    53.85               0                 0	             39
    53.95               2                 1	             37
    54.05               0                 0	             41
    54.15               7                 6	             42
    54.25               0                 0	             37
    54.35               4                 4	             32
    54.45               0                 0	             48
    54.55               2                 1	             45
    54.65               0                 0	             39
    54.75               1                 2	             41
    54.85               0                 0	             30
    54.95               0                 0	             31
    55.05               2                 3	             33
    55.15               0                 0	             40
    55.25               7                 7	             63
    55.35               0                 0	             34
    55.45               3                 4	             38
    55.55               0                 0	             47
    55.65               3                 4	             29
    55.75               0                 0	             46
    55.85               6                 4	             39
    55.95               0                 0	             33
    56.05               0                 0	             47
    56.15               3                 5	             34
    56.25               0                 0	             33
    56.35               5                 2	             34
    56.45               0                 0	             37
    56.55               5                 5	             37
    56.65               0                 0	             37
    56.75               2                 4	             47
    56.85               0                 0	             33
    56.95               0                 0	             33
    57.05               2                 3	             33
    57.15               0                 0	             32
    57.25               3                 1	             31
    57.35               0                 0	             38
    57.45               0                 0	             33
    57.55               3                 2	             26
    57.65               0                 0	             35
    57.75               5                 3	             32
    57.85               0                 0	             35
    57.95               2                 3	             35
    58.05               0                 0	             31
    58.15               0                 0	             29
    58.25               1                 3	             25
    58.35               0                 0	             36
    58.45               0                 0	             19
    58.55               0                 2	             30
    58.65               0                 0	             43
    58.75               3                 3	             23
    58.85               0                 0	             32
    58.95               0                 0	             38
    59.05               4                 8	             41
    59.15               0                 0	             29
    59.25               2                 5	             35
    59.35               0                 0	             24
    59.45               0                 0	             34
    59.55               5                 5	             47
    59.65               0                 0	             23
    59.75               0                 0	             32
    59.85               4                 5	             37
    59.95               0                 0	             35
    60.05               4                 1	             25
    60.15               0                 0	             29
    60.25               0                 0	             39
    60.35               5                 3	             35
    60.45               0                 0	             25
    60.55               0                 0	             27
    60.65               6                 2	             29
    60.75               0                 0	             32
    60.85               0                 0	             25
    60.95               3                 4	             47
    61.05               0                 0	             23
    61.15               0                 0	             25
    61.25               2                 5	             30
    61.35               0                 0	             30
    61.45               0                 0	             28
    61.55               7                 5	             33
    61.65               0                 0	             33
    61.75               0                 1	             39
    61.85               7                 5	             30
    61.95               0                 0	             34
    62.05               0                 0	             28
    62.15               1                 4	             17
    62.25               0                 0	             38
    62.35               0                 0	             32
    62.45               3                 3	             27
    62.55               0                 0	             31
    62.65               0                 0	             42
    62.75               1                 1	             35
    62.85               0                 0	             22
    62.95               0                 0	             29
    63.05               1                 1	             29
    63.15               0                 0	             31
    63.25               0                 0	             33
    63.35               1                 3	             31
    63.45               0                 0	             34
    63.55               0                 0	             21
    63.65               0                 0	             33
    63.75               1                 2	             33
    63.85               0                 0	             33
    63.95               0                 0	             27
    64.05               2                 2	             25
    64.15               0                 0	             26
    64.25               0                 0	             20
    64.35               3                 3	             22
    64.45               0                 0	             20
    64.55               0                 1	             34
    64.65               0                 0	             19
    64.75               6                 2	             22
    64.85               0                 0	             38
    64.95               0                 0	             23
    65.05               5                 2	             16
    65.15               0                 0	             25
    65.25               0                 0	             20
    65.35               0                 0	             21
    65.45               3                 1	             26
    65.55               0                 0	             26
    65.65               0                 0	             34
    65.75               5                 2	             26
    65.85               0                 0	             21
    65.95               0                 0	             24
    66.05               0                 0	             27
    66.15               5                 9	             27
    66.25               0                 0	             31
    66.35               0                 0	             23
    66.45               0                 0	             27
    66.55               5                 5	             24
    66.65               0                 0	             24
    66.75               0                 0	             31
    66.85               0                 0	             20
    66.95               6                 3	             28
    67.05               0                 0	             27
    67.15               0                 0	             27
    67.25               3                 5	             24
    67.35               0                 0	             31
    67.45               0                 0	             33
    67.55               0                 0	             30
    67.65               0                 3	             23
    67.75               0                 0	             17
    67.85               0                 0	             26
    67.95               0                 0	             29
    68.05               1                 2	             22
    68.15               0                 0	             20
    68.25               0                 1	             17
    68.35               0                 0	             21
    68.45               3                 9	             26
    68.55               0                 0	             26
    68.65               0                 0	             21
    68.75               0                 0	             17
    68.85               0                 0	             17
    68.95               5                 5	             21
    69.05               0                 0	             26
    69.15               0                 0	             27
    69.25               0                 0	             20
    69.35               5                 2	             30
    69.45               0                 0	             25
    69.55               0                 0	             16
    69.65               0                 0	             39
    69.75               2                 3	             14
    69.85               0                 0	             20
    69.95               0                 0	             16
    70.05               0                 0	             15
    70.15               5			             20
