#220 8 KTC
#    	   1		 10		100	         1e3	        10e3	        100e3	        1e6	  10e6
0.001	96934500        3266829 	 64303.68	125022.6	462683.6	1139895	   	3556805	1629521
0.005	5997348		3266829	  	64303.68	125022.6	462683.6	1139895		3556805	1629521
0.006	1809165		3266829		64303.68	125022.6	462683.6	1139895		3556805	1629521
0.007	1809165		3266829		64303.68	125022.6	462683.6	1139895		3556805	882971.1
0.008	1809165		3266829		64303.68	125022.6	462683.6	1139895		3556805	519312.2
0.009	1809165		3266829		64303.68	125022.6	462683.6	1139895		3556805	325160.1
0.01	1809165		3266829		64303.68	125022.6	462683.6	1139895		3556805	213900.2
0.015	1809165		3266829		64303.68	125022.6	462683.6	1139895		3556805	100000
0.02	1809165		3266829		64303.68	125022.6	462683.6	1139895		1143014	13602.44
0.03	1809165		3266829		64303.68	125022.6	462683.6	1139895		230778.7 2714.277
0.038	1809165		3266829		64303.68	125022.6	462683.6	1139895		100000	1000
0.04	1809165		2927067		64303.68	125022.6	462683.6	1139895		74163.03 865.0132
0.048	1809165		2000000		64303.68	125022.6	462683.6	1330140		40000	400
0.05	111933.2 	1815299 	64303.68	125022.6	462683.6	700000		30745.43 356.2915
0.06	100000		1600000		64303.68	125022.6	462683.6	572111.4	23000	300
0.07	90000		1300000		64303.68	125022.6	462683.6	319414.6	17000	230
0.08	70000		1000000		64303.68	125022.6	462683.6	192791.2	12000	160
0.09	50000		700000		64303.68	125022.6	462683.6	123503.5	7000	90
0.1	33765.9		411569.4	64303.68	125022.6	462683.6	82922.14	1994.877 22.65746
0.115	290000		350000		64303.68	125022.6	462683.6	70000		1600	16.5
0.12	250000		300000		64303.68	125022.6	400435.8	55000		1300	13.5
0.13	220000		260000		64303.68	125022.6	305151.5	40000		1000	10.5
0.14	190000		210000		64303.68	125022.6	237273.1	20000		700	7.5
0.15	16750.06	172755.4	64303.68	125022.6	187725.5	17900.67	402.7727	4.521145
0.2	10185.85	93312.09	64303.68	125022.6	70689.75	6032.205	129.435		1.440844
0.25	6925.324	57870.01	64303.68	125022.6	33139.57	2594.533	53.65929	0.5934712
0.3	5052.842	39167.56	64303.68	72814.25	17845.41	1302.192	26.13339	0.2875108
0.35	3870.657	28157.46	64303.68	46101.94	10574.07	727.0248	14.22406	0.1557904
0.4	3072.675	21155.95	45728.02	31029.37	6719.851	438.8152	8.398224	0.09162685
0.45	2506.536	16440.5		33852.44	21882.94	4505.021	281.1085	5.276423	0.05737087
0.5	2089.1		13120.43	25868.49	16011.6		3150.287	188.7404	3.481613	0.03774031
0.55	1771.704	10698.59	20281.29	12069.95	2279.407	131.6313	2.390259	0.02583863
0.6	1524.245	8880.171	16241.32	9325.293	1696.406	94.72849	1.695631	0.01828352
0.65	1327.245	7481.62		13239.56	7355.172	1292.743	69.99147	1.236403	0.01330088
0.7	1167.626	6383.932	10957.36	5904.257	1005.183	52.88772	0.92291		0.009907099
0.75	1036.328	5507.278	9187.771	4811.985	795.2804	40.74402	0.70295		0.007530827
0.8	926.9062	4796.533	7792.07		3973.92		638.7969	31.92179	0.5449079	0.005826778
0.85	834.6666	4212.668	6674.75		3320.12		519.9673	25.38268	0.4289722	0.004579003
0.9	756.1241	3727.433	5768.467	2802.54		428.2525	20.44935	0.3423539	0.003648356
0.95	688.6432	3319.991	5024.735	2387.428	356.436		16.66854	0.2765787	0.002942794
1	630.2		2974.7		4408		2050.581	299.47		13.73		0.2259		0.0024
2	190.1067	674.4316	751.1246	262.5611	28.46796	0.9987944	0.01465722	0.0001526219
3	94.30522	283.0913	266.7786	78.89792	7.186652	0.215613	0.002959346	3.045469E-05
4	57.34778	152.9088	127.9918	33.61891	2.706198	0.07265771	0.0009510153	9.705608E-06
5	38.99054	94.83057	72.40543	17.34665	1.268674	0.03125107	0.000394258	3.997656E-06
6	28.4482		64.18319	45.45916	10.10226	0.6831716	0.01568486	0.0001920133	1.936689E-06
7	21.79234	46.14113	30.66947	6.395891	0.4048046	0.008756989	0.0001045103	1.049413E-06
8	17.29959	34.66789	21.80985	4.304642	0.2572544	0.005285514	6.170539E-05	6.172037E-07
9	14.11214	26.94076	16.14583	3.035666	0.1724646	0.003385942	3.876816E-05	3.864535E-07
10	11.76192	21.50023	12.3379		2.221104	0.1206016	0.002273372	2.558092E-05	2.542208E-07
11	9.974943	17.53159	9.673108	1.674275	0.08726199	0.001585494	1.756227E-05	1.740505E-07
12	8.581713	14.55178	7.746256	1.293517	0.06494309	0.001141001	1.245853E-05	1.231588E-07
13	7.472576	12.25999	6.314576	1.020215	0.04948979	0.0008430449	9.084389E-06	8.959554E-08
14	6.573898	10.46123	5.226087	0.8189443	0.0384812	0.0006370308	0.000006781	6.673479E-08
15	5.834674	9.024679	4.382083	0.6674276	0.03044552	0.0004907603	5.164878E-06	5.072808E-08
16	5.218611	7.859995	3.716407	0.5511761	0.0244549	0.0003844969	4.003674E-06	3.924951E-08
17	4.699289	6.903225	3.183504	0.4604866	0.01990578	0.0003057335	3.151844E-06	3.084443E-08
18	4.257084	6.10808		2.751255	0.3886936	0.01639468	0.0002463117	2.515422E-06	2.457553E-08
19	3.877157	5.440411	2.396534	0.3311149	0.01364535	0.000200772	2.032144E-06	1.982283E-08
20	3.548113	4.874588	2.102383	0.2843952	0.01146453	0.0001653773	1.659785E-06	1.616653E-08
21	3.261078	4.391083	1.856161	0.2460875	0.009714463	0.0001375179	1.369111E-06	1.331648E-08
22	3.009051	3.974808	1.6483		0.214378	0.008295227	0.0001153374	1.139505E-06	1.10683E-08
23	2.786448	3.613964	1.471466	0.1879033	0.007133247	9.749393E-05	9.561767E-07	9.275623E-09
24	2.588768	3.299217	1.319964	0.1656248	0.006173566	8.300262E-05	8.08356E-07	7.831979E-09
25	2.412348	3.023107	1.189325	0.1467419	0.00537461	7.113107E-05	6.880895E-07	6.658857E-09
26	2.254184	2.779618	1.076005	0.1306306	0.004704557	6.132764E-05	5.894288E-07	5.697602E-09
27	2.111788	2.563854	0.9771694	0.1167999	0.004138789	5.317214E-05	5.078726E-07	4.903885E-09
28	1.983088	2.371798	0.890527	0.1048594	0.003658068	4.634106E-05	0.00000044	4.24383E-09
29	1.866346	2.200133	0.8142157	0.09449668	0.003247223	0.000040583	3.830837E-07	3.691298E-09
30	1.760093	2.046098	0.7467083	0.08545895	0.002894187	3.570056E-05	3.351164E-07	3.225924E-09
31	1.663083	1.907382	0.6867444	0.0775408	0.002589288	3.153784E-05	2.944441E-07	2.831708E-09
32	1.574251	1.782038	0.6332769	0.07057384	0.002324711	2.797038E-05	2.597732E-07	2.495974E-09
33	1.492683	1.668417	0.5854307	0.06441922	0.002094105	2.489827E-05	2.300701E-07	2.208606E-09
34	1.417592	1.565117	0.5424702	0.05896174	0.001892266	2.224071E-05	2.045033E-07	0.000000002
35	1.348294	1.470935	0.5037741	0.05410528	0.001714913	1.993192E-05	1.823995E-07	1.747997E-09
36	1.284196	1.384839	0.4688147	0.04976921	0.001558498	1.791805E-05	1.632099E-07	1.562819E-09
37	1.224778	1.30594		0.437142	0.04588554	0.001420065	1.615473E-05	1.464846E-07	1.401552E-09
38	1.169587	1.233464	0.4083702	0.0423967	0.001297143	1.460524E-05	1.31853E-07	1.260582E-09
39	1.118221	1.166739	0.3821674	0.03925368	0.001187651	0.000013239	0.000000119	1.136918E-09
40	1.070327	1.105179	0.3582468	0.03641461	0.001089832	1.203044E-05	1.07693E-07	0.000000001
41	1.025593	1.048269	0.33636		0.03384356	0.001002194	1.095808E-05	9.769472E-08	9.31956E-10
42	0.9837401	0.9955577	0.3162904	0.0315096	0.0009234682	1.000379E-05	8.883304E-08	8.468282E-10
43	0.9445206	0.9466451	0.2978493	0.02938596	0.0008525658	9.152216E-06	0.000000081	7.712126E-10
44	0.9077133	0.9011788	0.280871	0.02744945	0.000788554	8.39027E-06	7.393532E-08	7.038609E-10
45	0.87312		0.8588457	0.26521		0.02567986	0.0007306288	7.706798E-06	6.766119E-08	6.437118E-10
46	0.8405626	0.8193673	0.2507383	0.02405957	0.0006780949	7.092235E-06	0.000000062	5.898598E-10
47	0.8098809	0.7824951	0.2373426	0.02257313	0.000630349	6.538355E-06	0.000000057	5.415296E-10
48	0.7809303	0.748007	0.2249223	0.02120698	0.0005868665	6.038059E-06	5.244913E-08	4.98055E-10
49	0.75358		0.7157038	0.2133884	0.01994918	0.0005471893	5.585205E-06	4.835067E-08	4.588617E-10
50	0.7277115	0.6854067	0.2026614	0.01878917	0.0005109167	5.174459E-06	4.464579E-08	4.234532E-10
51	0.7032173	0.6569547	0.1926703	0.01771762	0.000477697	4.801176E-06	4.128994E-08	3.91399E-10
52	0.6799995	0.6302023	0.1833517	0.01672625	0.0004472207	4.461304E-06	3.824432E-08	3.623247E-10
53	0.6579689	0.6050183	0.1746486	0.01580767	0.0004192149	4.151293E-06	3.54751E-08	3.359036E-10
54	0.6370442	0.5812836	0.1665099	0.01495532	0.0003934381	0.000003868	0.000000033	3.118502E-10
55	0.6171508	0.5588904	0.1588896	0.01416333	0.0003696766	3.60877E-06	3.065102E-08	2.899142E-10
56	0.5982205	0.5377403	0.1517461	0.01342644	0.0003477402	3.371099E-06	2.854738E-08	2.698757E-10
57	0.5801907	0.517744	0.1450417	0.01273993	0.0003274599	3.152881E-06	2.662159E-08	2.515409E-10
58	0.5630038	0.4988199	0.1387426	0.01209956	0.0003086848	2.952223E-06	2.485589E-08	2.347388E-10
59	0.5466071	0.4808936	0.1328178	0.01150152	0.00029128	2.767445E-06	2.323454E-08	2.193181E-10
60	0.5309515	0.4638967	0.1272393	0.01094235	0.0002751248	2.597052E-06	2.174359E-08	2.051445E-10
61	0.5159921	0.4477669	0.1219816	0.01041895	0.0002601108	2.439711E-06	2.037064E-08	1.92099E-10
62	0.5016873	0.4324466	0.1170214	0.009928499	0.0002461407	2.294233E-06	1.910462E-08	1.800753E-10
63	0.4879986	0.4178833	0.1123376	0.009468433	0.0002331267	2.159553E-06	1.79357E-08	1.689789E-10
64	0.4748902	0.4040283	0.1079106	0.009036434	0.0002209898	2.034717E-06	1.685505E-08	1.587251E-10
65	0.462329	0.390837	0.1037226	0.008630392	0.0002096585	1.918868E-06	1.585477E-08	1.492384E-10
66	0.4502844	0.378268	0.09975758	0.008248383	0.000199068	1.811235E-06	1.49278E-08	1.404507E-10
67	0.4387277	0.3662832	0.0960003	0.007888652	0.00018916	1.711124E-06	1.406776E-08	1.323012E-10
68	0.4276322	0.3548473	0.0924371	0.007549595	0.0001798811	1.617909E-06	1.326893E-08	1.247349E-10
69	0.4169733	0.3439277	0.08905531	0.007229747	0.000171183	0.000001531	1.252615E-08	1.177026E-10
70	0.4067278	0.3334941	0.08584327	0.006927763	0.0001630217	0.00000145	1.183475E-08	1.111594E-10
71	0.396874	0.3235184	0.08279021	0.006642412	0.0001553571	1.37424E-06	1.119053E-08	1.050653E-10
72	0.3873918	0.3139744	0.07988619	0.006372562	0.0001481526	1.303455E-06	1.058966E-08	9.938356E-11
73	0.3782623	0.3048378	0.077122	0.006117174	0.0001413748	1.237219E-06	0.00000001	9.40812E-11
74	0.3694679	0.2960861	0.07448914	0.005875289	0.0001349931	1.175182E-06	9.504469E-09	8.91282E-11
75	0.3609919	0.2876981	0.07197972	0.005646026	0.0001289793	0.000001117	0.000000009	8.449727E-11
76	0.3528187	0.2796541	0.06958641	0.00542857	0.0001233079	1.062464E-06	8.555113E-09	8.01636E-11
77	0.3449339	0.2719358	0.06730243	0.005222169	0.0001179552	1.011228E-06	8.125008E-09	7.610454E-11
78	0.3373236	0.2645261	0.06512145	0.00502613	0.0001128995	9.630766E-07	7.721664E-09	7.229948E-11
79	0.329975	0.2574089	0.06303759	0.004839809	0.0001081208	9.177882E-07	7.343104E-09	6.872955E-11
80	0.322876	0.250569	0.06104538	0.004662609	0.0001036007	8.751596E-07	0.000000007	6.537753E-11
81	0.316015	0.2439926	0.05913972	0.00449398	9.932228E-05	0.000000835	6.653257E-09	6.222763E-11
82	0.3093814	0.2376663	0.05731586	0.004333407	9.52698E-05	7.971505E-07	6.338795E-09	5.926539E-11
83	0.3029649	0.2315778	0.05556933	0.004180415	9.142883E-05	7.61441E-07	0.000000006	5.647754E-11
84	0.296756	0.2257154	0.053896	0.00403456	0.000087786	7.277304E-07	5.763816E-09	5.38519E-11
85	0.2907455	0.2200681	0.05229197	0.003895432	8.432882E-05	6.958851E-07	5.500841E-09	5.137726E-11
86	0.284925	0.2146258	0.05075362	0.003762645	8.10459E-05	6.657817E-07	5.252733E-09	4.904332E-11
87	0.2792862	0.2093786	0.04927753	0.003635842	7.792655E-05	6.373063E-07	0.000000005	4.684057E-11
88	0.2738216	0.2043175	0.04786051	0.003514689	7.496087E-05	6.103536E-07	4.797197E-09	4.476026E-11
89	0.2685239	0.1994339	0.04649956	0.003398875	7.213968E-05	5.848263E-07	4.587998E-09	4.27943E-11
90	0.2633862	0.1947197	0.04519188	0.003288108	6.945443E-05	5.606342E-07	4.390108E-09	4.093523E-11
91	0.2584019	0.1901671	0.04393482	0.003182115	6.689717E-05	5.376938E-07	4.202801E-09	3.917614E-11
92	0.2535649	0.185769	0.0427259	0.003080642	6.446049E-05	5.159276E-07	0.000000004	3.751065E-11
93	0.2488693	0.1815186	0.04156278	0.00298345	6.213749E-05	4.952637E-07	3.857291E-09	3.593283E-11
94	0.2443094	0.1774093	0.04044326	0.002890315	5.992171E-05	4.756353E-07	3.697887E-09	3.443721E-11
95	0.2398801	0.173435	0.03936526	0.002801027	5.780716E-05	0.000000457	3.546654E-09	3.301869E-11
96	0.2355762	0.16959		0.03832685	0.00271539	5.578821E-05	4.392411E-07	3.403094E-09	3.167255E-11
97	0.2313929	0.1658688	0.03732616	0.002633218	5.385961E-05	4.223637E-07	3.266742E-09	3.03944E-11
98	0.2273256	0.1622662	0.03636146	0.002554338	5.201646E-05	4.06298E-07	3.13717E-09	2.918015E-11
99	0.2233701	0.1587772	0.03543112	0.002478586	5.025413E-05	0.000000391	0.000000003	2.802601E-11
100	0.2195221	0.1553971	0.03453357	0.002405808	4.856834E-05	3.764181E-07	2.896784E-09	2.692844E-11
101	0.2157777	0.1521216	0.03366736	0.00233586	0.000046955	3.625195E-07	2.785249E-09	2.588414E-11
102	0.2121332	0.1489464	0.03283109	0.002268604	4.541044E-05	3.492635E-07	2.679044E-09	2.489003E-11
103	0.2085848	0.1458675	0.03202345	0.002203914	0.000043931	3.366146E-07	2.577867E-09	2.394325E-11
104	0.2051293	0.1428811	0.03124319	0.002141666	4.251333E-05	3.245394E-07	2.481433E-09	2.304112E-11
105	0.2017632	0.1399835	0.03048914	0.002081748	4.115434E-05	0.000000313	2.389479E-09	2.218113E-11
106	0.1984835	0.1371713	0.02976019	0.00202405	3.985106E-05	0.000000302	2.301756E-09	2.136094E-11
107	0.1952872	0.1344412	0.02905526	0.001968471	3.860071E-05	2.914543E-07	2.218032E-09	2.057835E-11
108	0.1921713	0.1317901	0.02837335	0.001914914	3.740069E-05	2.813813E-07	2.13809E-09	1.983132E-11
109	0.1891332	0.129215	0.02771352	0.001863287	3.624852E-05	2.717446E-07	2.061727E-09	1.911793E-11
110	0.1861703	0.126713	0.02707485	0.001813505	3.514189E-05	2.625214E-07	0.000000002	1.843636E-11
111	0.1832799	0.1242815	0.02645647	0.001765486	3.40786E-05	2.536905E-07	1.918985E-09	1.778493E-11
112	0.1804597	0.1219178	0.02585758	0.001719152	3.305659E-05	2.45232E-07	1.852259E-09	1.716206E-11
113	0.1777075	0.1196195	0.02527739	0.00167443	3.207391E-05	2.371269E-07	1.788416E-09	1.656625E-11
114	0.1750208	0.1173842	0.02471516	0.00163125	3.112872E-05	2.293576E-07	1.727307E-09	1.599611E-11
115	0.1723978	0.1152097	0.02417018	0.001589546	3.021928E-05	2.219075E-07	1.668793E-09	1.545031E-11
116	0.1698363	0.1130937	0.02364178	0.001549256	2.934394E-05	2.147607E-07	1.612742E-09	1.492762E-11
117	0.1673343	0.1110343	0.02312933	0.001510319	2.850114E-05	2.079025E-07	1.559031E-09	1.442688E-11
118	0.16489		0.1090294	0.0226322	0.001472681	2.768942E-05	2.013189E-07	1.507543E-09	1.394698E-11
119	0.1625016	0.1070772	0.02214981	0.001436286	2.690737E-05	0.000000195	1.458169E-09	1.348689E-11
120	0.1601673	0.1051758	0.02168162	0.001401084	2.615369E-05	1.889236E-07	1.410805E-09	1.304565E-11
121	0.1578855	0.1033236	0.02122709	0.001367026	2.54271E-05	1.830876E-07	1.365353E-09	1.262232E-11
122	0.1556547	0.1015188	0.02078571	0.001334066	2.472644E-05	1.774777E-07	1.321722E-09	1.221605E-11
123	0.1534731	0.09975997	0.020357	0.001302161	2.405057E-05	1.720835E-07	1.279825E-09	1.182601E-11
124	0.1513395	0.09804542	0.01994049	0.001271267	2.339842E-05	1.668949E-07	1.239579E-09	1.145143E-11
125	0.1492522	0.09637376	0.01953576	0.001241346	0.000022769	1.619025E-07	1.200906E-09	1.109159E-11
126	0.1472101	0.09474358	0.01914236	0.001212359	2.21613E-05	1.570975E-07	1.163734E-09	1.074578E-11
127	0.1452117	0.09315354	0.0187599	0.00118427	2.157444E-05	1.524714E-07	1.127993E-09	1.041337E-11
128	0.1432558	0.09160235	0.018388	0.001157045	2.100755E-05	0.000000148	1.093618E-09	1.009372E-11
129	0.1413412	0.09008875	0.01802627	0.00113065	2.045979E-05	1.437245E-07	1.060545E-09	9.786268E-12
130	0.1394666	0.08861157	0.01767438	0.001105055	1.993038E-05	1.395888E-07	0.000000001	9.490441E-12
131	0.137631	0.08716965	0.01733197	0.001080228	1.941857E-05	1.356025E-07	0.000000001	9.205721E-12
132	0.1358332	0.08576189	0.01699872	0.001056141	1.892364E-05	1.31759E-07	0.000000001	8.931612E-12
133	0.1340722	0.08438724	0.01667432	0.001032768	1.844492E-05	1.280523E-07	9.40151E-10	8.667642E-12
134	0.132347	0.08304467	0.01635848	0.00101008	1.798177E-05	1.244764E-07	9.127686E-10	8.413363E-12
135	0.1306565	0.08173321	0.0160509	0.0009880553	1.753356E-05	0.000000121	8.863784E-10	8.168353E-12
136	0.1289999	0.08045191	0.01575131	0.0009666673	1.70997E-05	1.176955E-07	8.609376E-10	7.932207E-12
137	0.1273762	0.07919986	0.01545944	0.0009458939	1.667965E-05	1.144801E-07	8.364054E-10	7.704544E-12
138	0.1257845	0.07797619	0.01517505	0.0009257132	1.627285E-05	1.113749E-07	8.127432E-10	7.485001E-12
139	0.124224	0.07678006	0.01489789	0.0009061041	1.587881E-05	1.083756E-07	7.89914E-10	7.273231E-12
140	0.1226939	0.07561066	0.01462772	0.0008870465	0.000015497	1.054776E-07	7.678829E-10	7.068907E-12
141	0.1211932	0.0744672	0.01436432	0.0008685211	1.512705E-05	1.026769E-07	7.466165E-10	6.871717E-12
142	0.1197214	0.07334893	0.01410747	0.0008505095	1.476843E-05	0.0000001	7.260832E-10	6.681363E-12
143	0.1182775	0.07225513	0.01385698	0.0008329939	1.442073E-05	9.735202E-08	7.062528E-10	6.497562E-12
144	0.116861	0.07118509	0.01361263	0.0008159573	1.408356E-05	9.482043E-08	6.870966E-10	6.320047E-12
145	0.115471	0.07013814	0.01337423	0.0007993835	1.375653E-05	9.237152E-08	6.685872E-10	6.14856E-12
146	0.114107	0.06911363	0.01314161	0.0007832568	1.343926E-05	0.00000009	6.506985E-10	5.982857E-12
147	0.1127682	0.06811092	0.01291458	0.0007675622	1.313139E-05	8.77089E-08	6.334057E-10	5.822705E-12
148	0.111454	0.06712941	0.01269297	0.0007522853	1.28326E-05	8.548914E-08	6.166851E-10	5.667883E-12
149	0.1101639	0.06616851	0.01247662	0.0007374123	1.254255E-05	8.333995E-08	6.005141E-10	5.518179E-12
150	0.1088971	0.06522765	0.01226536	0.0007229299	1.226093E-05	8.125862E-08	5.84871E-10	5.373391E-12
151	0.1076532	0.0643063	0.01205905	0.0007088253	1.198744E-05	7.924259E-08	5.697353E-10	5.233327E-12
152	0.1064316	0.06340391	0.01185754	0.0006950864	1.17218E-05	7.728939E-08	5.550874E-10	5.097802E-12
153	0.1052317	0.06251997	0.01166069	0.0006817012	1.146372E-05	7.539668E-08	5.409085E-10	4.966641E-12
154	0.1040531	0.061654	0.01146835	0.0006686584	0.000011213	7.356219E-08	5.271806E-10	4.839676E-12
155	0.1028951	0.06080552	0.0112804	0.0006559472	1.096925E-05	7.178379E-08	5.138866E-10	4.716748E-12
156	0.1017573	0.05997405	0.01109671	0.0006435571	1.073236E-05	7.00594E-08	5.010101E-10	4.597703E-12
157	0.1006393	0.05915916	0.01091716	0.000631478	0.000010502	6.838706E-08	4.885355E-10	4.482394E-12
158	0.0995406	0.05836041	0.01074162	0.0006197001	1.027809E-05	6.676488E-08	4.764478E-10	4.370683E-12
159	0.09846066	0.05757738	0.01056999	0.0006082141	1.006028E-05	6.519105E-08	4.647326E-10	4.262434E-12
160	0.0973991	0.05680967	0.01040215	0.0005970111	9.848406E-06	6.366384E-08	4.533762E-10	4.157519E-12
161	0.09635548	0.05605688	0.01023799	0.0005860823	9.642274E-06	6.21816E-08	4.423655E-10	4.055817E-12
162	0.09532941	0.05531864	0.01007742	0.0005754193	9.441692E-06	6.074272E-08	4.31688E-10	3.957209E-12
163	0.09432048	0.05459457	0.009920341	0.0005650142	9.246479E-06	5.934569E-08	4.213315E-10	3.861584E-12
164	0.0933283	0.05388433	0.009766641	0.0005548592	9.056459E-06	0.000000058	4.112845E-10	3.768833E-12
165	0.0923525	0.05318755	0.009616235	0.0005449468	8.871464E-06	5.667137E-08	4.01536E-10	3.678854E-12
166	0.0913927	0.05250392	0.009469033	0.0005352698	8.691332E-06	5.539133E-08	3.920755E-10	3.591547E-12
167	0.09044855	0.0518331	0.009324948	0.0005258212	8.515906E-06	5.414764E-08	3.828926E-10	3.506818E-12
168	0.0895197	0.05117478	0.009183896	0.0005165943	0.000008345	5.293904E-08	3.739777E-10	3.424576E-12
169	0.08860582	0.05052865	0.009045796	0.0005075826	8.178581E-06	5.176436E-08	3.653215E-10	3.344734E-12
170	0.08770658	0.04989442	0.00891057	0.0004987799	8.016397E-06	5.062245E-08	3.569149E-10	3.267207E-12
171	0.08682166	0.0492718	0.00877814	0.0004901802	7.858352E-06	4.95122E-08	3.487494E-10	3.191917E-12
172	0.08595075	0.04866052	0.008648433	0.0004817776	7.704318E-06	4.843256E-08	3.408167E-10	3.118786E-12
173	0.08509355	0.04806029	0.008521379	0.0004735665	7.55417E-06	4.738252E-08	3.331089E-10	3.04774E-12
174	0.08424977	0.04747087	0.008396907	0.0004655415	7.407789E-06	4.636111E-08	3.256183E-10	2.978708E-12
175	0.08341912	0.04689199	0.008274951	0.0004576973	7.265059E-06	4.536737E-08	3.183377E-10	2.911622E-12
176	0.08260132	0.04632341	0.008155446	0.0004500288	7.125868E-06	4.440042E-08	3.112599E-10	2.846416E-12
177	0.0817961	0.04576488	0.00803833	0.0004425312	6.990111E-06	4.345938E-08	3.043783E-10	2.783027E-12
178	0.0810032	0.04521618	0.007923541	0.0004351997	6.857683E-06	4.254343E-08	2.976863E-10	2.721395E-12
179	0.08022237	0.04467708	0.00781102	0.0004280297	6.728484E-06	4.165174E-08	2.911777E-10	2.661463E-12
180	0.07945335	0.04414736	0.007700711	0.0004210168	6.60242E-06	4.078356E-08	2.848465E-10	2.603173E-12
