 1.26E+01  8.216448E-03 
 1.50E+01  1.236551E-02 
 2.00E+01  1.718082E-02 
 3.00E+01  1.318292E-02 
 4.00E+01  8.293591E-03 
 5.00E+01  5.706388E-03 
 7.00E+01  2.897815E-03 
 1.00E+02  1.426386E-03 
 1.50E+02  6.362231E-04 
 2.00E+02  3.274070E-04 
 3.00E+02  1.375529E-04 
 4.00E+02  7.450175E-05 
 5.00E+02  4.662462E-05 
 7.00E+02  2.778151E-05 
 1.00E+03  1.332211E-05 
 1.50E+03  5.638224E-06 
 2.00E+03  1.877329E-06 
 3.00E+03  5.071841E-08 
 4.00E+03  3.629137E-09 
 5.00E+03  4.782755E-10 
 7.00E+03  2.308643E-11 
 1.00E+04  9.289663E-13 
 1.50E+04  2.408629E-14 
 2.00E+04  1.804354E-15
 
