#depth  phot            phot+elec100eV

-50.5	0	        0 	     	0           
-49.5	452.576 	221.773      	1.23857e+007	
-48.5	441.352 	364.723      	1.73937e+007	
-47.5	430.707 	408.039      	1.72502e+007	
-46.5	420.724 	409.314      	1.69335e+007	
-45.5	409.874 	420.661      	1.64094e+007	
-44.5	397.803 	420.121      	1.59798e+007	
-43.5	386.174 	405.911      	1.53589e+007	
-42.5	371.351 	361.859      	1.49201e+007	
-41.5	360.85 		350.472      	1.45902e+007	
-40.5	348.054 	368.553      	1.38717e+007	
-39.5	337.386 	312.479      	1.33712e+007	
-38.5	323.267 	325.35 	     	1.28156e+007
-37.5	311.123 	325.628      	1.23697e+007	
-36.5	299.938 	303.587      	1.18734e+007	
-35.5	285.994 	277.981      	1.14972e+007	
-34.5	276.038 	278.137      	1.11789e+007	
-33.5	265.053 	275.61 	     	1.06371e+007
-32.5	254.905 	264.85 	     	1.01743e+007
-31.5	245.523 	228.348      	9.57522e+006	
-30.5	236.727 	229.903      	9.14535e+006	
-29.5	225.182 	234.476      	9.0128e+006 	
-28.5	216.462 	229.172      	8.49423e+006	
-27.5	207.164 	215.369      	8.32602e+006	
-26.5	200.135 	198.867      	8.08395e+006	
-25.5	191.058 	193.417      	7.52393e+006	
-24.5	184.264 	192.645      	7.12473e+006	
-23.5	175.582 	191.413      	6.82927e+006	
-22.5	169.724 	164.108      	6.70748e+006	
-21.5	163.552 	180.777      	6.49307e+006	
-20.5	157.107 	166.549      	6.12314e+006	
-19.5	150.942 	158.336      	5.91268e+006	
-18.5	143.783 	159.269      	5.71274e+006	
-17.5	138.775 	154.14 	     	5.49195e+006
-16.5	133.948 	132.315      	5.18358e+006	
-15.5	126.866 	129.992      	4.94885e+006	
-14.5	121.778 	123.877      	4.83774e+006	
-13.5	118.459 	126.096      	4.71144e+006	
-12.5	112.968 	109.397      	4.51534e+006	
-11.5	108.202 	113.85 	     	4.24106e+006
-10.5	104.186 	98.2319      	4.142e+006  	
-9.5	100.983 	100.907      	3.83069e+006	
-8.5	96.3363 	102.867      	3.71368e+006	
-7.5	92.1859 	84.771 	     	3.64777e+006
-6.5	88.9486 	88.3994      	3.57938e+006	
-5.5	85.2673 	86.1817      	3.3219e+006 	
-4.5	81.9993 	96.5137      	3.21872e+006	
-3.5	78.6774 	82.4908      	2.99933e+006	
-2.5	75.8388 	67.7482      	3.00668e+006	
-1.5	72.4844 	76.8347      	2.80997e+006	
-0.5	70.7225 	70.0255      	2.70236e+006	
0.5	67.3189 	74.3147      	2.52754e+006	
1.5	66.107 		64.4958      	2.43734e+006	
2.5	62.6178 	64.3881      	2.41946e+006	
3.5	60.3096 	66.5654      	2.26494e+006	
4.5	57.9546 	56.2718      	2.19594e+006	
5.5	56.0163 	68.178 	     	2.16918e+006
6.5	53.6335 	58.0666      	2.0806e+006 	
7.5	51.7904 	52.362 	     	2.001e+006  
8.5	49.8854 	46.6757      	1.87791e+006	
9.5	47.5555 	40.1493      	1.79399e+006	
10.5	46.0186 	49.2657      	1.74047e+006	
11.5	44.5171 	44.377 	     	1.68781e+006
12.5	43.1245 	38.8437      	1.62474e+006	
13.5	41.3188 	40.9484      	1.48781e+006	
14.5	39.2974 	39.5825      	1.48428e+006	
15.5	38.407 		27.7477      	1.41227e+006	
16.5	36.9647 	34.3477      	1.35561e+006	
17.5	35.2035 	37.9168      	1.309e+006  	
18.5	34.2922 	39.7547      	1.24305e+006	
19.5	33.3398 	31.9609      	1.24547e+006	
20.5	31.6046 	31.9865      	1.23833e+006	
21.5	30.2514 	31.5296      	1.15764e+006	
22.5	29.2682 	39.1388      	1.11804e+006	
23.5	28.0088 	41.3557      	1.0784e+006 	
24.5	27.486 		38.2057      	1.05938e+006	
25.5	26.1813 	36.6188      	994310	    	
26.5	25.5335 	29.6343      	967362	    	
27.5	24.9063 	27.3178      	846271	    	
28.5	23.5199 	27.8125      	858358	    	
29.5	23.1793 	22.282 	     	830182	    
30.5	21.9986 	20.7727      	793385	    	
31.5	21.3301 	18.1309      	796578	    	
32.5	20.2085 	27.2424      	775580	    	
33.5	19.8491 	27.879	     	723272	    
34.5	19.1204 	24.9907      	687728	    	
35.5	18.3019 	22.5917      	695744	    	
36.5	17.9609 	19.1373      	621537	    	
37.5	17.0678 	11.2607      	626964	    	
38.5	16.1051 	12.9037      	549610	    	
39.5	15.9366 	13.4289      	544756	    	
40.5	15.2335 	18.6554      	564597	    	
41.5	15.0038 	22.5752      	521047	    	
42.5	14.2259 	21.6075      	507804	    	
43.5	13.7111 	13.55 	     	468158	    
44.5	12.8855 	14.6888      	475598	    	
45.5	12.9921 	12.1962      	453325	    	
46.5	12.3774 	10.2111      	410799	    	
47.5	11.9457 	9.78282      	409642	    	
48.5	11.3961 	9.41237      	420530	    	
49.5	10.9347 	8.05985      	391382	    	
50.5	0 		0 	     	226307	  










































































