
#set lw 2
#plot 'e20.txt' u 1:2 w li ti 'SinAbsorb', 'e20.txt' u 1:3 w li ti 'G4 MSC', 'e20.txt' u 1:4 w li ti 'G4 SingleSC', 'e20.txt' u 1:5 w li ti 'LEPTS'
		    
#E(keV)       el0     el20        el20s         el20lpt
       		   
  -0.5            0      0            0              0
   0.5           22      0          830              0
   1.5        19086     20         1740             10
   2.5        19127     30         2163              1
   3.5        19257      0         2710            315
   4.5        18984     50         2997            217
   5.5        19323     20         3340            375
   6.5        19395    100         3702           1173
   7.5        19322     80         4001           1427
   8.5        19186    110         4162           3465
   9.5        19337     60         4517           5361
  10.5        19242    260         5080           4060
  11.5        19220    130         4985           5129
  12.5        19271    120         5458           5362
  13.5        19398    210         5386           5451
  14.5        19373    260         6235           7048
  15.5        19006    310         6030           5998
  16.5        19414    220         6349           7757
  17.5        19064    380         7024           9142
  18.5        19442    400         6860           6930
  19.5        19501    240         6623           7284
  20.5        18351    370         7211           6859
  21.5        18441    290         7820          10005
  22.5        18314    550         7923           8093
  23.5        17774    400         8471           8051
  24.5        18156    490         8477           9608
  25.5        17851    480         8620           9513
  26.5        17461    400         9255           7847
  27.5        17753    550         9239           8697
  28.5        17649    600         9018           9123
  29.5        17601    610         9559           9112
  30.5        17663    670         9844           8861
  31.5        18026    680         9423          10369
  32.5        17502    840         9819          10400
  33.5        17599    750         9988           9808
  34.5        17692    790        10155           9526
  35.5        17777    760        10764           9792
  36.5        17731    790        11114          10785
  37.5        17691   1060        11443          10232
  38.5        17873   1010        10675          11059
  39.5        17488    980        11241          11608
  40.5        18038   4470        11912          10060
  41.5        17612   5270        12431          11743
  42.5        17991   5090        11658          12267
  43.5        18464   5320        12602          13173
  44.5        18421   5200        12481          11106
  45.5        18374   5180        13200          13081
  46.5        18587   4940        12965          12992
  47.5        17909   4960        13404          14502
  48.5        18452   5050        13351          14162
  49.5        19078   4860        12900          12587
  50.5        18474   4690        13484          14253
  51.5        18619   4690        13261          14412
  52.5        18679   4950        14318          14321
  53.5        19179   4680        13725          14774
  54.5        19331   4973        14034          13057
  55.5        19667   4890        14154          14996
  56.5        19749   4680        14629          13300
  57.5        19407   4380        14707          15092
  58.5        19205   4630        14781          13932
  59.5        19263   4960        14552          13615
  60.5        19419   4840        15657          14388
  61.5        19392   4830        15108          13803
  62.5        19782   4400        14755          15708
  63.5        19030   4410        14631          15094
  64.5        19147   4640        15458          15323
  65.5        19342   4310        16003          15309
  66.5        19170   4740        15842          12989
  67.5        19412   8597        15723          15271
  68.5        19187   4740        15879          13365
  69.5        19389   9451        16072          14182
  70.5        19221   4240        16191          13919
  71.5        19741   4760        15683          13995
  72.5        20055   4410        16613          16017
  73.5        20343   4460        16181          17465
  74.5        20701   4330        16503          15007
  75.5        20011   4560        16929          15624
  76.5        20530   4030        16350          16871
  77.5        20256   4900        17526          18366
  78.5        20211   5830        16988          14308
  79.5        19939   4530        17858          18290
  80.5        20072   5260        17643          17450
  81.5        20797   4520        17520          18064
  82.5        20688   4150        16939          21278
  83.5        20983   4551        17546          17269
  84.5        21027   3990        17335          17714
  85.5        20847   4460        17748          17702
  86.5        21228   4120        17135          19502
  87.5        20998   4390        17287          18540
  88.5        20962   3840        18175          19308
  89.5        20922   4130        17956          21406
  90.5        20948   4470        17383          19984
  91.5        21166   4510        18308          20188
  92.5        21942   4420        18066          20645
  93.5        21756   4280        18172          21567
  94.5        21847   4490        17473          19384
  95.5        21497   4780        18425          19859
  96.5        21468   4350        18949          21508
  97.5        21580   4960        18808          23969
  98.5        22017   4610        18138          22149
  99.5        21913   4730        18674          20716
 100.5        21583   4550        19035          26500
 101.5        22593   4730        18951          22606
 102.5        21945   4770        18876          21591
 103.5        21564   4990        19286          22666
 104.5        22302   4850        18917          24157
 105.5        22241   5100        18968          21691
 106.5        22354   4670        18934          21100
 107.5        22525   5150        18743          22763
 108.5        23114   5160        19302          24903
 109.5        22207   5330        19526          22904
 110.5        22192   5090        18206          22281
 111.5        22864   4840        18764          22272
 112.5        22637   5360        19713          24586
 113.5        22484   4920        18889          23858
 114.5        22830   4860        19860          23773
 115.5        22835   5260        19590          25418
 116.5        22713   4910        19877          22021
 117.5        23459   5360        19959          24138
 118.5        23043   5280        20176          24978
 119.5        22583   5530        19351          24285
 120.5        23064   5410        19672          24089
 121.5        23333   5182        18842          25605
 122.5        23069   5370        20105          26167
 123.5        23458   5600        19147          22780
 124.5        22987   5610        20615          24391
 125.5        23227   5280        18775          23495
 126.5        23221   5940        20156          21274
 127.5        23015   6080        19562          23444
 128.5        23788   5877        20228          20796
 129.5        23536   5520        20347          22786
 130.5        23454   6120        19970          23561
 131.5        23099   6391        20363          24500
 132.5        23770   5930        19199          25488
 133.5        23440   6170        19989          21608
 134.5        23706   6040        20173          21840
 135.5        23663   6310        20646          24572
 136.5        23468   6320        19473          22923
 137.5        23976   6020        20262          23879
 138.5        23912   6100        20411          22810
 139.5        23827   6080        21272          23224
 140.5        23929   6780        20379          24436
 141.5        23525   6540        20583          24617
 142.5        24221   6580        20160          24536
 143.5        23770   6210        21223          25839
 144.5        24309   6294        19718          23581
 145.5        23992   6620        21029          22353
 146.5        24337   6970        20573          25080
 147.5        23689   6160        20844          25466
 148.5        24629   6410        20521          21108
 149.5        24000   6350        20398          22517
 150.5        23656   7030        21015          22335
 151.5        23978   6550        20294          23631
 152.5        24603   7280        21177          23819
 153.5        24304   6670        20866          23989
 154.5        24049   7150        20998          24192
 155.5        24602   6840        21176          24523
 156.5        24510   7240        21156          24897
 157.5        24399   7280        20332          21216
 158.5        24618   6910        21242          24119
 159.5        24301   7340        20740          26928
 160.5        24431   7470        20619          24268
 161.5        23601   7150        21187          24091
 162.5        24336   7380        20851          22403
 163.5        24274   6860        19984          22362
 164.5        24467   7730        20738          22531
 165.5        24169   7470        20636          24097
 166.5        24508   7632        20782          21867
 167.5        24219   7217        20194          25722
 168.5        24874   8403        20887          23366
 169.5        24582   7970        20781          24040
 170.5        24719   8300        20854          22897
 171.5        24790   7610        20674          23357
 172.5        24547   7691        21161          24452
 173.5        24165   7750        20589          19917
 174.5        24087   8130        20704          23223
 175.5        24247   7900        20538          25937
 176.5        24841   7934        20627          22749
 177.5        24284   8280        20451          23670
 178.5        25115   8050        20360          24996
 179.5        24719   8190        20670          21708
 180.5        23982   8640        20161          24683
 181.5        24765   8700        21061          27530
 182.5        24478   8340        20997          23919
 183.5        24230   8530        20649          23050
 184.5        24395   8660        20092          24648
 185.5        24241   8620        20480          23629
 186.5        24216   8490        20247          21430
 187.5        24641   8383        20909          26218
 188.5        24758   8680        20846          25390
 189.5        24835   8720        21085          23433
 190.5        24161   8710        20609          24213
 191.5        24680   8830        21036          22340
 192.5        24499   9160        21198          21650
 193.5        24902   8780        20460          23944
 194.5        24281   9030        21459          22939
 195.5        24168   9143        20645          23687
 196.5        24438   9430        20736          24354
 197.5        24674   8800        20874          21218
 198.5        24057   9030        20014          23500
 199.5        24563   9190        19850          24309
 200.5        24233   8992        21065          25484
 201.5        24592   9302        20631          22042
 202.5        24322   9030        21202          22477
 203.5        24371   8980        20757          23216
 204.5        24284   9154        20134          24363
 205.5        24145   9933        19920          22374
 206.5        24236   9140        20778          23599
 207.5        24272   9230        20964          22195
 208.5        24657   9750        20328          24782
 209.5        23760   9380        20317          25054
 210.5        24705   9990        20106          22901
 211.5        24303   9921        20265          23675
 212.5        24441   9560        19311          20827
 213.5        24108   9657        20520          21286
 214.5        23778   9590        19516          22989
 215.5        23849   9763        21493          22555
 216.5        23730   9530        20255          25187
 217.5        23940   9800        20213          23276
 218.5        23395  10060        20397          22749
 219.5        23877  10080        19882          24179
 220.5        24242  10220        19797          24143
 221.5        24401   9880        20085          23199
 222.5        23365  10250        20249          22355
 223.5        23495  10330        20590          22856
 224.5        24011  10160        19464          20418
 225.5        23603  10520        20007          24278
 226.5        24044  10300        20434          23398
 227.5        23758  10474        20691          20929
 228.5        23266  10200        20213          23056
 229.5        23389  10890        19325          22048
 230.5        23359  10460        19580          21700
 231.5        23222  11041        20218          22585
 232.5        23772   9910        19882          22364
 233.5        24251  10630        20351          22552
 234.5        23881  11090        19626          19248
 235.5        22965  10341        19942          23269
 236.5        23711  10420        19165          21212
 237.5        22926  10750        19548          24390
 238.5        23203  10550        19394          20369
 239.5        23282  11460        19662          23386
 240.5        23277  10660        19383          23786
 241.5        23281  11490        19833          20773
 242.5        23041  10910        18783          22499
 243.5        23748  11060        19160          20541
 244.5        23027  10860        19090          20037
 245.5        23310  11300        19252          21089
 246.5        23385  10631        18975          21412
 247.5        23777  11081        19287          20583
 248.5        22586  10551        18869          20415
 249.5        23005  10940        18710          20055
 250.5        22743  11391        19029          21465
 251.5        23436  11080        19560          21302
 252.5        23050  11263        19604          22143
 253.5        23416  10970        18806          23442
 254.5        23080  11070        18540          22583
 255.5        22129  11200        18883          20314
 256.5        22247  11820        18672          20590
 257.5        22360  11530        18479          21190
 258.5        22919  10970        18372          21863
 259.5        22222  11060        18942          20787
 260.5        22540  11641        18644          19468
 261.5        22551  12140        18144          20813
 262.5        22706  11750        18448          19865
 263.5        22181  11690        18679          19548
 264.5        22344  11530        17874          19848
 265.5        22510  11272        18698          21134
 266.5        22527  11770        18557          19494
 267.5        22010  11214        18809          23350
 268.5        22198  11921        17477          21347
 269.5        22143  11580        18328          20036
 270.5        22223  11663        18688          21545
 271.5        22324  12100        18343          21130
 272.5        21923  11950        18263          19143
 273.5        22322  11730        18565          21456
 274.5        22128  11640        17660          21742
 275.5        22096  11310        18669          20785
 276.5        22108  12317        18989          19897
 277.5        21734  11390        17759          20055
 278.5        21263  11580        18156          20195
 279.5        21495  12200        17843          21671
 280.5        21553  11581        18586          17806
 281.5        21279  11780        17681          19462
 282.5        21669  11700        17234          19275
 283.5        21146  11940        17053          22445
 284.5        21067  11710        17037          19363
 285.5        21042  12040        17388          18991
 286.5        21417  11780        17775          18858
 287.5        20939  12300        17227          17361
 288.5        20660  11480        17421          20065
 289.5        20970  11840        17770          19457
 290.5        21244  12220        16918          19202
 291.5        21170  11530        17373          18012
 292.5        21244  11830        16599          17632
 293.5        21212  11990        16519          19549
 294.5        20861  12620        16914          19428
 295.5        20559  11630        17761          20388
 296.5        20275  11750        16541          16233
 297.5        20257  11830        17006          19424
 298.5        20270  12180        17019          17810
 299.5        20543  12630        17467          18586
 300.5        20274  12120        16793          20019
 301.5        20345  11567        17445          17766
 302.5        20320  11370        17609          20414
 303.5        20445  11901        16640          18390
 304.5        19913  11407        17099          19634
 305.5        20729  11470        16924          17424
 306.5        20056  12723        16457          18848
 307.5        19908  12191        15822          16857
 308.5        19768  11770        16595          16544
 309.5        20174  12250        16543          18866
 310.5        19943  11920        16086          17522
 311.5        19443  12050        16460          18824
 312.5        20212  11650        17034          18320
 313.5        19660  11420        15682          18197
 314.5        19720  12760        15667          16050
 315.5        19551  12030        15483          19776
 316.5        19318  12250        15450          17802
 317.5        19459  12550        15125          16925
 318.5        19639  12660        15946          17668
 319.5        19003  11690        15812          16952
 320.5        19376  11340        15964          17632
 321.5        18876  12130        15718          18987
 322.5        18980  11931        15954          18736
 323.5        19141  12820        15432          16932
 324.5        19013  11900        15398          18187
 325.5        19270  11960        14976          16417
 326.5        19032  12183        15606          17126
 327.5        18732  12050        15317          16360
 328.5        18587  12180        14406          17473
 329.5        19047  12390        15170          17171
 330.5        18681  12023        14702          17269
 331.5        18833  11840        14630          15736
 332.5        18413  11570        14547          17624
 333.5        18383  11840        15354          18223
 334.5        18226  11860        15146          15480
 335.5        18536  12050        14245          17005
 336.5        18579  11990        14844          18021
 337.5        18139  12570        14335          16084
 338.5        18423  11860        14204          15971
 339.5        17681  12140        14521          15314
 340.5        18120  12110        15140          14174
 341.5        17671  11640        14385          16888
 342.5        17874  11947        13768          14480
 343.5        17554  12000        14302          14674
 344.5        18125  12010        14850          18078
 345.5        17976  11390        14484          19135
 346.5        17465  12030        13833          14937
 347.5        17683  11620        13767          16431
 348.5        17507  12050        14066          15658
 349.5        17797  11830        13771          15891
 350.5        17464  11678        14069          15203
 351.5        17286  12080        14543          15992
 352.5        17162  11601        12923          14565
 353.5        17581  10800        13944          14335
 354.5        17071  11402        13944          16830
 355.5        17113  11191        14147          18122
 356.5        16731  11570        13410          15087
 357.5        17151  11120        14080          17265
 358.5        16999  12060        13795          14784
 359.5        16448  11350        13021          16097
 360.5        16736  11870        13153          15719
 361.5        16642  11170        13035          15692
 362.5        16905  11400        12893          14567
 363.5        16985  11203        13138          14743
 364.5        17053  11430        13514          16555
 365.5        16029  11640        12959          15290
 366.5        16130  11280        12309          15166
 367.5        16279  10992        13048          14996
 368.5        16467  11633        13170          13722
 369.5        16192  11360        12466          17713
 370.5        16411  11350        13018          14194
 371.5        15693  11110        12440          13867
 372.5        16305  10800        12565          13622
 373.5        15717  12010        12348          14896
 374.5        15836  10950        12147          15819
 375.5        15953  11300        12528          13508
 376.5        15706  11230        12399          12876
 377.5        15862  11110        12137          13868
 378.5        15272  10990        12265          12487
 379.5        15711  11241        12588          15210
 380.5        15736  11150        12141          15769
 381.5        14906  10937        11866          13726
 382.5        14762  11590        12158          12053
 383.5        15182  10540        12117          13555
 384.5        15278  10640        12275          13534
 385.5        15234  11421        11546          14970
 386.5        14912  10650        12157          13359
 387.5        14608  11050        12050          15795
 388.5        15206  10190        11581          13787
 389.5        14780  10634        11654          13690
 390.5        14609  10650        11691          12253
 391.5        14702  10710        11819          11716
 392.5        14598  10510        11875          13475
 393.5        14722  10110        11619          11926
 394.5        14334  10760        11560          13809
 395.5        14260  10720        11233          12761
 396.5        14390  10070        11500          11444
 397.5        14597   9980        11253          13223
 398.5        14413  10500        11636          14108
 399.5        14330  10760        11254          12254
 400.5        14132  10090        11147          13193
 401.5        14478  10200        10971          12608
 402.5        13710  10441        10949          11657
 403.5        13831  10030        11354          12539
 404.5        13868  10420        10687          13211
 405.5        13326   9780        10924          12649
 406.5        13964   9840        11211          13149
 407.5        13477   9950        10321          11916
 408.5        13565   9950        10672          13703
 409.5        13150  10320         9948          12820
 410.5        13541  10780        10415          12030
 411.5        13517  10280        10207          11447
 412.5        13840   9890        10403          11460
 413.5        13449  10482        10150          12167
 414.5        13252   9780         9979          11423
 415.5        12977   9950         9531          11662
 416.5        13023   9930        10127           9869
 417.5        12955  10060        10341          12493
 418.5        13051  10000         9947          10480
 419.5        12303   9680         9972          10287
 420.5        12812   9541         9615          11798
 421.5        12512   9570         9428          10252
 422.5        12952   9607         9545          12355
 423.5        12596   9470         9187          10936
 424.5        12751   8770         9468          11052
 425.5        12333   8940         9114          10888
 426.5        12385   9300         8919          11182
 427.5        12117   8870         9700          11572
 428.5        12293   8920         9837          10799
 429.5        12237   9200         9937          10902
 430.5        11964   8740         8988          10309
 431.5        11968   9190         9263          10235
 432.5        12041   8931         8880          12021
 433.5        12418   9510         8900          10417
 434.5        11722   9060         9102          10226
 435.5        11549   8760         9244          11869
 436.5        11888   8290         8761           8813
 437.5        11631   8600         7886          10686
 438.5        11472   8660         8138           9153
 439.5        11547   8660         8617           9495
 440.5        11453   8300         8431          10308
 441.5        11474   8890         8298          10173
 442.5        11187   8011         8226           8247
 443.5        11266   8640         8448          10583
 444.5        11132   8300         8223           8771
 445.5        11267   8480         7958          10175
 446.5        11331   8610         8366           8667
 447.5        11274   7737         7927          11254
 448.5        10789   7850         7882          10435
 449.5        11216   8410         7877          10748
 450.5        10941   8300         8299          10284
 451.5        10778   8100         7632           8755
 452.5        10697   8160         8161           8690
 453.5        10458   8430         8187           8800
 454.5        10335   7880         8327          11089
 455.5        10518   7940         7834           9269
 456.5        10554   7870         7417           8844
 457.5        10443   7693         7499           8920
 458.5        10034   7756         7561           8571
 459.5         9969   7300         7220           9061
 460.5         9815   7392         7090           8645
 461.5         9888   7220         7454           7884
 462.5        10230   7590         7281           9653
 463.5         9801   7320         7042           8113
 464.5         9946   7400         7335           9853
 465.5        10174   7110         7067           9161
 466.5         9987   7420         7257           9112
 467.5         9735   7460         7131           7915
 468.5         9667   7140         6581           7787
 469.5         9556   7370         6888           8524
 470.5         9402   7240         6464           7902
 471.5         9388   7027         6633           9567
 472.5         9487   7020         6717           9191
 473.5         9106   7160         6595           7840
 474.5         9412   6890         6680          10254
 475.5         8757   6540         6529           8309
 476.5         9305   6760         6710           7879
 477.5         8971   6340         6241           8093
 478.5         9016   6630         6336           7356
 479.5         8845   6640         6740           7013
 480.5         8755   6630         6147           8738
 481.5         8993   6590         6102           7740
 482.5         9160   7000         6292           7042
 483.5         8991   6530         6337           6900
 484.5         8802   6480         6344           6646
 485.5         8706   6500         6084           8790
 486.5         8627   6563         5992           6512
 487.5         8276   6160         6090           7600
 488.5         8220   5850         5970           6937
 489.5         8331   6210         6268           6569
 490.5         8176   5730         5956           6542
 491.5         8288   6040         6024           6403
 492.5         8072   5720         5784           7214
 493.5         7907   5870         5385           7747
 494.5         8044   5750         5271           7295
 495.5         7762   5580         5495           6576
 496.5         7806   5863         5460           6479
 497.5         7822   5811         5479           5751
 498.5         7880   5667         5115           5932
 499.5         7617   5482         4804           7061
 500.5         7394   5420         4896           6413
 501.5         7483   5430         5191           7065
 502.5         8012   5120         5070           6147
 503.5         7341   5620         4929           6108
 504.5         7346   5220         4817           5682
 505.5         7176   5170         4865           5852
 506.5         7271   5350         5031           7212
 507.5         7001   5100         5233           4820
 508.5         7601   5020         4964           5463
 509.5         7290   5230         4306           6258
 510.5         7421   5010         4678           4350
 511.5         7250   4960         4660           5103
 512.5         7245   5060         4695           5503
 513.5         6828   4867         4333           5122
 514.5         6644   4600         4810           6118
 515.5         6628   4730         4440           5470
 516.5         6476   4770         4298           5431
 517.5         6629   4900         4071           5250
 518.5         6834   4590         4162           5021
 519.5         6669   4410         4140           6159
 520.5         6623   4261         4214           5418
 521.5         6115   4370         3760           4953
 522.5         6178   4620         4037           5216
 523.5         6314   4830         4224           3968
 524.5         6272   4510         4210           4536
 525.5         6011   4170         3843           4982
 526.5         6022   4300         3780           4451
 527.5         6071   4170         3482           4572
 528.5         6077   4310         3620           5089
 529.5         5960   3520         3861           3995
 530.5         5583   4430         3763           5591
 531.5         5914   4290         3630           5452
 532.5         5622   4053         3320           5271
 533.5         5664   3890         3320           4057
 534.5         5582   3830         3783           4836
 535.5         5376   3540         3174           3948
 536.5         5475   3837         3520           5541
 537.5         5153   3660         3180           4414
 538.5         5413   3480         3284           3790
 539.5         5298   3690         3501           4096
 540.5         5212   3640         3320           3544
 541.5         5123   3251         3326           4292
 542.5         5168   3720         3462           4128
 543.5         5305   3390         2950           4677
 544.5         5130   3670         2982           3864
 545.5         4912   3582         3123           4387
 546.5         5126   3540         2840           3536
 547.5         5004   3020         3012           4064
 548.5         4773   2960         3181           3574
 549.5         4856   3280         3045           5997
 550.5         4741   2990         2757           3365
 551.5         4609   3050         2559           2594
 552.5         4453   2960         2456           4430
 553.5         4555   3040         2413           3488
 554.5         4418   2760         2630           4651
 555.5         4255   2650         2570           4581
 556.5         4518   2520         2505           3789
 557.5         4394   2920         2481           3506
 558.5         4270   2790         2387           3303
 559.5         4482   2820         2304           2666
 560.5         4210   2680         2074           3906
 561.5         4139   2640         2380           4224
 562.5         4060   2370         2254           3923
 563.5         3941   2410         2280           3477
 564.5         3785   2420         2180           2422
 565.5         3888   2060         2222           2867
 566.5         3895   2540         2240           3322
 567.5         3810   2280         1983           3044
 568.5         3914   2173         2030           2412
 569.5         4079   2250         2109           3606
 570.5         3791   2260         1950           2464
 571.5         3693   2380         1804           3579
 572.5         3646   2160         2033           2735
 573.5         3629   2130         1900           3655
 574.5         3577   2080         2026           2503
 575.5         3535   2107         1840           3731
 576.5         3402   1710         1623           2516
 577.5         3506   1780         1844           2620
 578.5         3251   2161         1800           3144
 579.5         3279   1660         1810           2603
 580.5         3241   1910         1590           3022
 581.5         3169   1670         1560           2086
 582.5         3058   1350         1546           2473
 583.5         3185   1770         1525           2366
 584.5         2968   1450         1564           2301
 585.5         3008   1760         1540           2940
 586.5         2985   1560         1400           2028
 587.5         2916   1650         1431           3613
 588.5         2937   1680         1410           2185
 589.5         2864   1390         1250           2196
 590.5         2827   1450         1410           2553
 591.5         2944   1440         1100           2062
 592.5         2779   1550         1220           1759
 593.5         2893   1450         1310           2275
 594.5         2570   1130         1460           2536
 595.5         2585   1250         1130           1940
 596.5         2646   1200         1270           1996
 597.5         2508   1350         1235           1939
 598.5         2489   1160         1300           2168
 599.5         2480   1180         1186           1689
 600.5         2371   1370         1050           2005
 601.5         2400   1340         1040           2193
 602.5         2369   1190         1160           2530
 603.5         2303   1100          974           2414
 604.5         2213   1150          890           1526
 605.5         2252   1010         1000           1664
 606.5         2021   1200          910           1307
 607.5         2261   1110          750           1893
 608.5         1984    730          792           1501
 609.5         1970    840          740           1620
 610.5         2004   1040          780           1171
 611.5         2037    720          960           1144
 612.5         1986    790          881           1764
 613.5         1940    740          771           1594
 614.5         1765    670          580           1750
 615.5         1872    780          870           1423
 616.5         1742    710          690           1294
 617.5         1660    720          670           1121
 618.5         1599    620          610           1500
 619.5         1785    530          640           1522
 620.5         1683    480          693            887
 621.5         1586    530          571           1257
 622.5         1591    550          530           1030
 623.5         1561    650          580           1520
 624.5         1510    550          490            920
 625.5         1505    420          520           1072
 626.5         1419    550          530            353
 627.5         1423    470          550           1154
 628.5         1343    460          560            666
 629.5         1390    430          580            964
 630.5         1279    390          410           1433
 631.5         1411    510          360            830
 632.5         1205    310          413            642
 633.5         1271    410          420            981
 634.5         1167    380          460            617
 635.5         1151    370          260            900
 636.5         1160    340          430            853
 637.5         1174    261          320            576
 638.5         1054    190          260            692
 639.5         1052    260          260            689
 640.5          922    340          323            980
 641.5         1044    260          320            648
 642.5          932    200          190            294
 643.5          829    150          240            625
 644.5          960    190          260            567
 645.5          873    210          161            527
 646.5          845    200          111            537
 647.5          778    270          293            105
 648.5          911    130          190            495
 649.5          812    170          260            677
 650.5          781    110          210             71
 651.5          655    140          150            383
 652.5          668    110          150            442
 653.5          780    140          220            386
 654.5          742    110           80            549
 655.5          608     90           80            550
 656.5          661    100          140            394
 657.5          591    110          120            621
 658.5          661     70          130            417
 659.5          617     50          120            300
 660.5          603     70          102            511
 661.5          609     40           70            127
 662.5          501     30           40            308
 663.5          471     50          120            118
 664.5          473     70          110            160
 665.5          471     40           10            432
 666.5          418     40           30            397
 667.5          367     40          100            391
 668.5          417     30           40            218
 669.5          430     30           40            307
 670.5          360     30           50            390
 671.5          401     20           40            323
 672.5          370     20           40            218
 673.5          316     30           30            201
 674.5          330     10           70            111
 675.5          302     10           40            150
 676.5          289     10            0             31
 677.5          274     20           40            140
 678.5          274     10           10             20
 679.5          267     10           20             21
 680.5          170     20           10             20
 681.5          260      0            0            110
 682.5          224      0           30            105
 683.5          229      0           10            116
 684.5          204      0            0            388
 685.5          189      0            0            101
 686.5          155      0            0            190
 687.5          120     10            0              0
 688.5          191      0            0             90
 689.5          169      0            0              1
 690.5          128      0            0              0
 691.5          107      0            0             20
 692.5          137      0            0             10
 693.5           77      0            0            100
 694.5           95      0            0              0
 695.5          106      0            0             10
 696.5           56      0            0             10
 697.5           76      0            0             10
 698.5           78      0            0              0
 699.5           51      0            0              0
 700.5           42      0            0            129
 701.5           53      0            0              0
 702.5           64      0            0              0
 703.5           25      0            0              0
 704.5           42      0            0              0
 705.5           27      0            0              0
 706.5           50      0            0              0
 707.5           27      0            0              0
 708.5           25      0            0              0
 709.5           29      0            0              0
 710.5           22      0            0              0
 711.5           32      0            0              0
 712.5            0      0            0              0
 713.5            0      0            0              0
 714.5            0      0            0              0
