
#A            B        C         D        E           F               G               H               I
#E(keV)     el0   el20     el40      el60    el100       el20s           el40s           el60s          el100s
	       
  -0.5        0      0        0         0        0           0               0               0               0
   0.5      154      0        0         0        0         830             500             560             280
   1.5   191545     20        0         0        0        1740            1180            1091             710
   2.5   191479     30       18        10        0        2163            1630            1581            1020
   3.5   193583      0        9         2        0        2710            1751            1750            1250
   4.5   191515     50       18         0        0        2997            2381            2229            1330
   5.5   192269     20       30         9        9        3340            2704            2331            1700
   6.5   191904    100       29        20        1        3702            3072            2291            1760
   7.5   192340     80       14         9        0        4001            3044            2820            1880
   8.5   192390    110       55        18        0        4162            3540            2994            2380
   9.5   194757     60       31         9        0        4517            3832            3002            2120
  10.5   191779    260       32        28        3        5080            3814            3147            2531
  11.5   193579    130       67        19        0        4985            4410            3820            2410
  12.5   193108    120       77         2        1        5458            4560            4261            2620
  13.5   193975    210       24        23        9        5386            4850            4326            2632
  14.5   192622    260       57         3        0        6235            5389            3990            2830
  15.5   194824    310      126         2       10        6030            5364            4362            2773
  16.5   192503    220       98        13        0        6349            5742            4450            3271
  17.5   193600    380       62        10       12        7024            5811            4888            3550
  18.5   192618    400      107        13       10        6860            5775            5029            3340
  19.5   194171    240       65        31       18        6623            6250            4844            3480
  20.5   180351    370       82        31        2        7211            6441            5883            3382
  21.5   187259    290       92        23        0        7820            6405            5249            3642
  22.5   182099    550      103        59        1        7923            7437            5919            3924
  23.5   177801    400       46        91       11        8471            7316            6004            4070
  24.5   184511    490      135        84        1        8477            6957            5672            4156
  25.5   176998    480      161        67       11        8620            7410            5866            4130
  26.5   174913    400      216        49        3        9255            7661            6199            4520
  27.5   178586    550      245        42       10        9239            7760            6370            4463
  28.5   176187    600      211        43        7        9018            7862            6282            4471
  29.5   176328    610      187        24       45        9559            8076            6638            4481
  30.5   176438    670      296        32       29        9844            7664            6980            4664
  31.5   177343    680      239        60       20        9423            8469            6960            4812
  32.5   174934    840      264        64       38        9819            8917            7433            4842
  33.5   174282    750      154        86       11        9988            8683            7358            5050
  34.5   175896    790      202        35        0       10155            8696            7235            4810
  35.5   176908    760      274        49       20       10764            9333            7567            5122
  36.5   175307    790      197        86       10       11114            8935            7714            5302
  37.5   176771   1060      216        86       22       11443            9153            7819            5011
  38.5   179799   1010      246        70       10       10675            9298            7735            5120
  39.5   173859    980      196        91       31       11241           10177            8002            5458
  40.5   181314   4470     3610      1838      800       11912           11074            9696            6176
  41.5   176076   5270     3826      2359     1060       12431           10673            9743            6640
  42.5   178347   5090     3982      2431     1163       11658           10914            9200            6772
  43.5   184251   5320     3622      2403     1134       12602           11548            9752            6542
  44.5   182869   5200     3595      2742     1106       12481           11100            9733            6934
  45.5   183554   5180     3792      2798     1284       13200           11569            9939            7096
  46.5   183443   4940     3954      3112     1259       12965           11667           10291            7083
  47.5   181574   4960     3842      2980     1543       13404           12183            9800            6484
  48.5   180871   5050     4115      2995     1562       13351           11197           10213            7121
  49.5   189550   4860     4100      2664     1793       12900           11946           10111            6895
  50.5   184259   4690     3836      3058     1940       13484           12493           10299            7558
  51.5   185599   4690     3994      2971     1683       13261           12321           10594            7709
  52.5   188796   4950     4032      3346     1853       14318           12500           10066            7433
  53.5   191913   4680     4086      2703     1875       13725           11842           10487            7691
  54.5   192090   4973     3428      2957     1739       14034           12450           11074            7451
  55.5   194188   4890     3901      2870     2072       14154           12574           10573            8002
  56.5   196215   4680     3862      3100     1992       14629           12167           10954            7801
  57.5   192563   4380     3843      3181     2043       14707           12748           11000            8053
  58.5   193749   4630     3559      3074     2001       14781           13691           10994            8205
  59.5   196000   4960     3571      3131     2181       14552           13081           11874            8532
  60.5   193529   4840     3878      2975     2125       15657           13405           10957            7940
  61.5   194966   4830     3692      3092     2235       15108           13082           11531            8420
  62.5   196082   4400     3713      2799     2051       14755           13463           11820            8402
  63.5   192743   4410     3643      2939     2267       14631           13817           12444            8452
  64.5   189329   4640     3499      2698     2066       15458           14003           11949            8272
  65.5   193357   4310     3420      2786     2075       16003           13820           11369            8709
  66.5   189632   4740     3575      3190     2058       15842           13490           11577            8121
  67.5   193176   8597     9519     10803    10432       15723           13935           12996           10048
  68.5   194337   4740     3242      2975     2148       15879           14408           11289            8216
  69.5   192757   9451    14355     16182    16087       16072           14206           12132            9698
  70.5   195440   4240     3192      2780     2169       16191           14295           12534            8910
  71.5   196810   4760     3482      2712     2248       15683           14288           12115            9062
  72.5   198733   4410     3254      2729     1904       16613           14227           12538            8292
  73.5   201888   4460     2966      2878     2132       16181           14262           11829            8592
  74.5   204166   4330     3014      2424     2143       16503           14376           12179            8846
  75.5   200974   4560     2747      2825     2011       16929           14602           12529            8823
  76.5   203869   4030     3227      2285     1864       16350           15166           12726            8859
  77.5   203263   4900     4466      3831     3929       17526           14951           12701            8961
  78.5   198961   5830     5485      5343     5336       16988           14994           12421            9703
  79.5   201562   4530     2852      2635     2229       17858           14548           12470            9132
  80.5   202758   5260     4272      4092     3403       17643           14600           12668            8981
  81.5   208609   4520     2167      1478      593       17520           15494           13077            8473
  82.5   206831   4150     2168      1538      654       16939           14926           12938            8794
  83.5   211606   4551     2243      1384      754       17546           14738           12593            9247
  84.5   208233   3990     2097      1228      634       17335           15592           12099            8365
  85.5   207552   4460     2155      1365      518       17748           15462           12906            8644
  86.5   211381   4120     2342      1555      682       17135           14772           12676            8403
  87.5   210440   4390     2246      1321      616       17287           15600           13248            8827
  88.5   211712   3840     2122      1469      760       18175           15401           12217            8690
  89.5   210279   4130     2097      1293      701       17956           15487           12831            8956
  90.5   208054   4470     2280      1464      751       17383           15083           12585            9076
  91.5   213833   4510     2119      1317      777       18308           15625           13013            8352
  92.5   217909   4420     2309      1421      703       18066           16097           13234            8940
  93.5   216626   4280     2357      1318      820       18172           15915           13491            9014
  94.5   217169   4490     2239      1424      928       17473           15640           13768            8977
  95.5   216667   4780     2099      1545      710       18425           15959           14071            9243
  96.5   212190   4350     2077      1302      814       18949           15617           13538            8730
  97.5   217047   4960     2087      1400      931       18808           15632           13610            9276
  98.5   218296   4610     2194      1421      735       18138           14806           13117            8372
  99.5   213814   4730     2165      1372      962       18674           15459           13444            8947
 100.5   216961   4550     2231      1540      912       19035           16684           13234            9434
 101.5   225314   4730     2129      1432      816       18951           16179           13660            8760
 102.5   220119   4770     2181      1517      882       18876           16915           13163            9211
 103.5   217977   4990     2158      1393      953       19286           15794           13580            9373
 104.5   223062   4850     2074      1313      750       18917           16106           13519            8760
 105.5   224769   5100     2030      1326      904       18968           16492           13561            9272
 106.5   224972   4670     2123      1340      814       18934           16201           13841            9002
 107.5   224784   5150     2310      1371      867       18743           15685           13108            9895
 108.5   230580   5160     2170      1445      894       19302           16358           13664            8672
 109.5   223065   5330     1959      1623      751       19526           16489           13962            9410
 110.5   220949   5090     2216      1310      641       18206           16679           14234            9234
 111.5   227747   4840     2174      1208      951       18764           16574           13645            9202
 112.5   226897   5360     2005      1223      842       19713           16814           14466            9712
 113.5   223365   4920     2074      1283      772       18889           16607           14117            9434
 114.5   227135   4860     2217      1408      963       19860           16666           14018            9276
 115.5   227475   5260     1914      1366      776       19590           15800           14266            9463
 116.5   227063   4910     1830      1142      689       19877           16612           13619            9294
 117.5   231529   5360     1895      1293      852       19959           16245           14053            8849
 118.5   228957   5280     2084      1289      983       20176           16825           13503            9348
 119.5   229150   5530     2301      1177      901       19351           16635           13903            9330
 120.5   227041   5410     2138      1191      847       19672           16178           14340            9274
 121.5   235506   5182     2222      1252      818       18842           16827           14418            9632
 122.5   230795   5370     2163      1497      820       20105           17109           15162            9165
 123.5   230165   5600     2147      1210      919       19147           17323           13724            9228
 124.5   232153   5610     2290      1230      763       20615           16459           14201            9752
 125.5   234931   5280     2038      1185      763       18775           17023           14608            9156
 126.5   232823   5940     2029      1197      747       20156           16870           14774            9308
 127.5   231513   6080     2326      1132      844       19562           17499           13968            9266
 128.5   234558   5877     2003      1305      864       20228           17330           14303            9775
 129.5   235017   5520     2111      1143      824       20347           17091           14347            9226
 130.5   233628   6120     2294      1147      791       19970           17064           14004            9077
 131.5   228899   6391     2029      1122      779       20363           17173           14035            8761
 132.5   237361   5930     1910      1027      775       19199           17043           15287            9303
 133.5   234008   6170     2240      1136      737       19989           17379           14317            9318
 134.5   236007   6040     1990      1203      768       20173           17483           14757            9903
 135.5   230582   6310     1930      1207      753       20646           16701           14677            9483
 136.5   230933   6320     2127      1143      790       19473           17492           14155            9870
 137.5   242563   6020     2044      1171      832       20262           17473           14635            9016
 138.5   238789   6100     2117       951      741       20411           17573           14835            9022
 139.5   239030   6080     2200      1335      813       21272           16706           14382            9939
 140.5   239448   6780     2005      1203      676       20379           17658           13847            9687
 141.5   236458   6540     2107      1026      664       20583           17425           14156            9584
 142.5   238666   6580     2233      1159      927       20160           17301           14698            9763
 143.5   238020   6210     2010      1139      559       21223           17130           14103            9936
 144.5   242844   6294     2189      1222      847       19718           18151           14302            9754
 145.5   238821   6620     2090      1109      693       21029           17244           14626            9580
 146.5   241129   6970     2219       960      772       20573           17519           14621            9721
 147.5   237046   6160     2095      1071      606       20844           17338           14866            9500
 148.5   245317   6410     2074      1106      667       20521           17595           15036            9107
 149.5   242986   6350     2254      1116      544       20398           17058           14449            9014
 150.5   237265   7030     2091      1022      679       21015           18091           14719            9762
 151.5   242207   6550     2370      1006      839       20294           17157           14814            9193
 152.5   246728   7280     1998       854      709       21177           17081           14689            9436
 153.5   243496   6670     2316       938      836       20866           17877           14240            9222
 154.5   238541   7150     1950      1097      747       20998           17194           14581            9474
 155.5   243979   6840     1961       995      572       21176           17489           14669            9320
 156.5   243379   7240     2104       890      557       21156           17355           14711            9528
 157.5   244585   7280     2166       949      678       20332           17358           15441            9514
 158.5   246008   6910     2024      1020      492       21242           16997           14172            9343
 159.5   242159   7340     2317       849      598       20740           17881           14891            9073
 160.5   244376   7470     2035       913      736       20619           17457           14560            9652
 161.5   239565   7150     2244       987      569       21187           18506           14307            9546
 162.5   244202   7380     2264       883      790       20851           17114           14548            9424
 163.5   241575   6860     2230      1072      666       19984           17530           14534            9928
 164.5   244898   7730     2336      1067      712       20738           17914           14951            9668
 165.5   242719   7470     2162       892      620       20636           17460           14589            9473
 166.5   242503   7632     2122      1052      622       20782           17432           14443            9814
 167.5   245147   7217     2110       937      628       20194           17977           14699            9105
 168.5   247594   8403     2221      1025      540       20887           17953           14340            9384
 169.5   246503   7970     2206       963      612       20781           17239           14406            9712
 170.5   244144   8300     2329      1037      554       20854           17407           14731            9022
 171.5   248736   7610     2327      1054      647       20674           17351           14793            9450
 172.5   246386   7691     2049      1033      543       21161           17479           13923            9241
 173.5   243362   7750     2324       950      544       20589           18039           14229            9010
 174.5   240233   8130     2243       968      609       20704           17867           15205            9266
 175.5   244849   7900     2143       879      725       20538           17778           15167            9954
 176.5   247704   7934     2273       924      449       20627           17086           14509            8912
 177.5   245371   8280     2294      1027      515       20451           17723           14505            9108
 178.5   249927   8050     2193       954      556       20360           17287           14247           10152
 179.5   247570   8190     2119       927      517       20670           17762           13986            8576
 180.5   241064   8640     2127       784      532       20161           17236           14641            9120
 181.5   248612   8700     2318       918      430       21061           18165           13881            9215
 182.5   246671   8340     2054       872      634       20997           18001           14570            9163
 183.5   241598   8530     2295       856      547       20649           17603           14706            9274
 184.5   247392   8660     2120       949      473       20092           16766           14265            8880
 185.5   242318   8620     2223      1021      379       20480           17444           13401            9052
 186.5   244936   8490     2123       784      601       20247           17924           14424            8985
 187.5   243948   8383     2364      1005      521       20909           17338           14043            8527
 188.5   245197   8680     2162       749      464       20846           16936           14340            8916
 189.5   246036   8720     2133       914      554       21085           17489           14974            9120
 190.5   239791   8710     2505       802      481       20609           17094           14561            9092
 191.5   248296   8830     2542       877      507       21036           16432           14022            9079
 192.5   244269   9160     2359       911      551       21198           17380           14835            8561
 193.5   250159   8780     2265       896      488       20460           16837           14074            8460
 194.5   245024   9030     2354       810      528       21459           18014           14143            8885
 195.5   240644   9143     2542       805      463       20645           16869           14167            8926
 196.5   243273   9430     2447       761      502       20736           17233           13992            8940
 197.5   246214   8800     2370       992      360       20874           17281           14066            8951
 198.5   241512   9030     2254       902      405       20014           17223           13590            8742
 199.5   245726   9190     2462       770      371       19850           17111           13993            9432
 200.5   240527   8992     2314       684      393       21065           16844           13748            9045
 201.5   244328   9302     2207       814      375       20631           17085           13688            8657
 202.5   244347   9030     2193       935      466       21202           16728           14540            8787
 203.5   242080   8980     2241       710      379       20757           17434           13697            8614
 204.5   240979   9154     2318       698      365       20134           17236           14259            8225
 205.5   243609   9933     2313       739      363       19920           16844           13556            8493
 206.5   244412   9140     2588       753      435       20778           16060           13624            8646
 207.5   240844   9230     2711       703      300       20964           17228           13662            7960
 208.5   246580   9750     2438       855      379       20328           16130           13947            8259
 209.5   240229   9380     2381       790      478       20317           16605           13779            8901
 210.5   247287   9990     2163       744      277       20106           17007           14013            8700
 211.5   238370   9921     2319       779      347       20265           17001           13720            8392
 212.5   241322   9560     2472       654      366       19311           16353           13514            8476
 213.5   239368   9657     2411       643      482       20520           17655           13142            8136
 214.5   238666   9590     2267       758      430       19516           16547           13707            8322
 215.5   239356   9763     2492       692      413       21493           16197           12979            8856
 216.5   239630   9530     2368       912      304       20255           16953           14199            8469
 217.5   238560   9800     2448       613      358       20213           16323           13514            8512
 218.5   233746  10060     2403       741      347       20397           15568           12935            8233
 219.5   237557  10080     2367       674      406       19882           16422           13901            7932
 220.5   243173  10220     2232       947      534       19797           16478           12638            7894
 221.5   239807   9880     2364       837      386       20085           16015           13628            8183
 222.5   235258  10250     2520       795      353       20249           16471           12734            8082
 223.5   234260  10330     2620       615      331       20590           16205           13607            8470
 224.5   239695  10160     2265       790      402       19464           16384           13409            7942
 225.5   235431  10520     2462       879      411       20007           17266           13395            7782
 226.5   240458  10300     2710       864      266       20434           16126           13116            8030
 227.5   238247  10474     2477       721      338       20691           16203           12514            7784
 228.5   233451  10200     2284       695      364       20213           16396           13609            8114
 229.5   238463  10890     2239       806      245       19325           16644           13710            8132
 230.5   234938  10460     2464       721      374       19580           16741           13721            7862
 231.5   232892  11041     2380       683      231       20218           16131           12887            7931
 232.5   239781   9910     2354       716      300       19882           16638           13439            7945
 233.5   239691  10630     2748       614      331       20351           15471           12828            8010
 234.5   235917  11090     2436       709      274       19626           16792           12887            7664
 235.5   230204  10341     2542       636      333       19942           15056           13121            7630
 236.5   235595  10420     2231       754      290       19165           15482           12543            7676
 237.5   229742  10750     2290       782      417       19548           15306           12935            7672
 238.5   231560  10550     2474       941      245       19394           16598           12781            8121
 239.5   233811  11460     2435       682      336       19662           15591           13017            7482
 240.5   235679  10660     2383       715      263       19383           15383           12894            7330
 241.5   229416  11490     2592       768      339       19833           16077           12503            7376
 242.5   229592  10910     2489       674      255       18783           15536           12772            7766
 243.5   236704  11060     2487       703      317       19160           16240           13091            7580
 244.5   229961  10860     2812       654      283       19090           15820           13407            7433
 245.5   233153  11300     2512       836      243       19252           16046           12117            7531
 246.5   231641  10631     2603       784      380       18975           15681           12675            7775
 247.5   238897  11081     2433       653      374       19287           15783           12626            7486
 248.5   225467  10551     2718       635      236       18869           15810           12180            7107
 249.5   229993  10940     2358       784      222       18710           16119           12261            7662
 250.5   229972  11391     2686       677      247       19029           15756           12335            7063
 251.5   231139  11080     2462       645      240       19560           15586           12382            7272
 252.5   228453  11263     2791       664      305       19604           15008           12289            7474
 253.5   230782  10970     2599       831      271       18806           15644           12992            7074
 254.5   231280  11070     2661       795      252       18540           15716           12486            7181
 255.5   224446  11200     2638       731      248       18883           14952           12784            7292
 256.5   226051  11820     2410       706      234       18672           15405           12884            6954
 257.5   223066  11530     2293       611      270       18479           15603           12383            7363
 258.5   227191  10970     2559       559      188       18372           14972           12128            6981
 259.5   221888  11060     2569       471      208       18942           15247           12229            6960
 260.5   224244  11641     2562       647      193       18644           14864           12121            7167
 261.5   226538  12140     2511       618      281       18144           15418           11897            6800
 262.5   223802  11750     2706       611      289       18448           14924           12031            6902
 263.5   224155  11690     2768       608      155       18679           14835           11400            6742
 264.5   221582  11530     2508       661      144       17874           14949           12278            6972
 265.5   229042  11272     2536       792      262       18698           14398           12560            7412
 266.5   226499  11770     2563       608      229       18557           14698           11985            6452
 267.5   219093  11214     2512       833      205       18809           14751           12065            7123
 268.5   222590  11921     2678       520      188       17477           15036           11915            6702
 269.5   221903  11580     2672       782      242       18328           15174           11786            6708
 270.5   223113  11663     2623       713      203       18688           15354           11712            6665
 271.5   226459  12100     2471       573      232       18343           14728           11676            6633
 272.5   218555  11950     2553       759      213       18263           15237           12110            6764
 273.5   221303  11730     2298       650      152       18565           15388           11231            6555
 274.5   219256  11640     2828       683      188       17660           14390           11689            6692
 275.5   222225  11310     2634       699      162       18669           14586           11575            6312
 276.5   219662  12317     2892       615      182       18989           14399           11020            6001
 277.5   218009  11390     2618       700      170       17759           14513           11518            6470
 278.5   215169  11580     2520       789      203       18156           14344           11714            5985
 279.5   214841  12200     2638       677      122       17843           15018           11129            6062
 280.5   214351  11581     2379       576      209       18586           14692           11117            6630
 281.5   216995  11780     2707       482      156       17681           14441           10798            6336
 282.5   217363  11700     2659       673      119       17234           14089           11276            6613
 283.5   211880  11940     2321       644      174       17053           14658           11553            5927
 284.5   212098  11710     2465       611      265       17037           14670           11289            6174
 285.5   213344  12040     2770       817      149       17388           14429           11406            5900
 286.5   214661  11780     2631       658      186       17775           14086           10184            6372
 287.5   209503  12300     2763       591      123       17227           13903           10770            6234
 288.5   209231  11480     2498       642      216       17421           14188           11084            5852
 289.5   207937  11840     2917       561      248       17770           14132           11193            6032
 290.5   215172  12220     2650       632      167       16918           13731           11480            5862
 291.5   210997  11530     2496       721      174       17373           13689           10709            5612
 292.5   211852  11830     2546       787      195       16599           14524           10552            6420
 293.5   211044  11990     2846       510      151       16519           14510           11059            6240
 294.5   210197  12620     2702       557      139       16914           13311           10131            5898
 295.5   204404  11630     2648       629      148       17761           13668           10922            6123
 296.5   203585  11750     2507       654      173       16541           13384           10874            5370
 297.5   203421  11830     2626       548      157       17006           13206           10475            5765
 298.5   203711  12180     2660       565      154       17019           13746           10245            5934
 299.5   205049  12630     2589       532      122       17467           13440           10815            5630
 300.5   205871  12120     2660       529      177       16793           13755           10231            5170
 301.5   202640  11567     2971       526      224       17445           13498           10435            4997
 302.5   203627  11370     2385       546      110       17609           12950           10649            5523
 303.5   205662  11901     2681       438       96       16640           12578           10544            5320
 304.5   197349  11407     2684       489      173       17099           13166            9793            5104
 305.5   204924  11470     2531       472      110       16924           12414            9983            5510
 306.5   199324  12723     2670       597      234       16457           13533           10310            5610
 307.5   201271  12191     2367       583       64       15822           13207           10136            5290
 308.5   196808  11770     2572       579      106       16595           13099           10260            4866
 309.5   200845  12250     2740       500      127       16543           12345           10133            5945
 310.5   199786  11920     2670       584      160       16086           12191            9523            5667
 311.5   195786  12050     2670       636      149       16460           12705            9877            5332
 312.5   201619  11650     2487       527       92       17034           12951           10200            5180
 313.5   197976  11420     2699       533       99       15682           12621           10031            5040
 314.5   194914  12760     2649       450       99       15667           13158            9822            5205
 315.5   196411  12030     2488       564      119       15483           12887           10012            4750
 316.5   195700  12250     2713       551      128       15450           12328            9453            4772
 317.5   195974  12550     2544       621      147       15125           12540            9511            4782
 318.5   194218  12660     2838       585      151       15946           12182            9729            4661
 319.5   191187  11690     2648       670      139       15812           12701            9437            4890
 320.5   194347  11340     2649       522      136       15964           12474            9149            4452
 321.5   188481  12130     2443       634       94       15718           11914           10230            4902
 322.5   188511  11931     2486       560      127       15954           12330            9158            4661
 323.5   194179  12820     2659       694       88       15432           12152            9715            4571
 324.5   188739  11900     2483       633      127       15398           11531            9678            4722
 325.5   191146  11960     2589       558      133       14976           12526            8970            4903
 326.5   192064  12183     2621       542       99       15606           11680            9167            4931
 327.5   186164  12050     2520       569      110       15317           12216            9675            4493
 328.5   185989  12180     2639       589      103       14406           11591            9143            4480
 329.5   189696  12390     2530       591       40       15170           11428            9132            4412
 330.5   188435  12023     2565       442       60       14702           12006            9301            4392
 331.5   189172  11840     2673       497      153       14630           12221            8852            4535
 332.5   184585  11570     2424       446      111       14547           11990            8775            4031
 333.5   184546  11840     2627       458       66       15354           11320            8983            4462
 334.5   182539  11860     2511       560      121       15146           11777            9135            4653
 335.5   185894  12050     2512       571       64       14245           11849            8680            4560
 336.5   186702  11990     2340       542      143       14844           12044            8823            3950
 337.5   183168  12570     2414       453      167       14335           11136            8873            4438
 338.5   182380  11860     2462       430       64       14204           11244            8982            4390
 339.5   178851  12140     2323       482      106       14521           11730            8362            4171
 340.5   180042  12110     2514       513       81       15140           10806            7997            4624
 341.5   174308  11640     2456       438      180       14385           11335            8317            4640
 342.5   181145  11947     2572       567       16       13768           11574            8633            3931
 343.5   178428  12000     2501       454       61       14302           11529            8465            3740
 344.5   183037  12010     2406       505      110       14850           11144            8210            3912
 345.5   177135  11390     2617       432       98       14484           10592            8618            4020
 346.5   174045  12030     2325       431       73       13833           10638            8571            4290
 347.5   176820  11620     2309       520      110       13767           11710            8154            4040
 348.5   175372  12050     2587       483       81       14066           10798            8342            4080
 349.5   180383  11830     2509       384       75       13771           11139            8145            3843
 350.5   174108  11678     2447       425       83       14069           11223            8564            3690
 351.5   174375  12080     2538       579      104       14543           10628            7998            3874
 352.5   174962  11601     2343       426       52       12923           11635            7575            3791
 353.5   175531  10800     2369       465      135       13944           11177            8058            3824
 354.5   170135  11402     2793       569       59       13944           10591            7845            3760
 355.5   170601  11191     2418       530       79       14147           10399            8343            3414
 356.5   166214  11570     2280       390       70       13410           10903            7653            3520
 357.5   169042  11120     2211       496       71       14080           10840            8352            3582
 358.5   169571  12060     2736       408      102       13795           10327            7869            3640
 359.5   163603  11350     2508       425       67       13021           10396            8241            3310
 360.5   165160  11870     2197       438       62       13153           10105            7361            3622
 361.5   167887  11170     2565       420       81       13035           10622            7872            3380
 362.5   167674  11400     2293       462      107       12893           10390            7583            3414
 363.5   169767  11203     2508       370       54       13138            9791            7099            3230
 364.5   170463  11430     2527       409       77       13514           10621            7463            3400
 365.5   163153  11640     2354       383       48       12959           10300            7280            3331
 366.5   158751  11280     2379       453      103       12309            9937            6969            3462
 367.5   162639  10992     2428       467      116       13048           10014            7645            3130
 368.5   161804  11633     2054       520       62       13170           10156            7085            3382
 369.5   161521  11360     2206       297       48       12466            9454            6860            3230
 370.5   162838  11350     2424       478       57       13018           10349            7122            3151
 371.5   156284  11110     2141       338       68       12440            9860            6896            3036
 372.5   163736  10800     2189       361       48       12565            9828            6769            2960
 373.5   159312  12010     2074       477       90       12348           10154            7136            3230
 374.5   157893  10950     2301       318       77       12147            9590            6862            2790
 375.5   157335  11300     2288       487       59       12528            9874            7239            2960
 376.5   158917  11230     2435       431       87       12399            8759            7089            2740
 377.5   160254  11110     2215       393       51       12137            9138            6571            3055
 378.5   153047  10990     2213       479       60       12265            9528            6976            2506
 379.5   156501  11241     2371       422       50       12588            9554            6953            2840
 380.5   154981  11150     2424       431       50       12141            9343            6857            2810
 381.5   149513  10937     2247       430       53       11866            8548            7166            3020
 382.5   146608  11590     2296       388      110       12158            8593            6356            2700
 383.5   151114  10540     2149       378       80       12117            9434            6384            2782
 384.5   151651  10640     2262       373       66       12275            8768            6510            2608
 385.5   153831  11421     2227       368       59       11546            8777            6382            2610
 386.5   151340  10650     2021       422       34       12157            8513            6435            2902
 387.5   148649  11050     2192       385       82       12050            8730            6121            2920
 388.5   151546  10190     2103       304       90       11581            8906            6013            3044
 389.5   148767  10634     2205       345       22       11654            8237            6356            2532
 390.5   149384  10650     2123       276       67       11691            8357            6100            2160
 391.5   147304  10710     2039       375       43       11819            8239            5975            2340
 392.5   147011  10510     2171       361       98       11875            8442            5890            2492
 393.5   144000  10110     2292       368       51       11619            8687            6071            2263
 394.5   143902  10760     2185       466       42       11560            8187            5526            2271
 395.5   141915  10720     2183       329       35       11233            7819            5560            2020
 396.5   144475  10070     2338       252       66       11500            8394            6012            2301
 397.5   146145   9980     2139       302       46       11253            8546            5900            2154
 398.5   142909  10500     1884       371       47       11636            7936            6048            2050
 399.5   144024  10760     2246       292       41       11254            8670            5459            2371
 400.5   140664  10090     1806       286       32       11147            8130            5440            2170
 401.5   142246  10200     2096       358       39       10971            7255            5300            2080
 402.5   139330  10441     2052       304       48       10949            7639            5561            1990
 403.5   141386  10030     2147       341       60       11354            7692            5535            2050
 404.5   142064  10420     1850       292       49       10687            8026            5390            1994
 405.5   136117   9780     1944       367       47       10924            7423            5321            2030
 406.5   137920   9840     1798       441       48       11211            7600            5632            1870
 407.5   137081   9950     1911       278       60       10321            7366            4933            1682
 408.5   136667   9950     2106       353       11       10672            7469            5230            2110
 409.5   134069  10320     1834       324       43        9948            7899            4960            1892
 410.5   134702  10780     1910       306       39       10415            7766            5276            1870
 411.5   133725  10280     1906       288       20       10207            7740            5154            1810
 412.5   136414   9890     1815       314       58       10403            7379            4973            1740
 413.5   132282  10482     2030       328       20       10150            7393            5211            2040
 414.5   132300   9780     1838       239       37        9979            7653            5223            2110
 415.5   131519   9950     1812       243       20        9531            7516            5250            1380
 416.5   130571   9930     1738       180       31       10127            7023            4813            1720
 417.5   127532  10060     1682       255       13       10341            6992            4934            1990
 418.5   132363  10000     1654       275        0        9947            6749            5080            1670
 419.5   125235   9680     1888       271       39        9972            6850            4662            1410
 420.5   129897   9541     1640       253       33        9615            7057            4663            1580
 421.5   126187   9570     1834       305       29        9428            6689            4831            1550
 422.5   130123   9607     1797       220       57        9545            7047            4341            1620
 423.5   127409   9470     1702       248       58        9187            7124            4970            1490
 424.5   125630   8770     1547       313       66        9468            6800            4252            1140
 425.5   121287   8940     1682       243       55        9114            6832            4654            1610
 426.5   122933   9300     1723       240       20        8919            6530            4661            1300
 427.5   121846   8870     1588       259       20        9700            6791            4470            1400
 428.5   123709   8920     1524       233       63        9837            6768            4490            1276
 429.5   121664   9200     1658       225       40        9937            6210            4170            1490
 430.5   121697   8740     1910       246       28        8988            6951            4281            1280
 431.5   119677   9190     1495       252       10        9263            6423            4161            1310
 432.5   119569   8931     1377       287        4        8880            6222            4001            1360
 433.5   124036   9510     1596       121       28        8900            6542            4509            1280
 434.5   116602   9060     1411       297       12        9102            6456            4010            1240
 435.5   116405   8760     1681       279       64        9244            6630            3951            1310
 436.5   117623   8290     1513       248       27        8761            5823            3688            1000
 437.5   116146   8600     1746       219       11        7886            5900            4141            1383
 438.5   114976   8660     1581       178       13        8138            6254            3961            1090
 439.5   118018   8660     1456       234        2        8617            5990            3520            1250
 440.5   114823   8300     1616       237       68        8431            5731            3650             992
 441.5   115513   8890     1646       208       13        8298            5980            3703             890
 442.5   112827   8011     1637       182       39        8226            6231            3711             990
 443.5   114259   8640     1602       214       20        8448            5987            3914            1070
 444.5   110923   8300     1554       168       23        8223            5831            3736             930
 445.5   112615   8480     1560       165       21        7958            5843            3570            1041
 446.5   111403   8610     1474       128       63        8366            5604            3301            1010
 447.5   109464   7737     1607       132       11        7927            5552            3480             970
 448.5   108091   7850     1376       291       12        7882            5604            3453             980
 449.5   112082   8410     1518       213       19        7877            5580            3581             940
 450.5   109838   8300     1533       239       28        8299            5743            3749             910
 451.5   108032   8100     1438       196       11        7632            5293            3368             930
 452.5   107810   8160     1336       282        9        8161            4959            3487             810
 453.5   104244   8430     1394       220       12        8187            5220            3222             890
 454.5   105313   7880     1251       186       48        8327            5120            3289             850
 455.5   106460   7940     1360       140       18        7834            5320            3279             830
 456.5   104628   7870     1371       172       18        7417            5082            3336             850
 457.5   102426   7693     1337       223       36        7499            4835            2903             802
 458.5   100547   7756     1301       127       38        7561            5074            3170             854
 459.5    99194   7300     1311       198       21        7220            4766            2950             660
 460.5    98931   7392     1192       231        3        7090            5384            3060             790
 461.5    99621   7220     1141       148       28        7454            4668            2791             883
 462.5   102079   7590     1294       103       29        7281            4791            3160             590
 463.5    97388   7320     1156       190       12        7042            4936            3152             610
 464.5   100637   7400     1199       124       20        7335            4872            3278             660
 465.5    99169   7110     1280       135       21        7067            4908            2779             670
 466.5    99886   7420     1213       154       20        7257            4594            2730             582
 467.5    96423   7460     1123       167       20        7131            4748            2996             690
 468.5    96678   7140      978       163       20        6581            4674            2940             570
 469.5    95661   7370     1159       164        2        6888            4834            2601             470
 470.5    93453   7240      980        97        9        6464            4554            2701             511
 471.5    95667   7027     1213       124       19        6633            4300            2630             730
 472.5    94801   7020     1303       138       31        6717            4520            2660             490
 473.5    91337   7160     1063        95        2        6595            4565            2850             600
 474.5    93759   6890     1015       170        1        6680            4224            2410             520
 475.5    90182   6540     1130        95       11        6529            4061            2450             520
 476.5    94556   6760      941       106        6        6710            3976            2588             442
 477.5    89678   6340     1093       141       20        6241            4012            2240             441
 478.5    89334   6630     1109       114       38        6336            4360            2413             330
 479.5    88491   6640     1145       110       10        6740            4116            2420             490
 480.5    85210   6630     1029       121       10        6147            3712            2141             380
 481.5    90524   6590     1067        81       22        6102            3780            2302             440
 482.5    90326   7000      961        56       10        6292            4014            2431             370
 483.5    91231   6530     1072       114        9        6337            3904            2228             360
 484.5    88707   6480      854       116       12        6344            4012            2431             280
 485.5    86620   6500      866       131        0        6084            3480            2261             290
 486.5    86254   6563      818        59       10        5992            3703            2022             290
 487.5    82854   6160      954       103        0        6090            3715            1870             380
 488.5    83070   5850     1082       131       10        5970            3480            2031             312
 489.5    83338   6210      905        85        9        6268            3550            2100             240
 490.5    81426   5730      929        72       47        5956            3420            1930             210
 491.5    82531   6040      984        67       18        6024            3392            1891             340
 492.5    80528   5720      865        81        2        5784            3642            1820             320
 493.5    81253   5870      947       102       10        5385            3406            2086             250
 494.5    79438   5750      987        58       10        5271            3350            1851             190
 495.5    75536   5580      918        72       10        5495            3591            1750             210
 496.5    77442   5863      758        90        1        5460            3310            1740             310
 497.5    77486   5811      728        74        9        5479            3421            1898             280
 498.5    77646   5667      651        81        1        5115            3170            1856             200
 499.5    78471   5482      828        76        3        4804            3205            1750             190
 500.5    72997   5420      784        24        4        4896            2906            1511             222
 501.5    74712   5430      747        79        1        5191            3682            1450             330
 502.5    78273   5120      818        84       10        5070            3049            1848             140
 503.5    71249   5620      628        54        0        4929            3103            1728             180
 504.5    72887   5220      737        60       11        4817            3032            1630             140
 505.5    70668   5170      722        89        3        4865            2860            1470             152
 506.5    71874   5350      604        69       11        5031            2921            1602             170
 507.5    70179   5100      711        84       10        5233            2990            1460             130
 508.5    74636   5020      706        40        0        4964            2764            1398             200
 509.5    74488   5230      577        73        1        4306            2820            1350             100
 510.5    72427   5010      760        40        0        4678            2690            1200             160
 511.5    71782   4960      624        58       10        4660            2730            1440             140
 512.5    72426   5060      615        48        1        4695            3080            1371             110
 513.5    69169   4867      581        31        1        4333            2670            1530             100
 514.5    67308   4600      736        38        3        4810            2750            1171             110
 515.5    67655   4730      551        40       10        4440            2147            1366             150
 516.5    65394   4770      624        16        9        4298            2843            1370             170
 517.5    66505   4900      601        44        9        4071            2121            1240             100
 518.5    68677   4590      648        64        0        4162            2424            1130             100
 519.5    67314   4410      477        44        9        4140            2447            1320              50
 520.5    65375   4261      567        13        0        4214            2390             962              60
 521.5    63341   4370      637        31       11        3760            2373             881             100
 522.5    64437   4620      561        25        1        4037            2224            1200              60
 523.5    62383   4830      450        18       18        4224            2270            1080              60
 524.5    61609   4510      513        21        1        4210            2220            1088              80
 525.5    58580   4170      524        20       11        3843            2030            1016              90
 526.5    60363   4300      500        73        1        3780            2280             900              20
 527.5    60610   4170      482        19       11        3482            1993             810              50
 528.5    58896   4310      512        51       11        3620            2340             990              50
 529.5    58900   3520      500        29        1        3861            2020             841              40
 530.5    57278   4430      635        30        0        3763            2180             832              10
 531.5    57354   4290      437        23        9        3630            1914             860              50
 532.5    55533   4053      414        32       10        3320            1970             940              60
 533.5    55212   3890      324        29       19        3320            1940             721              50
 534.5    56560   3830      471        21        9        3783            1760             750              20
 535.5    54520   3540      386        18        2        3174            2102             800              10
 536.5    55054   3837      385        12       18        3520            1610             660              40
 537.5    51735   3660      318        50        0        3180            1802             780              20
 538.5    54957   3480      488        34       10        3284            1670             720              50
 539.5    54089   3690      452        23        2        3501            1683             760              40
 540.5    51598   3640      422         1        0        3320            1610             740              20
 541.5    50674   3251      423        47       11        3326            1730             631              20
 542.5    51576   3720      356        22        0        3462            1646             640              10
 543.5    52930   3390      401        10        0        2950            1322             480              10
 544.5    52235   3670      313        48        0        2982            1579             700               0
 545.5    49415   3582      292        20        1        3123            1560             620               0
 546.5    50490   3540      366        11        0        2840            1614             710               0
 547.5    47911   3020      266        46        0        3012            1370             550              10
 548.5    46593   2960      243        10        0        3181            1666             450               0
 549.5    48464   3280      326         0        0        3045            1321             600              10
 550.5    46761   2990      235         9        0        2757            1390             410               0
 551.5    48461   3050      252        19        0        2559            1362             620               0
 552.5    45514   2960      289         9        0        2456            1230             440              10
 553.5    46461   3040      328        10        0        2413            1430             453               0
 554.5    44575   2760      316         4        9        2630            1310             290              10
 555.5    44320   2650      303        21        9        2570            1110             392              10
 556.5    44901   2520      291        11        9        2505            1154             500               0
 557.5    44955   2920      279        19        1        2481            1120             380               0
 558.5    43794   2790      107         0        0        2387             970             360              10
 559.5    42144   2820      260        19        1        2304            1050             300               0
 560.5    42395   2680      216         0        0        2074            1210             360               0
 561.5    42011   2640      208         1        0        2380            1070             370               0
 562.5    41612   2370      175        18       10        2254            1120             330               0
 563.5    40698   2410      220         9        1        2280             880             330               0
 564.5    38245   2420      213        10        0        2180             980             350               0
 565.5    38251   2060      215        20        0        2222            1130             420               0
 566.5    39630   2540      271         0        0        2240            1000             390               0
 567.5    37721   2280      186        19        1        1983             940             341               0
 568.5    38583   2173      170        10        0        2030             890             230               0
 569.5    41499   2250      241        10        9        2109             850             280               0
 570.5    38071   2260      151         2        1        1950             851             191               0
 571.5    36765   2380      194         3        0        1804             716             210               0
 572.5    36294   2160      148         0        0        2033             630             260              10
 573.5    35103   2130       86         1        0        1900             800             130               0
 574.5    36164   2080      104         9        0        2026             732             230               0
 575.5    35294   2107      133         0        1        1840             720             160               0
 576.5    34621   1710      119         1        0        1623             660             210               0
 577.5    34467   1780      158         0        9        1844             710             200               0
 578.5    33215   2161      113        18        0        1800             810             221               0
 579.5    33225   1660      144         0        0        1810             570             170               0
 580.5    33476   1910      116         0        0        1590             580             190               0
 581.5    31140   1670      144         0        0        1560             580             120               0
 582.5    30964   1350       75         0        1        1546             670             150               0
 583.5    32026   1770      106         0        0        1525             740              90               0
 584.5    30111   1450      127         0        0        1564             590             148               0
 585.5    30970   1760      121         0        0        1540             580             130               0
 586.5    30639   1560       69        11        0        1400             420             110               0
 587.5    28726   1650       86         1        0        1431             490              70              10
 588.5    29885   1680       72         0        0        1410             590             120               0
 589.5    27531   1390       81         0        0        1250             540              80               0
 590.5    28111   1450       87         0        0        1410             500              50               0
 591.5    28924   1440       69         9        0        1100             420              30               0
 592.5    26617   1550       80         0        9        1220             470             120               0
 593.5    28218   1450       43         1        0        1310             360              80               0
 594.5    26550   1130       56         0        9        1460             450              70               0
 595.5    26366   1250       59         9        0        1130             420              80               0
 596.5    26022   1200       18         0        0        1270             290              30               0
 597.5    24868   1350       57         9        0        1235             350              30               0
 598.5    25189   1160       49         0        0        1300             450              60               0
 599.5    25093   1180       39         0        0        1186             440              80               0
 600.5    23610   1370       11         0        0        1050             320              50               0
 601.5    23101   1340       48         0        0        1040             260              30               0
 602.5    22770   1190       29         0        0        1160             330             110               0
 603.5    22798   1100       95         0        0         974             250              20               0
 604.5    22524   1150       58         0        0         890             230              30               0
 605.5    23092   1010       12         0        0        1000             200              20               0
 606.5    20587   1200       31         0        0         910             200               0               0
 607.5    21067   1110       19         0        0         750             240              20               0
 608.5    20030    730       30         0        0         792             310               0               0
 609.5    19807    840       18         0        0         740             190              20               0
 610.5    19744   1040       38         0        0         780             210              20               0
 611.5    19693    720       22         0        0         960             140              40               0
 612.5    19727    790       11         0        0         881             170              20               0
 613.5    19553    740        9         0        0         771             170              10               0
 614.5    17475    670       10         0        0         580             190              10               0
 615.5    18950    780       11         0        0         870             150              10               0
 616.5    17182    710        0         0        0         690             130               0               0
 617.5    17553    720       12         0        0         670             150              20               0
 618.5    17334    620        0         0        0         610             110              10               0
 619.5    16946    530       11         0        0         640             140               0               0
 620.5    17153    480       11         0        0         693              40               0               0
 621.5    14879    530        9         0        0         571             180              10               0
 622.5    16606    550        9         0        0         530             110               0               0
 623.5    15240    650        1         0        0         580             100               0               0
 624.5    15725    550       19         9        0         490             160               0               0
 625.5    14950    420       18         0        0         520              50               0               0
 626.5    14920    550        1         0        0         530              90               0               0
 627.5    14320    470        0         0        0         550              80               0               0
 628.5    13366    460        0         0        0         560             110               0               0
 629.5    13516    430        0         0        0         580              80               0               0
 630.5    12746    390        1         0        9         410              80               0               0
 631.5    14410    510        0         0        0         360             120               0               0
 632.5    12290    310        0         0        0         413              30               0               0
 633.5    12783    410        0         0        0         420              40               0               0
 634.5    11885    380        0         0        0         460              30               0               0
 635.5    11385    370        1         0        0         260              20               0               0
 636.5    11512    340        0         0        0         430              10               0               0
 637.5    11176    261        0         0        0         320              30               0               0
 638.5    10673    190        0         0        0         260              30               0               0
 639.5    10297    260        1         0        0         260              30               0               0
 640.5     9121    340        0         0        0         323              10               0               0
 641.5    10746    260        1         0        0         320              10              10               0
 642.5     9490    200        0         0        0         190              20               0               0
 643.5     8782    150        0         0        0         240               0               0               0
 644.5    10469    190        0         0        0         260              30               0               0
 645.5     9427    210        0         0        0         161              10               0               0
 646.5     8958    200        0         0        0         111              30               0               0
 647.5     7797    270        0         0        0         293              20               0               0
 648.5     9103    130        0         0        0         190              10               0               0
 649.5     8369    170        0         0        0         260               0               0               0
 650.5     7498    110        0         0        0         210              10               0               0
 651.5     6452    140        0         0        0         150              10               0               0
 652.5     6314    110        0         0        0         150               0               0               0
 653.5     7644    140        0         0        0         220               0               0               0
 654.5     7319    110        0         0        0          80               0               0               0
 655.5     6004     90        0         0        0          80               0               0               0
 656.5     6384    100        0         0        0         140               0               0               0
 657.5     6288    110        0         0        0         120              10               0               0
 658.5     6500     70        0         0        0         130               0               0               0
 659.5     6311     50        0         0        0         120               0               0               0
 660.5     5970     70        0         0        0         102               0               0               0
 661.5     5744     40        0         0        0          70               0               0               0
 662.5     5305     30        0         0        0          40               0               0               0
 663.5     4523     50        0         0        0         120               0               0               0
 664.5     4938     70        0         0        0         110               0               0               0
 665.5     4648     40        0         0        0          10               0               0               0
 666.5     4047     40        0         0        0          30               0               0               0
 667.5     3699     40        0         0        0         100               0               0               0
 668.5     4087     30        0         0        0          40               0               0               0
 669.5     4316     30        0         0        0          40               0               0               0
 670.5     3593     30        0         0        0          50               0               0               0
 671.5     3923     20        0         0        0          40               0               0               0
 672.5     3610     20        0         0        0          40               0               0               0
 673.5     2979     30        0         0        0          30               0               0               0
 674.5     3000     10        0         0        0          70               0               0               0
 675.5     2969     10        0         0        0          40               0               0               0
 676.5     3165     10        0         0        0           0               0               0               0
 677.5     2760     20        0         0        0          40               0               0               0
 678.5     2743     10        0         0        0          10               0               0               0
 679.5     2771     10        0         0        0          20               0               0               0
 680.5     1885     20        0         0        0          10               0               0               0
 681.5     2161      0        0         0        0           0               0               0               0
 682.5     2789      0        0         0        0          30               0               0               0
 683.5     2254      0        0         0        0          10               0               0               0
 684.5     2128      0        0         0        0           0               0               0               0
 685.5     1863      0        0         0        0           0               0               0               0
 686.5     1521      0        0         0        0           0               0               0               0
 687.5     1273     10        0         0        0           0               0               0               0
 688.5     1952      0        0         0        0           0               0               0               0
 689.5     2024      0        0         0        0           0               0               0               0
 690.5     1366      0        0         0        0           0               0               0               0
 691.5     1127      0        0         0        0           0               0               0               0
 692.5     1156      0        0         0        0           0               0               0               0
 693.5     1061      0        0         0        0           0               0               0               0
 694.5      773      0        0         0        0           0               0               0               0
 695.5      888      0        0         0        0           0               0               0               0
 696.5      762      0        0         0        0           0               0               0               0
 697.5      893      0        0         0        0           0               0               0               0
 698.5      653      0        0         0        0           0               0               0               0
 699.5      458      0        0         0        0           0               0               0               0
 700.5      591      0        0         0        0           0               0               0               0
 701.5      580      0        0         0        0           0               0               0               0
 702.5      531      0        0         0        0           0               0               0               0
 703.5      282      0        0         0        0           0               0               0               0
 704.5      366      0        0         0        0           0               0               0               0
 705.5      376      0        0         0        0           0               0               0               0
 706.5      534      0        0         0        0           0               0               0               0
 707.5      312      0        0         0        0           0               0               0               0
 708.5      237      0        0         0        0           0               0               0               0
 709.5      366      0        0         0        0           0               0               0               0
 710.5      280      0        0         0        0           0               0               0               0
 711.5      476      0        0         0        0           0               0               0               0
 712.5        0      0        0         0        0           0               0               0               0
 713.5        0      0        0         0        0           0               0               0               0
 714.5        0      0        0         0        0           0               0               0               0
