#Pt    X    Y     Z        Dist  
			     
P01    0    0    4.8       4.8  
P02    0    0    6.8       6.8  
P03    0    0    9.8       9.8  
P04    0    0   12.8      12.8  
P05    0    5   12.8      13.74 
P06    0   10   12.8      16.24 
P07   14    0   12.8      18.97 
P08    0    0   22.8      22.8  
P09    0   20   12.8      23.75 
P10    0   30   12.8      32.62 
P11    0    0   32.8      32.8  
P12    0    0   40        40    
P13    0    0   50        50    
P14    0    0   60        60    




#Pt     Dist   pC/ug/h     pC/ug/h        cGy/h     cGy/h        W(eV/par)  W(eV/par)
#               medida     simu          medida     simu          medida     simu
#(1)    (2)       (3)      (6)            (4)      (7)             (5)         (8)
                                                                   
P01     4.8    10.399      5.94799       12.02890  16.5939         11.5674    27.8983
P02     6.8     5.4056     2.75904        6.25310   7.6965         11.5678    27.8956        
P03     9.8     2.1957     1.14704        2.54044   3.19941        11.5701    27.8928        
P04    12.8     1.5537     0.579761       1.79468   1.61708        11.551     27.8922        
P05    13.74    1.3897     0.458266       0.63231   1.27786         4.5499    27.8847        
P06    16.24    0.99057    0.289765       0.37972   0.807686        3.8333    27.8738        
P07    18.97    0.58233    0.193522       1.60764   0.539146       27.607     27.8597        
P08    22.8     0.5434     0.101127       1.14593   0.281653       21.0881    27.8514        
P09    23.75    0.67227    0.0890375      0.77761   0.247911       11.5669    27.8434        
P10    32.62    0.23636    0.0288222      0.27342   0.0802152      11.5679    27.831         
P11    32.8     0.32773    0.0281025      0.67363   0.0781987      20.5544    27.8262        
P12    40                  0.0125503                0.0348737                 27.7871     
P13    50                  0.00464424               0.0128905                 27.7559     
P14    60                  0.00193008               0.0053497                 27.7175 



#Pt     Dist   pC/ug/h     pC/ug/h        cGy/h     cGy/h        W(eV/par)   W(eV/par)       compt        phot        Rayl        ExcitRotat Ionisation  Elastic   DissocNeutr ExcitVibrat   Excitation   Attachment   
#               medida     simu          medida     simu          medida      simu
#(1)    (2)       (3)      (6)            (4)      (7)             (5)         (8)
                                                                                     
P01     4.8    10.399      5.94799       12.02890  16.5939         11.5674    27.8983	 0.000200532    0.000594698  0.000116026   154.358    0.597169    89.3109   0.288704    2.94581       0.0692926    0.0372965  
P02     6.8     5.4056     2.75904        6.25310   7.6965         11.5678    27.8956    9.3766e-05     0.000275458  5.19239e-05   71.6181    0.277004    41.4405   0.133943    1.3666        0.0321125    0.0172979  
P03     9.8     2.1957     1.14704        2.54044   3.19941        11.5701    27.8928    3.90018e-05    0.000114442  2.22818e-05   29.7881    0.115161    17.2369   0.0556419   0.568317      0.0133622    0.00719827 
P04    12.8     1.5537     0.579761       1.79468   1.61708        11.551     27.8922    1.98805e-05    5.74914e-05  1.09176e-05   15.0489    0.0582071   8.70763   0.0281513   0.287081      0.00676591   0.00363208 
P05    13.74    1.3897     0.458266       0.63231   1.27786         4.5499    27.8847    1.62794e-05    4.54224e-05  9.24346e-06   11.8995    0.0460093   6.88529   0.0222213   0.226969      0.00532455   0.00287015 
P06    16.24    0.99057    0.289765       0.37972   0.807686        3.8333    27.8738    1.03718e-05    2.8455e-05   5.79628e-06   7.5205     0.0290919   4.35152   0.0140502   0.143479      0.00337397   0.00181406 
P07    18.97    0.58233    0.193522       1.60764   0.539146       27.607     27.8597    6.71071e-06    1.89997e-05  3.59095e-06   5.02316    0.0194293   2.90641   0.00938075  0.0958497     0.00224814   0.00121331 
P08    22.8     0.5434     0.101127       1.14593   0.281653       21.0881    27.8514    3.64677e-06    9.86414e-06  2.06358e-06   2.62431    0.010153    1.51847   0.00490186  0.05007       0.00117875   0.000633061
P09    23.75    0.67227    0.0890375      0.77761   0.247911       11.5669    27.8434    3.30381e-06    8.61041e-06  1.75136e-06   2.31095    0.00893924  1.33719   0.00431257  0.0440743     0.00103835   0.000558774
P10    32.62    0.23636    0.0288222      0.27342   0.0802152      11.5679    27.831     1.12404e-06    2.7429e-06   5.59552e-07   0.748112   0.00289371  0.432863  0.00139588  0.0142679     0.000335616  0.000180699
P11    32.8     0.32773    0.0281025      0.67363   0.0781987      20.5544    27.8262    1.03731e-06    2.6673e-06   5.7347e-07    0.729343   0.00282144  0.421971  0.00136068  0.0139091     0.000327776  0.000176039     
