# z   Dose           Ionis        Dissoc          Elastic      Rotat       Excitation   Vibrat      Attachment   cputime   
# 05   5.83293e-13    0.550309     0.252966        46.6998      53.999      0.0571765    6.91066     0.0590305 	 00:20:54  
# 10   1.12612e-13    0.106281	   0.0488937 	  9.02791      10.4414 	   0.0110666 	1.3364 	    0.0113825 	 00:24:13  
# 15   4.02171e-14    0.0379728    0.0174425 	  3.22229      3.72692 	   0.0039555 	0.476984    0.00406625 	 00:31:36  
# 20   1.66657e-14    0.0157439    0.00723181 	  1.33544      1.54417 	   0.00163499 	0.197648    0.00168728 	 00:45:58  
# 25   7.85464e-15    0.0074213    0.00340752 	  0.629859     0.7285 	   0.000773232 	0.0932591   0.000794611	 01:14:57  
# 30   4.30721e-15    0.00407215   0.00186915 	  0.345475     0.399474    0.000423024 	0.0511317   0.000437131	 02:05:26  
# 35   2.24628e-15    0.00212498   0.000975699	  0.180175     0.208336    0.000220496 	0.0266692   0.000227771	 03:30:19  
# 40   1.34020e-15    0.00126848   0.000581267	  0.107572     0.124373    0.000131645 	0.0159268   0.000135673	 06:00:08  

  05   5.80459e-13    0.547492     0.252001       46.4366      53.6992     0.0569157    6.87374     0.058722 
  10   1.15724e-13    0.109198 	   0.0502319 	  9.26049      10.7095 	   0.0113566 	1.37084     0.0117063 
  20   1.65923e-14    0.0156707    0.00720448 	  1.329        1.53694 	   0.00162879 	0.196734    0.00168053 
  30   4.17441e-15    0.00394602   0.00181237 	  0.334624     0.386991	   0.000410219	0.0495359   0.00042306 
  40   1.33402e-15    0.00126268   0.000579231	  0.107084     0.123846	   0.000131211	0.0158519   0.000135424

