
#       X     Y     Z    Dist     pC        pC/ug/h    pC/ug/h      pC/ug/h
# (1)  (2)   (3)   (4)    (5)     (6)        (7)        (8)           (9)

  P1     0    0    4.8    4.8    19.83952   9.91976	8.26647	    5.88337  
  P2     0    0    6.8    6.8    10.31337   5.15669	4.29724	    2.97927  
  P3     0    0    9.8    9.8    4.29860    2.1493	1.79108	    1.1188   
  P4     0    0   12.8   12.8    2.97241    1.4862	1.2385	    0.568716 
  P5     0    5   12.8   13.74   2.65152    1.32576	1.1048	    0.434626 
  P6     0   10   12.8   16.24   2.01998    1.00999	0.841658    0.295769 
  P7    14    0   12.8   18.97   1.11103    0.555515	0.462929    0.176159 
  P8     0    0   22.8   22.8    1.04289    0.521445	0.434538    0.103627 
  P9     0   20   12.8   23.75   1.28253    0.641265	0.534388    0.0893146
  P10    0   30   12.8   32.62   0.45096    0.22548	0.1879	    0.0279748
  P11    0    0   32.8   32.8    0.62627    0.313135	0.260946    0.0272434

