# plot 'f' u 1:2 w histe,'f' u 1:3 w histe, 'f' u 1:4 w histe, 'f' u 1:5 w histe, 'f' u 1:6 w histe, 'f' u 1:7 w histe, 'f' u 1:8 w histe, 'f' u 1:9 w histe, 'f' u 1:10 w histe, 'f' u 1:12 w histe
0 0.235181 0.213703 0.190398 0.164885 0.136881 0.106644 0.0757854 0.0477149 0.0262049 0.0126591 0.00552486
1 0.198047 0.18308 0.165941 0.146197 0.12347 0.0978632 0.0707509 0.0453173 0.0253196 0.0124434 0.00552486
2 0.147357 0.140308 0.130989 0.118866 0.103401 0.084415 0.0628597 0.041471 0.0238658 0.0120809 0.00552486
3 0.106686 0.104917 0.101164 0.0948146 0.0851857 0.0718272 0.0552418 0.0376414 0.022373 0.0116969 0.00552486
4 0.0766255 0.0778906 0.0776315 0.0752074 0.0698434 0.0608726 0.048392 0.0340836 0.02094 0.0113162 0.00552486
5 0.0560545 0.0587893 0.0604543 0.0604264 0.0578986 0.0520643 0.042704 0.0310325 0.0196709 0.0109679 0.00552486
6 0.0423798 0.045708 0.0483355 0.0496833 0.048955 0.0452704 0.0381845 0.0285352 0.0186009 0.0106654 0.00552486
7 0.0272315 0.0306982 0.033931 0.0364544 0.0375444 0.0362887 0.0319928 0.0249893 0.0170262 0.010204 0.00552486
8 0.0204531 0.0237264 0.0269865 0.0298353 0.0316197 0.0314496 0.0285317 0.022933 0.0160788 0.00991603 0.00552486
9 0.0168576 0.0199372 0.0231194 0.0260589 0.0281565 0.0285518 0.0264084 0.0216407 0.015469 0.00972616 0.00552486
10 0.0139105 0.0167709 0.019825 0.0227792 0.0250903 0.0259362 0.0244546 0.0204285 0.0148858 0.00954105 0.00552486
11 0.0110223 0.0136017 0.0164572 0.0193548 0.0218205 0.0230872 0.0222809 0.0190509 0.0142088 0.00932157 0.00552486
12 0.00831092 0.0105495 0.0131298 0.0158838 0.0184201 0.0200475 0.0199014 0.0175036 0.0134287 0.00906205 0.00552486
13 0.00595321 0.00781313 0.010054 0.0125755 0.0150783 0.0169672 0.017415 0.0158365 0.0125618 0.0087647 0.00552486
14 0.00428513 0.00581188 0.00772877 0.0099902 0.0123788 0.0143952 0.015269 0.014349 0.0117624 0.00848122 0.00552486
15 0.0032949 0.00458782 0.00626343 0.00831167 0.0105732 0.0126228 0.0137455 0.0132613 0.0111602 0.00826125 0.00552486
16 0.0028823 0.00406737 0.00562769 0.00756861 0.00975764 0.011806 0.0130293 0.0127396 0.0108655 0.00815146 0.00552486
17 0.00281157 0.00397743 0.00551693 0.00743812 0.00961326 0.0116603 0.0129004 0.012645 0.0108117 0.00813124 0.00552486
18 0.00268779 0.00381948 0.00532176 0.00720735 0.00935704 0.0114007 0.0126702 0.0124753 0.0107147 0.00809471 0.00552486
19 0.00224572 0.00324914 0.00460917 0.00635547 0.00840068 0.0104211 0.0117914 0.0118206 0.0103365 0.00795055 0.00552486
20 0.00187438 0.00276134 0.00398864 0.00560014 0.0075373 0.00952058 0.010969 0.0111967 0.00996952 0.00780814 0.00552486
21 0.00156198 0.00234346 0.00344731 0.00492915 0.00675627 0.00869106 0.0101975 0.0106007 0.00961253 0.00766707 0.00552486
22 0.00130263 0.00199016 0.00298124 0.00434085 0.00605891 0.00793681 0.00948316 0.0100388 0.00926973 0.00752912 0.00552486
23 0.00109633 0.00170411 0.00259713 0.00384733 0.00546345 0.00728126 0.00885118 0.0095327 0.00895553 0.00740041 0.00552486
24 0.000931294 0.00147139 0.00227934 0.0034321 0.00495397 0.00671086 0.00829199 0.00907736 0.00866802 0.00728066 0.00552486
25 0.000742678 0.00120024 0.00190186 0.00292927 0.00432496 0.00599287 0.00757433 0.00848152 0.00828443 0.00711774 0.00552486
26 0.000601215 0.000992375 0.00160607 0.00252651 0.00380995 0.005392 0.00696043 0.00796054 0.00794161 0.00696891 0.00552486
27 0.000520464 0.000871566 0.00143104 0.00228388 0.0034941 0.00501684 0.00657023 0.00762343 0.0077158 0.00686912 0.00552486
28 0.000470952 0.000796577 0.00132105 0.00212953 0.00329069 0.00477225 0.0063127 0.0073982 0.00756307 0.00680079 0.00552486
29 0.000438533 0.000747053 0.00124779 0.00202582 0.00315285 0.00460507 0.00613515 0.00724159 0.00745596 0.00675246 0.00552486
30 0.000413778 0.000708989 0.00119111 0.00194507 0.00304482 0.0044732 0.0059942 0.00711645 0.00736981 0.00671334 0.00552486
31 0.000391379 0.000674353 0.00113925 0.00187076 0.00294483 0.00435045 0.00586224 0.00699862 0.00728823 0.00667608 0.00552486
32 0.000370749 0.000642276 0.00109095 0.00180117 0.00285069 0.00423424 0.00573662 0.00688585 0.00720973 0.00664003 0.00552486
33 0.000342457 0.000597991 0.00102382 0.00170382 0.0027181 0.00406947 0.00555733 0.0067238 0.00709617 0.00658753 0.00552486
34 0.000310628 0.000547729 0.00094696 0.00159136 0.00256357 0.00387574 0.00534466 0.00652988 0.00695906 0.00652358 0.00552486
35 0.000282335 0.000502618 0.000877307 0.00148845 0.00242081 0.00369503 0.00514435 0.00634546 0.00682741 0.00646157 0.00552486
36 0.000257579 0.000462774 0.000815207 0.00139584 0.00229112 0.00352932 0.00495894 0.00617315 0.00670324 0.00640255 0.00552486
37 0.000235771 0.000427356 0.000759506 0.00131202 0.00217268 0.0033766 0.00478652 0.00601146 0.00658568 0.00634616 0.00552486
38 0.000217498 0.000397429 0.00071204 0.00123999 0.00207002 0.00324312 0.00463454 0.00586773 0.00648028 0.00629517 0.00552486
39 0.000201584 0.000371158 0.000670045 0.00117576 0.00197777 0.00312222 0.0044958 0.00573548 0.00638255 0.00624752 0.00552486
40 0.000186848 0.000346648 0.000630566 0.00111491 0.00188971 0.00300593 0.00436134 0.00560635 0.00628638 0.00620027 0.00552486
41 0.000173881 0.000324919 0.000595306 0.00106017 0.00180989 0.00289975 0.00423765 0.00548667 0.00619659 0.00615583 0.00552486
42 0.000160913 0.000303028 0.000559517 0.00100419 0.00172766 0.00278953 0.00410829 0.00536057 0.00610128 0.00610831 0.00552486
43 0.000145588 0.000276926 0.000516465 0.000936242 0.00162696 0.00265337 0.00394707 0.00520201 0.00598037 0.00604748 0.00552486
44 0.000125548 0.000242369 0.000458761 0.000844045 0.00148863 0.00246399 0.00372004 0.00497595 0.00580583 0.00595858 0.00552486
45 0.000109633 0.000214535 0.000411617 0.000767643 0.00137236 0.00230254 0.00352372 0.00477767 0.00565056 0.00587836 0.00552486
46 9.78448e-05 0.000193657 0.000375811 0.000708885 0.00128181 0.00217522 0.00336697 0.00461737 0.00552345 0.00581187 0.00552486
47 9.13611e-05 0.000182068 0.000355753 0.000675666 0.00123015 0.00210192 0.00327589 0.00452337 0.00544823 0.00577215 0.00552486
48 8.90034e-05 0.000177834 0.000348389 0.000663413 0.001211 0.00207462 0.0032418 0.00448803 0.00541981 0.00575708 0.00552486
49 8.8414e-05 0.000176774 0.000346542 0.000660334 0.00120619 0.00206774 0.0032332 0.00447909 0.00541261 0.00575326 0.00552486
50 8.66457e-05 0.000173589 0.000340986 0.000651062 0.00119165 0.00204696 0.00320718 0.00445202 0.00539079 0.00574165 0.00552486
51 8.07515e-05 0.000162924 0.000322299 0.000619733 0.00114233 0.00197611 0.00311806 0.00435892 0.00531536 0.00570134 0.00552486
52 7.6036e-05 0.000154336 0.000307153 0.000594173 0.00110183 0.00191754 0.00304391 0.00428094 0.00525178 0.00566714 0.00552486
53 7.13206e-05 0.000145694 0.000291817 0.000568133 0.0010603 0.00185713 0.00296695 0.0041995 0.00518496 0.00563097 0.00552486
54 6.66052e-05 0.000136996 0.000276278 0.000541571 0.00101767 0.00179469 0.00288687 0.0041142 0.00511451 0.00559259 0.00552486
55 6.24792e-05 0.000129334 0.000262499 0.000517862 0.000979361 0.00173821 0.00281396 0.00403603 0.00504952 0.00555694 0.00552486
56 5.84711e-05 0.000121842 0.000248939 0.000494377 0.000941166 0.00168153 0.00274032 0.00395654 0.004983 0.00552021 0.00552486
57 5.46399e-05 0.000114632 0.000235802 0.000471472 0.000903665 0.00162551 0.00266703 0.00387691 0.00491592 0.00548293 0.00552486
58 5.10444e-05 0.000107821 0.000223304 0.000449534 0.000867501 0.00157112 0.00259539 0.00379855 0.00484945 0.00544574 0.00552486
59 4.77436e-05 0.000101525 0.000211676 0.000428983 0.000833394 0.00151947 0.00252691 0.00372313 0.00478504 0.00540945 0.00552486
60 4.45017e-05 9.52989e-05 0.000200097 0.000408379 0.000798965 0.00146698 0.00245683 0.00364541 0.00471822 0.00537155 0.00552486
61 4.15546e-05 8.95996e-05 0.000189424 0.000389253 0.000766784 0.00141757 0.00239041 0.00357124 0.004654 0.00533487 0.00552486
62 3.88432e-05 8.43204e-05 0.00017947 0.000371296 0.000736361 0.00137054 0.00232675 0.00349968 0.00459162 0.00529899 0.00552486
63 3.55424e-05 7.78433e-05 0.000167162 0.000348917 0.000698152 0.00131102 0.00224555 0.00340767 0.00451079 0.00525214 0.00552486
64 3.21238e-05 7.1071e-05 0.00015417 0.000325071 0.000657048 0.00124637 0.00215653 0.00330584 0.00442047 0.00519929 0.00552486
65 2.93534e-05 6.55303e-05 0.000143439 0.000305183 0.000622439 0.00119142 0.00208012 0.00321759 0.00434145 0.00515262 0.00552486
66 2.74673e-05 6.17281e-05 0.000136017 0.00029132 0.000598124 0.0011525 0.00202558 0.00315412 0.00428416 0.00511851 0.00552486
67 2.62884e-05 5.93386e-05 0.000131326 0.00028251 0.000582586 0.0011275 0.00199035 0.00311288 0.00424674 0.0050961 0.00552486
68 2.58758e-05 5.84997e-05 0.000129675 0.000279399 0.000577083 0.00111862 0.0019778 0.00309814 0.00423332 0.00508805 0.00552486
69 2.57579e-05 5.82598e-05 0.000129202 0.000278508 0.000575504 0.00111607 0.00197419 0.0030939 0.00422946 0.00508573 0.00552486
70 2.51685e-05 5.70586e-05 0.000126831 0.000274031 0.000567566 0.00110322 0.00195599 0.00307249 0.00420992 0.00507397 0.00552486
71 2.39307e-05 5.45267e-05 0.000121816 0.000264526 0.000550649 0.00107575 0.00191693 0.00302636 0.00416768 0.00504844 0.00552486
72 2.2634e-05 5.18602e-05 0.000116506 0.000254409 0.000532547 0.0010462 0.00187469 0.0029762 0.0041215 0.00502039 0.00552486
73 2.14551e-05 4.94228e-05 0.000111626 0.000245059 0.000515727 0.00101859 0.001835 0.00292882 0.00407764 0.00499361 0.00552486
74 2.02763e-05 4.69719e-05 0.000106691 0.000235554 0.000498534 0.000990214 0.00179399 0.00287958 0.00403181 0.00496547 0.00552486
75 1.92743e-05 4.48775e-05 0.000102452 0.000227344 0.000483602 0.000965436 0.00175799 0.00283613 0.00399115 0.00494037 0.00552486
76 1.83312e-05 4.28963e-05 9.84218e-05 0.000219499 0.000469262 0.000941521 0.00172306 0.00279377 0.00395131 0.00491565 0.00552486
77 1.75649e-05 4.12791e-05 9.51165e-05 0.000213035 0.000457393 0.000921633 0.00169388 0.00275821 0.00391771 0.0048947 0.00552486
78 1.66218e-05 3.9279e-05 9.10086e-05 0.000204963 0.000442496 0.00089655 0.0016569 0.00271292 0.0038747 0.00486777 0.00552486
79 1.58556e-05 3.76455e-05 8.76365e-05 0.000198302 0.000430141 0.000875641 0.00162591 0.00267478 0.0038383 0.00484485 0.00552486
80 1.52662e-05 3.63836e-05 8.50203e-05 0.000193112 0.000420474 0.000859211 0.00160146 0.00264455 0.00380933 0.00482653 0.00552486
81 1.47357e-05 3.52437e-05 8.26485e-05 0.00018839 0.000411646 0.00084415 0.00157896 0.00261664 0.00378248 0.00480949 0.00552486
82 1.42641e-05 3.42271e-05 8.05258e-05 0.00018415 0.000403691 0.000830534 0.00155856 0.00259124 0.00375796 0.00479387 0.00552486
83 1.37336e-05 3.30793e-05 7.8121e-05 0.000179328 0.000394614 0.000814944 0.00153511 0.00256194 0.00372958 0.00477574 0.00552486
84 1.32032e-05 3.19271e-05 7.56975e-05 0.000174451 0.000385397 0.00079905 0.00151111 0.00253184 0.00370031 0.00475696 0.00552486
85 1.26137e-05 3.06414e-05 7.29817e-05 0.000168962 0.00037498 0.00078101 0.00148375 0.00249739 0.00366667 0.00473529 0.00552486
86 1.20832e-05 2.94791e-05 7.05157e-05 0.000163956 0.000365436 0.000764411 0.00145847 0.00246541 0.00363529 0.00471498 0.00552486
87 1.16117e-05 2.84417e-05 6.83056e-05 0.000159451 0.000356812 0.000749347 0.00143543 0.00243614 0.00360647 0.00469625 0.00552486
88 1.11991e-05 2.75305e-05 6.63569e-05 0.000155463 0.00034915 0.000735913 0.00141481 0.00240984 0.00358046 0.00467929 0.00552486
89 1.08455e-05 2.67468e-05 6.46751e-05 0.00015201 0.000342492 0.0007242 0.00139676 0.00238675 0.00355756 0.0046643 0.00552486
90 1.06097e-05 2.62229e-05 6.35479e-05 0.000149689 0.000338005 0.000716285 0.00138454 0.00237107 0.00354196 0.00465406 0.00552486
91 1.04918e-05 2.59605e-05 6.29824e-05 0.000148523 0.000335746 0.000712295 0.00137836 0.00236313 0.00353405 0.00464886 0.00552486
92 1.03739e-05 2.56979e-05 6.24156e-05 0.000147353 0.000333478 0.000708282 0.00137215 0.00235514 0.00352607 0.00464361 0.00552486
93 1.01971e-05 2.53033e-05 6.1563e-05 0.00014559 0.000330056 0.00070222 0.00136274 0.00234302 0.00351397 0.00463564 0.00552486
94 9.96131e-06 2.47762e-05 6.04216e-05 0.000143226 0.000325455 0.000694054 0.00135005 0.00232664 0.00349757 0.00462481 0.00552486
95 9.72554e-06 2.42477e-05 5.92748e-05 0.000140844 0.000320811 0.000685791 0.00133718 0.00230998 0.00348085 0.00461374 0.00552486
96 9.48977e-06 2.37181e-05 5.81224e-05 0.000138445 0.000316122 0.000677427 0.00132412 0.00229303 0.00346381 0.00460243 0.00552486
97 9.254e-06 2.3187e-05 5.69643e-05 0.000136028 0.000311386 0.000668959 0.00131086 0.00227579 0.00344642 0.00459087 0.00552486
98 9.01823e-06 2.26547e-05 5.58003e-05 0.000133593 0.000306602 0.000660382 0.0012974 0.00225824 0.00342868 0.00457903 0.00552486
99 8.72351e-06 2.19873e-05 5.43366e-05 0.000130522 0.00030055 0.000649502 0.00128027 0.00223584 0.00340597 0.00456385 0.00552486
100 8.54669e-06 2.15857e-05 5.34537e-05 0.000128664 0.00029688 0.000642886 0.00126982 0.00222215 0.00339205 0.00455451 0.00552486
101 8.36986e-06 2.11834e-05 5.25671e-05 0.000126795 0.000293179 0.000636201 0.00125925 0.00220825 0.0033779 0.004545 0.00552486
102 8.19303e-06 2.07802e-05 5.16767e-05 0.000124914 0.000289447 0.000629444 0.00124854 0.00219415 0.0033635 0.0045353 0.00552486
103 7.95726e-06 2.02412e-05 5.04836e-05 0.000122387 0.00028442 0.000620321 0.00123404 0.00217502 0.00334392 0.00452208 0.00552486
104 7.78043e-06 1.98359e-05 4.95841e-05 0.000120476 0.00028061 0.00061339 0.001223 0.0021604 0.00332892 0.00451193 0.00552486
105 7.6036e-06 1.94297e-05 4.86805e-05 0.000118553 0.000276766 0.00060638 0.0012118 0.00214555 0.00331365 0.00450157 0.00552486
106 7.48572e-06 1.91584e-05 4.80757e-05 0.000117263 0.000274184 0.000601661 0.00120425 0.00213552 0.00330331 0.00449454 0.00552486
107 7.30889e-06 1.87506e-05 4.71651e-05 0.000115318 0.000270279 0.000594512 0.00119279 0.00212026 0.00328756 0.00448381 0.00552486
108 7.19101e-06 1.84782e-05 4.65555e-05 0.000114012 0.000267655 0.000589698 0.00118506 0.00210994 0.00327688 0.00447652 0.00552486
109 7.07312e-06 1.82053e-05 4.59439e-05 0.000112701 0.000265014 0.000584845 0.00117725 0.0020995 0.00326607 0.00446913 0.00552486
110 6.95523e-06 1.7932e-05 4.53303e-05 0.000111383 0.000262355 0.00057995 0.00116936 0.00208894 0.00325511 0.00446162 0.00552486
111 6.89629e-06 1.77952e-05 4.50227e-05 0.000110721 0.000261018 0.000577488 0.00116539 0.00208362 0.00324957 0.00445783 0.00552486
112 6.83735e-06 1.76583e-05 4.47146e-05 0.000110058 0.000259677 0.000575015 0.00116139 0.00207826 0.003244 0.004454 0.00552486
113 6.83735e-06 1.76583e-05 4.47146e-05 0.000110058 0.000259677 0.000575015 0.00116139 0.00207826 0.003244 0.004454 0.00552486
114 6.77841e-06 1.75212e-05 4.4406e-05 0.000109393 0.000258332 0.000572531 0.00115738 0.00207287 0.00323838 0.00445015 0.00552486
115 6.77841e-06 1.75212e-05 4.4406e-05 0.000109393 0.000258332 0.000572531 0.00115738 0.00207287 0.00323838 0.00445015 0.00552486
116 6.71946e-06 1.7384e-05 4.40968e-05 0.000108726 0.000256982 0.000570036 0.00115334 0.00206744 0.00323273 0.00444626 0.00552486
117 6.60158e-06 1.71093e-05 4.34768e-05 0.000107387 0.000254267 0.000565014 0.00114521 0.0020565 0.00322131 0.0044384 0.00552486
118 6.60158e-06 1.71093e-05 4.34768e-05 0.000107387 0.000254267 0.000565014 0.00114521 0.0020565 0.00322131 0.0044384 0.00552486
119 6.54264e-06 1.69717e-05 4.3166e-05 0.000106715 0.000252903 0.000562485 0.0011411 0.00205097 0.00321554 0.00443442 0.00552486
120 6.48369e-06 1.68341e-05 4.28546e-05 0.000106041 0.000251533 0.000559946 0.00113698 0.00204541 0.00320972 0.00443041 0.00552486
121 6.42475e-06 1.66963e-05 4.25426e-05 0.000105366 0.000250159 0.000557395 0.00113284 0.00203981 0.00320386 0.00442637 0.00552486
122 6.36581e-06 1.65584e-05 4.22301e-05 0.000104688 0.000248779 0.000554832 0.00112867 0.00203418 0.00319796 0.00442229 0.00552486
123 6.30687e-06 1.64203e-05 4.1917e-05 0.000104008 0.000247394 0.000552258 0.00112447 0.00202851 0.00319202 0.00441818 0.00552486
124 6.24792e-06 1.62821e-05 4.16033e-05 0.000103327 0.000246004 0.000549671 0.00112026 0.00202281 0.00318603 0.00441403 0.00552486
125 6.18898e-06 1.61438e-05 4.1289e-05 0.000102644 0.000244609 0.000547072 0.00111602 0.00201706 0.00318 0.00440985 0.00552486
126 6.13004e-06 1.60054e-05 4.09741e-05 0.000101959 0.000243209 0.000544461 0.00111176 0.00201128 0.00317392 0.00440563 0.00552486
127 6.07109e-06 1.58668e-05 4.06586e-05 0.000101271 0.000241803 0.000541837 0.00110747 0.00200546 0.00316779 0.00440138 0.00552486
128 6.01215e-06 1.57281e-05 4.03425e-05 0.000100582 0.000240392 0.0005392 0.00110315 0.0019996 0.00316161 0.00439708 0.00552486
129 5.95321e-06 1.55892e-05 4.00258e-05 9.98907e-05 0.000238975 0.00053655 0.00109882 0.00199369 0.00315539 0.00439275 0.00552486
130 5.95321e-06 1.55892e-05 4.00258e-05 9.98907e-05 0.000238975 0.00053655 0.00109882 0.00199369 0.00315539 0.00439275 0.00552486
131 5.89427e-06 1.54503e-05 3.97085e-05 9.91974e-05 0.000237552 0.000533888 0.00109445 0.00198775 0.00314912 0.00438839 0.00552486
132 5.87069e-06 1.53946e-05 3.95813e-05 9.89194e-05 0.000236982 0.000532819 0.0010927 0.00198536 0.00314659 0.00438663 0.00552486
133 5.82354e-06 1.52833e-05 3.93268e-05 9.83626e-05 0.000235838 0.000530675 0.00108918 0.00198057 0.00314152 0.00438309 0.00552486
134 5.79996e-06 1.52276e-05 3.91994e-05 9.80837e-05 0.000235265 0.000529599 0.00108741 0.00197816 0.00313897 0.00438131 0.00552486
135 5.74102e-06 1.50883e-05 3.88804e-05 9.73848e-05 0.000233827 0.000526901 0.00108298 0.0019721 0.00313257 0.00437684 0.00552486
136 5.72333e-06 1.50464e-05 3.87845e-05 9.71748e-05 0.000233395 0.000526089 0.00108164 0.00197028 0.00313064 0.00437549 0.00552486
137 5.67028e-06 1.49208e-05 3.84967e-05 9.65434e-05 0.000232094 0.000523645 0.00107762 0.00196478 0.00312481 0.00437142 0.00552486
138 5.61724e-06 1.47952e-05 3.82083e-05 9.59103e-05 0.000230789 0.00052119 0.00107358 0.00195925 0.00311894 0.00436731 0.00552486
139 5.54651e-06 1.46274e-05 3.78229e-05 9.50633e-05 0.000229041 0.000517898 0.00106815 0.00195182 0.00311105 0.00436178 0.00552486
140 5.48756e-06 1.44874e-05 3.7501e-05 9.4355e-05 0.000227577 0.000515139 0.00106359 0.00194557 0.00310441 0.00435712 0.00552486
141 5.43451e-06 1.43613e-05 3.72107e-05 9.37156e-05 0.000226255 0.000512643 0.00105947 0.00193991 0.00309838 0.00435289 0.00552486
142 5.36378e-06 1.4193e-05 3.68227e-05 9.28601e-05 0.000224483 0.000509296 0.00105393 0.0019323 0.00309027 0.00434719 0.00552486
143 5.32842e-06 1.41087e-05 3.66284e-05 9.24311e-05 0.000223594 0.000507615 0.00105115 0.00192847 0.00308619 0.00434432 0.00552486
144 5.26358e-06 1.39541e-05 3.62714e-05 9.16423e-05 0.000221958 0.000504517 0.00104601 0.0019214 0.00307864 0.004339 0.00552486
145 5.24e-06 1.38978e-05 3.61414e-05 9.13548e-05 0.000221361 0.000503386 0.00104414 0.00191881 0.00307588 0.00433706 0.00552486
146 5.19285e-06 1.37852e-05 3.58809e-05 9.07785e-05 0.000220163 0.000501115 0.00104037 0.00191362 0.00307032 0.00433314 0.00552486
147 5.16927e-06 1.37289e-05 3.57505e-05 9.04898e-05 0.000219563 0.000499977 0.00103847 0.00191101 0.00306753 0.00433116 0.00552486
148 5.14569e-06 1.36725e-05 3.562e-05 9.02007e-05 0.000218962 0.000498835 0.00103658 0.00190839 0.00306473 0.00432919 0.00552486
149 5.12212e-06 1.36161e-05 3.54894e-05 8.99112e-05 0.000218359 0.000497691 0.00103468 0.00190576 0.00306191 0.0043272 0.00552486
150 5.12212e-06 1.36161e-05 3.54894e-05 8.99112e-05 0.000218359 0.000497691 0.00103468 0.00190576 0.00306191 0.0043272 0.00552486
151 5.10444e-06 1.35738e-05 3.53914e-05 8.96938e-05 0.000217907 0.000496831 0.00103324 0.00190378 0.00305979 0.0043257 0.00552486
152 5.12212e-06 1.36161e-05 3.54894e-05 8.99112e-05 0.000218359 0.000497691 0.00103468 0.00190576 0.00306191 0.0043272 0.00552486
153 5.11033e-06 1.35879e-05 3.54241e-05 8.97663e-05 0.000218057 0.000497118 0.00103372 0.00190444 0.0030605 0.0043262 0.00552486
154 5.12801e-06 1.36302e-05 3.55221e-05 8.99836e-05 0.00021851 0.000497977 0.00103515 0.00190642 0.00306262 0.0043277 0.00552486
155 5.12212e-06 1.36161e-05 3.54894e-05 8.99112e-05 0.000218359 0.000497691 0.00103468 0.00190576 0.00306191 0.0043272 0.00552486
156 5.13391e-06 1.36443e-05 3.55547e-05 9.0056e-05 0.00021866 0.000498263 0.00103563 0.00190707 0.00306332 0.00432819 0.00552486
157 5.14569e-06 1.36725e-05 3.562e-05 9.02007e-05 0.000218962 0.000498835 0.00103658 0.00190839 0.00306473 0.00432919 0.00552486
158 5.15159e-06 1.36866e-05 3.56527e-05 9.0273e-05 0.000219112 0.000499121 0.00103705 0.00190904 0.00306543 0.00432968 0.00552486
159 5.17517e-06 1.3743e-05 3.57832e-05 9.05621e-05 0.000219713 0.000500262 0.00103895 0.00191166 0.00306823 0.00433166 0.00552486
160 5.16927e-06 1.37289e-05 3.57505e-05 9.04898e-05 0.000219563 0.000499977 0.00103847 0.00191101 0.00306753 0.00433116 0.00552486
161 5.20464e-06 1.38134e-05 3.59461e-05 9.09228e-05 0.000220463 0.000501684 0.00104131 0.00191492 0.00307171 0.00433412 0.00552486
162 5.19285e-06 1.37852e-05 3.58809e-05 9.07785e-05 0.000220163 0.000501115 0.00104037 0.00191362 0.00307032 0.00433314 0.00552486
163 5.20464e-06 1.38134e-05 3.59461e-05 9.09228e-05 0.000220463 0.000501684 0.00104131 0.00191492 0.00307171 0.00433412 0.00552486
164 5.19285e-06 1.37852e-05 3.58809e-05 9.07785e-05 0.000220163 0.000501115 0.00104037 0.00191362 0.00307032 0.00433314 0.00552486
165 5.19874e-06 1.37993e-05 3.59135e-05 9.08507e-05 0.000220313 0.0005014 0.00104084 0.00191427 0.00307102 0.00433363 0.00552486
166 5.19285e-06 1.37852e-05 3.58809e-05 9.07785e-05 0.000220163 0.000501115 0.00104037 0.00191362 0.00307032 0.00433314 0.00552486
167 5.16927e-06 1.37289e-05 3.57505e-05 9.04898e-05 0.000219563 0.000499977 0.00103847 0.00191101 0.00306753 0.00433116 0.00552486
168 5.17517e-06 1.3743e-05 3.57832e-05 9.05621e-05 0.000219713 0.000500262 0.00103895 0.00191166 0.00306823 0.00433166 0.00552486
169 5.1398e-06 1.36584e-05 3.55874e-05 9.01284e-05 0.000218811 0.000498549 0.0010361 0.00190773 0.00306402 0.00432869 0.00552486
170 5.15159e-06 1.36866e-05 3.56527e-05 9.0273e-05 0.000219112 0.000499121 0.00103705 0.00190904 0.00306543 0.00432968 0.00552486
171 5.12212e-06 1.36161e-05 3.54894e-05 8.99112e-05 0.000218359 0.000497691 0.00103468 0.00190576 0.00306191 0.0043272 0.00552486
172 5.1398e-06 1.36584e-05 3.55874e-05 9.01284e-05 0.000218811 0.000498549 0.0010361 0.00190773 0.00306402 0.00432869 0.00552486
173 5.12212e-06 1.36161e-05 3.54894e-05 8.99112e-05 0.000218359 0.000497691 0.00103468 0.00190576 0.00306191 0.0043272 0.00552486
174 5.11622e-06 1.3602e-05 3.54567e-05 8.98388e-05 0.000218208 0.000497404 0.0010342 0.0019051 0.00306121 0.0043267 0.00552486
175 5.13391e-06 1.36443e-05 3.55547e-05 9.0056e-05 0.00021866 0.000498263 0.00103563 0.00190707 0.00306332 0.00432819 0.00552486
176 5.12212e-06 1.36161e-05 3.54894e-05 8.99112e-05 0.000218359 0.000497691 0.00103468 0.00190576 0.00306191 0.0043272 0.00552486
177 5.19285e-06 1.37852e-05 3.58809e-05 9.07785e-05 0.000220163 0.000501115 0.00104037 0.00191362 0.00307032 0.00433314 0.00552486
178 5.16927e-06 1.37289e-05 3.57505e-05 9.04898e-05 0.000219563 0.000499977 0.00103847 0.00191101 0.00306753 0.00433116 0.00552486
179 5.26947e-06 1.39682e-05 3.63039e-05 9.17142e-05 0.000222107 0.000504799 0.00104648 0.00192204 0.00307933 0.00433949 0.00552486
180 5.13391e-06 1.36443e-05 3.55547e-05 9.0056e-05 0.00021866 0.000498263 0.00103563 0.00190707 0.00306332 0.00432819 0.00552486
