# plot 'F' u 1:2 w histe,'F' u 1:3 w histe, 'F' u 1:4 w histe, 'F' u 1:5 w histe, 'F' u 1:6 w histe, 'F' u 1:7 w histe, 'F' u 1:8 w histe, 'F' u 1:9 w histe, 'F' u 1:10 w histe, 'F' u 1:12 w histe
0 0 0 0 0 0 0 0 0 0 0 0
1 0.235181 0.213703 0.190398 0.164885 0.136881 0.106644 0.0757854 0.0477149 0.0262049 0.0126591 0.00552486
2 0.433229 0.396783 0.356339 0.311082 0.260351 0.204507 0.146536 0.0930322 0.0515245 0.0251025 0.0110497
3 0.580585 0.537091 0.487328 0.429948 0.363752 0.288922 0.209396 0.134503 0.0753904 0.0371834 0.0165746
4 0.687272 0.642008 0.588492 0.524762 0.448938 0.360749 0.264638 0.172145 0.0977634 0.0488803 0.0220994
5 0.763897 0.719899 0.666123 0.59997 0.518781 0.421622 0.31303 0.206228 0.118703 0.0601965 0.0276243
6 0.819951 0.778688 0.726578 0.660396 0.57668 0.473686 0.355734 0.237261 0.138374 0.0711643 0.0331492
7 0.862331 0.824396 0.774913 0.710079 0.625635 0.518957 0.393918 0.265796 0.156975 0.0818298 0.038674
8 0.889563 0.855095 0.808844 0.746534 0.663179 0.555245 0.425911 0.290785 0.174001 0.0920337 0.0441989
9 0.910016 0.878821 0.835831 0.776369 0.694799 0.586695 0.454443 0.313718 0.19008 0.10195 0.0497238
10 0.926873 0.898758 0.85895 0.802428 0.722955 0.615247 0.480851 0.335359 0.205549 0.111676 0.0552486
11 0.940784 0.915529 0.878775 0.825207 0.748046 0.641183 0.505306 0.355787 0.220435 0.121217 0.0607735
12 0.951806 0.929131 0.895232 0.844562 0.769866 0.66427 0.527587 0.374838 0.234644 0.130539 0.0662983
13 0.960117 0.93968 0.908362 0.860446 0.788286 0.684317 0.547488 0.392342 0.248072 0.139601 0.0718232
14 0.96607 0.947493 0.918416 0.873021 0.803364 0.701285 0.564903 0.408178 0.260634 0.148365 0.0773481
15 0.970355 0.953305 0.926145 0.883012 0.815743 0.71568 0.580172 0.422527 0.272397 0.156846 0.0828729
16 0.97365 0.957893 0.932408 0.891323 0.826317 0.728303 0.593918 0.435789 0.283557 0.165108 0.0883978
17 0.976533 0.961961 0.938036 0.898892 0.836074 0.740109 0.606947 0.448528 0.294422 0.173259 0.0939227
18 0.979344 0.965938 0.943553 0.90633 0.845687 0.751769 0.619847 0.461173 0.305234 0.18139 0.0994475
19 0.982032 0.969757 0.948875 0.913537 0.855044 0.76317 0.632517 0.473649 0.315949 0.189485 0.104972
20 0.984278 0.973007 0.953484 0.919893 0.863445 0.773591 0.644309 0.485469 0.326285 0.197436 0.110497
21 0.986152 0.975768 0.957472 0.925493 0.870982 0.783111 0.655278 0.496666 0.336255 0.205244 0.116022
22 0.987714 0.978111 0.96092 0.930422 0.877739 0.791802 0.665475 0.507267 0.345867 0.212911 0.121547
23 0.989017 0.980102 0.963901 0.934763 0.883798 0.799739 0.674959 0.517305 0.355137 0.22044 0.127072
24 0.990113 0.981806 0.966498 0.93861 0.889261 0.80702 0.68381 0.526838 0.364093 0.22784 0.132597
25 0.991044 0.983277 0.968777 0.942042 0.894215 0.813731 0.692102 0.535915 0.372761 0.235121 0.138122
26 0.991787 0.984477 0.970679 0.944972 0.89854 0.819724 0.699676 0.544397 0.381045 0.242239 0.143646
27 0.992388 0.98547 0.972285 0.947498 0.90235 0.825116 0.706636 0.552358 0.388987 0.249208 0.149171
28 0.992909 0.986341 0.973716 0.949782 0.905844 0.830133 0.713207 0.559981 0.396702 0.256077 0.154696
29 0.99338 0.987138 0.975037 0.951911 0.909135 0.834905 0.719519 0.567379 0.404266 0.262878 0.160221
30 0.993818 0.987885 0.976285 0.953937 0.912288 0.83951 0.725655 0.574621 0.411721 0.26963 0.165746
31 0.994232 0.988594 0.977476 0.955882 0.915332 0.843984 0.731649 0.581737 0.419091 0.276343 0.171271
32 0.994623 0.989268 0.978616 0.957753 0.918277 0.848334 0.737511 0.588736 0.42638 0.28302 0.176796
33 0.994994 0.98991 0.979707 0.959554 0.921128 0.852568 0.743248 0.595622 0.433589 0.28966 0.18232
34 0.995337 0.990508 0.98073 0.961258 0.923846 0.856638 0.748805 0.602345 0.440685 0.296247 0.187845
35 0.995647 0.991056 0.981677 0.962849 0.92641 0.860513 0.75415 0.608875 0.447644 0.302771 0.19337
36 0.99593 0.991559 0.982555 0.964338 0.92883 0.864209 0.759294 0.615221 0.454472 0.309232 0.198895
37 0.996187 0.992022 0.98337 0.965734 0.931122 0.867738 0.764253 0.621394 0.461175 0.315635 0.20442
38 0.996423 0.992449 0.984129 0.967046 0.933294 0.871114 0.769039 0.627405 0.467761 0.321981 0.209945
39 0.99664 0.992846 0.984841 0.968286 0.935364 0.874358 0.773674 0.633273 0.474241 0.328276 0.21547
40 0.996842 0.993218 0.985511 0.969462 0.937342 0.87748 0.77817 0.639009 0.480624 0.334524 0.220994
41 0.997029 0.993564 0.986142 0.970576 0.939232 0.880486 0.782531 0.644615 0.48691 0.340724 0.226519
42 0.997203 0.993889 0.986737 0.971637 0.941042 0.883385 0.786769 0.650102 0.493107 0.34688 0.232044
43 0.997364 0.994192 0.987297 0.972641 0.942769 0.886175 0.790877 0.655462 0.499208 0.352988 0.237569
44 0.997509 0.994469 0.987813 0.973577 0.944396 0.888828 0.794824 0.660664 0.505188 0.359036 0.243094
45 0.997635 0.994711 0.988272 0.974421 0.945885 0.891292 0.798544 0.66564 0.510994 0.364994 0.248619
46 0.997744 0.994926 0.988684 0.975189 0.947257 0.893595 0.802068 0.670418 0.516645 0.370872 0.254144
47 0.997842 0.99512 0.989059 0.975898 0.948539 0.89577 0.805435 0.675035 0.522168 0.376684 0.259669
48 0.997934 0.995302 0.989415 0.976573 0.949769 0.897872 0.808711 0.679559 0.527616 0.382456 0.265193
49 0.998023 0.99548 0.989764 0.977237 0.95098 0.899947 0.811953 0.684047 0.533036 0.388214 0.270718
50 0.998111 0.995656 0.99011 0.977897 0.952186 0.902014 0.815186 0.688526 0.538449 0.393967 0.276243
51 0.998198 0.99583 0.990451 0.978548 0.953378 0.904061 0.818393 0.692978 0.54384 0.399708 0.281768
52 0.998278 0.995993 0.990773 0.979168 0.95452 0.906037 0.821511 0.697337 0.549155 0.40541 0.287293
53 0.998354 0.996147 0.991081 0.979762 0.955622 0.907955 0.824555 0.701618 0.554407 0.411077 0.292818
54 0.998426 0.996293 0.991372 0.98033 0.956683 0.909812 0.827522 0.705817 0.559592 0.416708 0.298343
55 0.998492 0.99643 0.991649 0.980872 0.9577 0.911607 0.830409 0.709931 0.564706 0.4223 0.303867
56 0.998555 0.996559 0.991911 0.98139 0.95868 0.913345 0.833223 0.713967 0.569756 0.427857 0.309392
57 0.998613 0.996681 0.99216 0.981884 0.959621 0.915027 0.835963 0.717924 0.574739 0.433378 0.314917
58 0.998668 0.996796 0.992396 0.982355 0.960524 0.916652 0.83863 0.721801 0.579655 0.438861 0.320442
59 0.998719 0.996903 0.992619 0.982805 0.961392 0.918223 0.841225 0.725599 0.584504 0.444306 0.325967
60 0.998767 0.997005 0.992831 0.983234 0.962225 0.919743 0.843752 0.729322 0.589289 0.449716 0.331492
61 0.998811 0.9971 0.993031 0.983642 0.963024 0.92121 0.846209 0.732968 0.594007 0.455087 0.337017
62 0.998853 0.99719 0.99322 0.984032 0.963791 0.922627 0.8486 0.736539 0.598661 0.460422 0.342541
63 0.998892 0.997274 0.9934 0.984403 0.964527 0.923998 0.850926 0.740039 0.603253 0.465721 0.348066
64 0.998927 0.997352 0.993567 0.984752 0.965226 0.925309 0.853172 0.743446 0.607764 0.470973 0.353591
65 0.998959 0.997423 0.993721 0.985077 0.965883 0.926555 0.855328 0.746752 0.612184 0.476173 0.359116
66 0.998989 0.997489 0.993865 0.985382 0.966505 0.927747 0.857408 0.74997 0.616526 0.481325 0.364641
67 0.999016 0.99755 0.994001 0.985673 0.967103 0.928899 0.859434 0.753124 0.62081 0.486444 0.370166
68 0.999042 0.99761 0.994132 0.985956 0.967686 0.930027 0.861424 0.756237 0.625057 0.49154 0.375691
69 0.999068 0.997668 0.994262 0.986235 0.968263 0.931145 0.863402 0.759335 0.62929 0.496628 0.381215
70 0.999094 0.997726 0.994391 0.986514 0.968838 0.932261 0.865376 0.762429 0.633519 0.501714 0.38674
71 0.999119 0.997784 0.994518 0.986788 0.969406 0.933364 0.867332 0.765501 0.637729 0.506788 0.392265
72 0.999143 0.997838 0.99464 0.987052 0.969957 0.93444 0.869249 0.768528 0.641897 0.511836 0.39779
73 0.999166 0.99789 0.994756 0.987307 0.970489 0.935486 0.871124 0.771504 0.646018 0.516856 0.403315
74 0.999187 0.997939 0.994868 0.987552 0.971005 0.936505 0.872959 0.774433 0.650096 0.52185 0.40884
75 0.999207 0.997986 0.994974 0.987787 0.971503 0.937495 0.874753 0.777312 0.654128 0.526816 0.414365
76 0.999227 0.998031 0.995077 0.988015 0.971987 0.938461 0.876511 0.780149 0.658119 0.531756 0.41989
77 0.999245 0.998074 0.995175 0.988234 0.972456 0.939402 0.878234 0.782942 0.66207 0.536672 0.425414
78 0.999263 0.998115 0.99527 0.988447 0.972914 0.940324 0.879928 0.7857 0.665988 0.541566 0.430939
79 0.999279 0.998155 0.995361 0.988652 0.973356 0.94122 0.881585 0.788413 0.669863 0.546434 0.436464
80 0.999295 0.998192 0.995449 0.988851 0.973786 0.942096 0.883211 0.791088 0.673701 0.551279 0.441989
81 0.99931 0.998229 0.995534 0.989044 0.974207 0.942955 0.884812 0.793733 0.67751 0.556105 0.447514
82 0.999325 0.998264 0.995617 0.989232 0.974618 0.943799 0.886391 0.796349 0.681293 0.560915 0.453039
83 0.999339 0.998298 0.995697 0.989416 0.975022 0.94463 0.88795 0.798941 0.685051 0.565709 0.458564
84 0.999353 0.998331 0.995775 0.989596 0.975417 0.945445 0.889485 0.801503 0.68878 0.570484 0.464088
85 0.999366 0.998363 0.995851 0.98977 0.975802 0.946244 0.890996 0.804034 0.692481 0.575241 0.469613
86 0.999379 0.998394 0.995924 0.989939 0.976177 0.947025 0.89248 0.806532 0.696147 0.579977 0.475138
87 0.999391 0.998423 0.995995 0.990103 0.976542 0.947789 0.893938 0.808997 0.699783 0.584692 0.480663
88 0.999403 0.998452 0.996063 0.990262 0.976899 0.948539 0.895374 0.811433 0.703389 0.589388 0.486188
89 0.999414 0.998479 0.996129 0.990418 0.977248 0.949275 0.896788 0.813843 0.70697 0.594067 0.491713
90 0.999425 0.998506 0.996194 0.99057 0.977591 0.949999 0.898185 0.81623 0.710527 0.598732 0.497238
91 0.999435 0.998532 0.996257 0.990719 0.977929 0.950715 0.89957 0.818601 0.714069 0.603386 0.502762
92 0.999446 0.998558 0.99632 0.990868 0.978265 0.951427 0.900948 0.820964 0.717603 0.608034 0.508287
93 0.999456 0.998584 0.996383 0.991015 0.978598 0.952136 0.90232 0.823319 0.721129 0.612678 0.513812
94 0.999466 0.998609 0.996444 0.991161 0.978928 0.952838 0.903683 0.825662 0.724643 0.617314 0.519337
95 0.999476 0.998634 0.996505 0.991304 0.979254 0.953532 0.905033 0.827989 0.728141 0.621939 0.524862
96 0.999486 0.998658 0.996564 0.991445 0.979574 0.954218 0.90637 0.830299 0.731622 0.626552 0.530387
97 0.999496 0.998682 0.996622 0.991583 0.979891 0.954895 0.907694 0.832592 0.735085 0.631155 0.535912
98 0.999505 0.998705 0.996679 0.991719 0.980202 0.955564 0.909005 0.834868 0.738532 0.635746 0.541436
99 0.999514 0.998728 0.996735 0.991853 0.980509 0.956224 0.910303 0.837126 0.741961 0.640325 0.546961
100 0.999523 0.99875 0.996789 0.991984 0.980809 0.956874 0.911583 0.839362 0.745367 0.644888 0.552486
101 0.999531 0.998771 0.996843 0.992112 0.981106 0.957517 0.912853 0.841584 0.748759 0.649443 0.558011
102 0.999539 0.998793 0.996895 0.992239 0.981399 0.958153 0.914112 0.843792 0.752136 0.653988 0.563536
103 0.999548 0.998813 0.996947 0.992364 0.981689 0.958783 0.91536 0.845986 0.7555 0.658523 0.569061
104 0.999556 0.998834 0.996997 0.992486 0.981973 0.959403 0.916594 0.848161 0.758844 0.663045 0.574586
105 0.999563 0.998853 0.997047 0.992607 0.982254 0.960016 0.917817 0.850322 0.762173 0.667557 0.58011
106 0.999571 0.998873 0.997096 0.992725 0.98253 0.960623 0.919029 0.852467 0.765486 0.672059 0.585635
107 0.999578 0.998892 0.997144 0.992843 0.982805 0.961224 0.920234 0.854603 0.76879 0.676553 0.59116
108 0.999586 0.998911 0.997191 0.992958 0.983075 0.961819 0.921426 0.856723 0.772077 0.681037 0.596685
109 0.999593 0.998929 0.997238 0.993072 0.983343 0.962408 0.922611 0.858833 0.775354 0.685514 0.60221
110 0.9996 0.998947 0.997283 0.993185 0.983608 0.962993 0.923789 0.860933 0.77862 0.689983 0.607735
111 0.999607 0.998965 0.997329 0.993296 0.98387 0.963573 0.924958 0.863021 0.781875 0.694444 0.61326
112 0.999614 0.998983 0.997374 0.993407 0.984131 0.964151 0.926123 0.865105 0.785125 0.698902 0.618785
113 0.999621 0.999001 0.997419 0.993517 0.984391 0.964726 0.927285 0.867183 0.788369 0.703356 0.624309
114 0.999628 0.999018 0.997463 0.993627 0.98465 0.965301 0.928446 0.869262 0.791613 0.70781 0.629834
115 0.999634 0.999036 0.997508 0.993736 0.984909 0.965873 0.929604 0.871334 0.794851 0.71226 0.635359
116 0.999641 0.999053 0.997552 0.993846 0.985167 0.966446 0.930761 0.873407 0.79809 0.716711 0.640884
117 0.999648 0.999071 0.997596 0.993954 0.985424 0.967016 0.931914 0.875475 0.801322 0.721157 0.646409
118 0.999654 0.999088 0.99764 0.994062 0.985678 0.967581 0.933059 0.877531 0.804544 0.725595 0.651934
119 0.999661 0.999105 0.997683 0.994169 0.985932 0.968146 0.934205 0.879588 0.807765 0.730034 0.657459
120 0.999668 0.999122 0.997726 0.994276 0.986185 0.968708 0.935346 0.881639 0.810981 0.734468 0.662983
121 0.999674 0.999139 0.997769 0.994382 0.986437 0.969268 0.936483 0.883684 0.81419 0.738898 0.668508
122 0.999681 0.999156 0.997812 0.994487 0.986687 0.969826 0.937616 0.885724 0.817394 0.743325 0.674033
123 0.999687 0.999172 0.997854 0.994592 0.986936 0.970381 0.938744 0.887758 0.820592 0.747747 0.679558
124 0.999693 0.999189 0.997896 0.994696 0.987183 0.970933 0.939869 0.889787 0.823784 0.752165 0.685083
125 0.999699 0.999205 0.997937 0.994799 0.987429 0.971482 0.940989 0.891809 0.82697 0.756579 0.690608
126 0.999706 0.999221 0.997979 0.994902 0.987674 0.97203 0.942105 0.893827 0.83015 0.760989 0.696133
127 0.999712 0.999237 0.99802 0.995004 0.987917 0.972574 0.943217 0.895838 0.833324 0.765395 0.701657
128 0.999718 0.999253 0.99806 0.995105 0.988159 0.973116 0.944324 0.897843 0.836492 0.769796 0.707182
129 0.999724 0.999269 0.998101 0.995206 0.988399 0.973655 0.945427 0.899843 0.839653 0.774193 0.712707
130 0.99973 0.999284 0.998141 0.995306 0.988638 0.974192 0.946526 0.901837 0.842809 0.778586 0.718232
131 0.999736 0.9993 0.998181 0.995406 0.988877 0.974728 0.947625 0.90383 0.845964 0.782979 0.723757
132 0.999742 0.999315 0.99822 0.995505 0.989115 0.975262 0.948719 0.905818 0.849113 0.787367 0.729282
133 0.999748 0.999331 0.99826 0.995604 0.989352 0.975795 0.949812 0.907803 0.85226 0.791754 0.734807
134 0.999753 0.999346 0.998299 0.995702 0.989588 0.976326 0.950901 0.909784 0.855401 0.796137 0.740331
135 0.999759 0.999361 0.998339 0.9958 0.989823 0.976855 0.951989 0.911762 0.85854 0.800518 0.745856
136 0.999765 0.999376 0.998377 0.995898 0.990057 0.977382 0.953072 0.913734 0.861673 0.804895 0.751381
137 0.999771 0.999391 0.998416 0.995995 0.99029 0.977908 0.954153 0.915704 0.864804 0.809271 0.756906
138 0.999776 0.999406 0.998455 0.996091 0.990522 0.978432 0.955231 0.917669 0.867928 0.813642 0.762431
139 0.999782 0.999421 0.998493 0.996187 0.990753 0.978953 0.956305 0.919629 0.871047 0.818009 0.767956
140 0.999787 0.999436 0.998531 0.996282 0.990982 0.979471 0.957373 0.92158 0.874158 0.822371 0.773481
141 0.999793 0.99945 0.998568 0.996377 0.99121 0.979986 0.958436 0.923526 0.877263 0.826728 0.779006
142 0.999798 0.999464 0.998605 0.99647 0.991436 0.980499 0.959496 0.925466 0.880361 0.831081 0.78453
143 0.999804 0.999479 0.998642 0.996563 0.99166 0.981008 0.96055 0.927398 0.883452 0.835428 0.790055
144 0.999809 0.999493 0.998679 0.996656 0.991884 0.981516 0.961601 0.929327 0.886538 0.839773 0.79558
145 0.999814 0.999507 0.998715 0.996747 0.992106 0.98202 0.962647 0.931248 0.889616 0.844112 0.801105
146 0.99982 0.999521 0.998751 0.996839 0.992327 0.982523 0.963691 0.933167 0.892692 0.848449 0.80663
147 0.999825 0.999534 0.998787 0.996929 0.992547 0.983025 0.964731 0.93508 0.895763 0.852782 0.812155
148 0.99983 0.999548 0.998823 0.99702 0.992767 0.983525 0.96577 0.936991 0.89883 0.857113 0.81768
149 0.999835 0.999562 0.998859 0.99711 0.992986 0.984023 0.966806 0.9389 0.901895 0.861442 0.823204
150 0.99984 0.999575 0.998894 0.9972 0.993204 0.984521 0.967841 0.940806 0.904957 0.865769 0.828729
151 0.999845 0.999589 0.99893 0.99729 0.993423 0.985019 0.968876 0.942711 0.908019 0.870096 0.834254
152 0.99985 0.999603 0.998965 0.99738 0.993641 0.985516 0.969909 0.944615 0.911078 0.874422 0.839779
153 0.999856 0.999616 0.999 0.997469 0.993859 0.986013 0.970944 0.946521 0.91414 0.878749 0.845304
154 0.999861 0.99963 0.999036 0.997559 0.994077 0.98651 0.971977 0.948425 0.917201 0.883076 0.850829
155 0.999866 0.999643 0.999071 0.997649 0.994295 0.987008 0.973013 0.950332 0.920263 0.887403 0.856354
156 0.999871 0.999657 0.999107 0.997739 0.994514 0.987506 0.974047 0.952237 0.923325 0.89173 0.861878
157 0.999876 0.999671 0.999142 0.997829 0.994732 0.988004 0.975083 0.954145 0.926389 0.896059 0.867403
158 0.999881 0.999684 0.999178 0.997919 0.994951 0.988503 0.976119 0.956053 0.929453 0.900388 0.872928
159 0.999886 0.999698 0.999214 0.99801 0.995171 0.989002 0.977157 0.957962 0.932519 0.904718 0.878453
160 0.999891 0.999712 0.999249 0.9981 0.99539 0.989503 0.978195 0.959874 0.935587 0.909049 0.883978
161 0.999897 0.999726 0.999285 0.998191 0.99561 0.990003 0.979234 0.961785 0.938655 0.91338 0.889503
162 0.999902 0.999739 0.999321 0.998282 0.99583 0.990504 0.980275 0.9637 0.941726 0.917714 0.895028
163 0.999907 0.999753 0.999357 0.998372 0.99605 0.991005 0.981316 0.965613 0.944797 0.922048 0.900552
164 0.999912 0.999767 0.999393 0.998463 0.996271 0.991507 0.982357 0.967528 0.947868 0.926382 0.906077
165 0.999917 0.999781 0.999429 0.998554 0.996491 0.992008 0.983397 0.969442 0.950939 0.930715 0.911602
166 0.999923 0.999795 0.999465 0.998645 0.996711 0.99251 0.984438 0.971356 0.95401 0.935049 0.917127
167 0.999928 0.999808 0.999501 0.998736 0.996932 0.993011 0.985479 0.97327 0.95708 0.939382 0.922652
168 0.999933 0.999822 0.999536 0.998826 0.997151 0.993511 0.986517 0.975181 0.960148 0.943713 0.928177
169 0.999938 0.999836 0.999572 0.998917 0.997371 0.994011 0.987556 0.977092 0.963216 0.948044 0.933702
170 0.999943 0.999849 0.999608 0.999007 0.99759 0.994509 0.988592 0.979 0.96628 0.952373 0.939227
171 0.999948 0.999863 0.999643 0.999097 0.997809 0.995009 0.989629 0.980909 0.969345 0.956703 0.944751
172 0.999954 0.999877 0.999679 0.999187 0.998027 0.995506 0.990664 0.982815 0.972407 0.96103 0.950276
173 0.999959 0.99989 0.999715 0.999277 0.998246 0.996005 0.9917 0.984723 0.975471 0.965359 0.955801
174 0.999964 0.999904 0.99975 0.999367 0.998464 0.996502 0.992735 0.986628 0.978533 0.969686 0.961326
175 0.999969 0.999918 0.999785 0.999457 0.998682 0.997 0.993769 0.988533 0.981594 0.974013 0.966851
176 0.999974 0.999931 0.999821 0.999547 0.998901 0.997498 0.994804 0.99044 0.984658 0.978341 0.972376
177 0.999979 0.999945 0.999857 0.999637 0.99912 0.997996 0.995839 0.992346 0.98772 0.982668 0.977901
178 0.999984 0.999959 0.999892 0.999728 0.99934 0.998497 0.996879 0.99426 0.99079 0.987001 0.983425
179 0.99999 0.999972 0.999928 0.999818 0.999559 0.998997 0.997918 0.996171 0.993857 0.991332 0.98895
180 0.999995 0.999986 0.999964 0.99991 0.999781 0.999502 0.998964 0.998093 0.996937 0.995672 0.994475
