#       tps                                       simu
5		4.7389E-01                5        0.428744   
10		1.2233E-01		 10	 0.107214   
20		3.0968E-02		 20	 0.0268426  
30		1.3817E-02		 30	 0.0117731  
40		7.8390E-03		 50	 0.00410782 
45		6.1789E-03		 70	 0.00201118 
50		4.9894E-03		 100	 0.000924489
55		4.1086E-03		 150	 0.000352542
60		3.4369E-03		 200	 0.000162806
70		2.4978E-03		 250	 8.37815e-05
80		1.8861E-03		 300	 4.44749e-05
90		1.4661E-03		 400	 1.38293e-05
100		1.1647E-03
120		7.7248E-04
140		5.3656E-04
150		4.5300E-04
200		2.1108E-04
250		1.0637E-04
300		5.3753E-05
350		2.4881E-05
400		7.8634E-06
