#  ang  7000.0       
   0    2.6852       
   1    0.6916       
   2    0.5824       
   3    0.868        
   4    0.7868       
   5    0.5712       
   6    0.3976       
   7    0.2912       
   8    0.21364      
   9    0.16128      
  10    0.11844      
  11    0.08652      
  12    0.06216      
  13    0.04452      
  14    0.03304      
  15    0.025536     
  16    0.02114      
  17    0.017752     
  18    0.015148     
  19    0.012712     
  20    0.010668     
  21    0.009044     
  22    0.007672     
  23    0.006608     
  24    0.005684     
  25    0.004956     
  26    0.004284     
  27    0.00378      
  28    0.003304     
  29    0.002912     
  30    0.0025452    
  31    0.0022176    
  32    0.0019432    
  33    0.0017052    
  34    0.0015092    
  35    0.0013356    
  36    0.0011816    
  37    0.0010444    
  38    0.0009212    
  39    0.0008148    
  40    0.0007252    
  41    0.0006468    
  42    0.0005768    
  43    0.0005124    
  44    0.0004536    
  45    0.0004032    
  46    0.0003612    
  47    0.0003248    
  48    0.0002912    
  49    0.00026236   
  50    0.0002352    
  51    0.00021252   
  52    0.0001904    
  53    0.00017164   
  54    0.00015456   
  55    0.00013916   
  56    0.000126     
  57    0.00011396   
  58    0.00010444   
  59    0.00009492   
  60    0.00008736   
  61    0.0000798    
  62    0.00007308   
  63    0.00006664   
  64    0.00006048   
  65    0.00005572   
  66    0.00005068   
  67    0.00004704   
  68    0.00004312   
  69    0.00004004   
  70    0.00003696   
  71    0.00003444   
  72    0.0000322    
  73    0.00002996   
  74    0.00002828   
  75    0.000025928  
  76    0.000024276  
  77    0.00002226   
  78    0.00002086   
  79    0.00001946   
  80    0.000018312  
  81    0.000017388  
  82    0.000016296  
  83    0.000015512  
  84    0.000014448  
  85    0.000013748  
  86    0.00001288   
  87    0.000012264  
  88    0.00001162   
  89    0.000010976  
  90    0.0000105    
  91    0.000009884  
  92    0.000009576  
  93    0.0000091    
  94    0.00000882   
  95    0.000008372  
  96    0.00000798   
  97    0.00000756   
  98    0.000007168  
  99    0.000006916  
 100    0.00000658   
 101    0.000006412  
 102    0.000006104  
 103    0.000005908  
 104    0.000005656  
 105    0.00000546   
 106    0.000005292  
 107    0.000005124  
 108    0.000005012  
 109    0.000004788  
 110    0.000004648  
 111    0.000004452  
 112    0.00000434   
 113    0.000004228  
 114    0.000004116  
 115    0.000004004  
 116    0.000003864  
 117    0.00000378   
 118    0.00000364   
 119    0.000003584  
 120    0.0000035    
 121    0.000003444  
 122    0.000003332  
 123    0.000003248  
 124    0.000003192  
 125    0.000003108  
 126    0.00000308   
 127    0.000002996  
 128    0.000002968  
 129    0.000002856  
 130    2.7944E-006  
 131    2.7328E-006  
 132    2.6908E-006  
 133    2.6684E-006  
 134    2.6208E-006  
 135    2.5788E-006  
 136    2.5032E-006  
 137    0.000002464  
 138    2.4164E-006  
 139    0.000002394  
 140    0.000002366  
 141    2.3296E-006  
 142    0.000002296  
 143    2.2484E-006  
 144    2.2344E-006  
 145    2.2036E-006  
 146    2.1952E-006  
 147    2.1644E-006  
 148    2.1252E-006  
 149    2.0888E-006  
 150    2.0608E-006  
 151    2.0636E-006  
 152    2.0608E-006  
 153    2.0636E-006  
 154    2.0384E-006  
 155    0.000002002  
 156    1.9656E-006  
 157    0.000001946  
 158    0.000001946  
 159    1.9516E-006  
 160    1.9488E-006  
 161    1.9264E-006  
 162    1.8984E-006  
 163    1.8648E-006  
 164    0.000001862  
 165    1.8676E-006  
 166    1.8732E-006  
 167    0.000001862  
 168    1.8424E-006  
 169    1.8256E-006  
 170    1.8116E-006  
 171    1.8228E-006  
 172    1.8396E-006  
 173    1.8312E-006  
 174    1.8088E-006  
 175    1.7892E-006  
 176    1.7976E-006  
 177    1.8368E-006  
 178    1.9096E-006  
 179    2.0804E-006  
 180    2.5508E-006  
