#E        NIST        G4     Lepts     Lepts       DNA    DNA
1      121.800   123.421   102.02    102.319    nan       nan
3       56.890   57.4305   49.0455   49.1382    53.3273	  nan	       
5       38.820   39.1496   34.6822   34.3057    37.3097   nan    
10      22.770   22.9365   21.1346   20.6048    22.239	  nan	       
30       9.726   9.78543   9.04845   8.92988    10.0005	  nan	       
100      4.142   4.16285   4.25392   4.01405    4.47916   4.11601   
300      2.368   2.37858   2.54753   2.39314    2.0708    1.89789  
1000     1.881   1.84719   1.99833   1.8377  
5000     2.069   1.88173   2.211     1.99779 
6000     2.110   1.90591


STPW(MeV*cm2/g):
#E        NIST         G4     Lepts     Lepts
1      121.800    123.421    102.25     102.068
3       56.890    57.4305    49.1883    49.0988
5       38.820    39.1496    34.5587    34.391 
10      22.770    22.9365    20.7132    20.5891
30       9.726    9.78543    8.98382    8.97943
100      4.142    4.16285    3.99115    4.01707
300      2.368    2.37858    2.32457    2.24639
1000     1.881    1.84719    1.81465    1.76349
5000     2.069    1.88173    1.97565    1.92035

