# ang   dxs(ang)         integrando      acumul

   0   3.26320791       0.00000000       0.00000000    
   1   3.26320791       6.24535698E-03   6.24535698E-03
   2   3.26320791       1.24888113E-02   1.87341683E-02
   3   3.26320791       1.87284630E-02   3.74626294E-02
   4   3.26320791       2.49624085E-02   6.24250397E-02
   5   3.26320791       3.11887525E-02   9.36137885E-02
   6   3.26320791       3.74055915E-02  0.131019384    
   7   3.26320791       4.36110422E-02  0.174630433    
   8   3.26320791       4.98032048E-02  0.224433631    
   9   3.26320791       5.59801981E-02  0.280413836    
  10   3.26320791       6.21401407E-02  0.342553973    
  11   3.26320791       6.82811514E-02  0.410835117    
  12   3.26320791       7.44013637E-02  0.485236466    
  13   3.26320791       8.04989114E-02  0.565735400    
  14   3.26320791       8.65719542E-02  0.652307332    
  15   3.26320791       9.26185995E-02  0.744925916    
  16   3.26320791       9.86370444E-02  0.843562961    
  17   3.26320791      0.104625449      0.948188424    
  18   3.26320791      0.110581979       1.05877042    
  19   3.26320791      0.116504818       1.17527521    
  20   3.26320791      0.122392185       1.29766738    
  21   3.26320791      0.128242254       1.42590964    
  22   3.01104689      0.123694442       1.54960406    
  23   2.78832293      0.119475357       1.66907942    
  24   2.59053397      0.115547307       1.78462672    
  25   2.41401505      0.111878209       1.89650488    
  26   2.25576091      0.108440697       2.00494552    
  27   2.11328197      0.105211079       2.11015654    
  28   1.98450696      0.102169015       2.21232557    
  29   1.86769497       9.92966071E-02   2.31162214    
  30   1.76137900       9.65784118E-02   2.40820050    
  31   1.66430902       9.40005928E-02   2.50220108    
  32   1.57542300       9.15512219E-02   2.59375238    
  33   1.49380398       8.92194659E-02   2.68297195    
  34   1.41866601       8.69959667E-02   2.76996803    
  35   1.34932399       8.48720819E-02   2.85484004    
  36   1.28518403       8.28402191E-02   2.93768024    
  37   1.22572803       8.08936432E-02   3.01857400    
  38   1.17050099       7.90261924E-02   3.09760022    
  39   1.11910105       7.72321895E-02   3.17483234    
  40   1.07117498       7.55066425E-02   3.25033903    
  41   1.02641106       7.38450587E-02   3.32418418    
  42  0.984530091       7.22432286E-02   3.39642739    
  43  0.945283890       7.06973076E-02   3.46712470    
  44  0.908451378       6.92038462E-02   3.53632855    
  45  0.873834312       6.77596778E-02   3.60408831    
  46  0.841254175       6.63618594E-02   3.67045021    
  47  0.810551107       6.50077537E-02   3.73545790    
  48  0.781579971       6.36948198E-02   3.79915261    
  49  0.754210293       6.24208339E-02   3.86157346    
  50  0.728323400       6.11836612E-02   3.92275715    
  51  0.703811586       5.99813573E-02   3.98273849    
  52  0.680576980       5.88120930E-02   4.04155064    
  53  0.658530474       5.76742217E-02   4.09922504    
  54  0.637590408       5.65661564E-02   4.15579128    
  55  0.617682397       5.54864556E-02   4.21127796    
  56  0.598738074       5.44337630E-02   4.26571178    
  57  0.580694914       5.34068160E-02   4.31911850    
  58  0.563495278       5.24044298E-02   4.37152290    
  59  0.547086179       5.14255054E-02   4.42294836    
  60  0.531418920       5.04690260E-02   4.47341728    
  61  0.516448200       4.95339856E-02   4.52295113    
  62  0.502132475       4.86195013E-02   4.57157040    
  63  0.488433301       4.77247238E-02   4.61929512    
  64  0.475314796       4.68488298E-02   4.66614389    
  65  0.462743998       4.59910966E-02   4.71213484    
  66  0.450690001       4.51507904E-02   4.75728559    
  67  0.439124286       4.43272516E-02   4.80161285    
  68  0.428020209       4.35198508E-02   4.84513283    
  69  0.417353004       4.27279919E-02   4.88786077    
  70  0.407099307       4.19511087E-02   4.92981195    
  71  0.397237808       4.11886796E-02   4.97100067    
  72  0.387748092       4.04401980E-02   5.01144075    
  73  0.378611296       3.97051759E-02   5.05114603    
  74  0.369809896       3.89831886E-02   5.09012938    
  75  0.361326993       3.82737853E-02   5.12840319    
  76  0.353147298       3.75765786E-02   5.16597986    
  77  0.345256090       3.68911773E-02   5.20287085    
  78  0.337639689       3.62172239E-02   5.23908806    
  79  0.330285102       3.55543531E-02   5.27464247    
  80  0.323180288       3.49022634E-02   5.30954456    
  81  0.316313714       3.42606194E-02   5.34380531    
  82  0.309674591       3.36291231E-02   5.37743425    
  83  0.303252786       3.30075100E-02   5.41044188    
  84  0.297038794       3.23955081E-02   5.44283724    
  85  0.291023314       3.17928344E-02   5.47462988    
  86  0.285197914       3.11992671E-02   5.50582933    
  87  0.279554486       3.06145661E-02   5.53644371    
  88  0.274085313       3.00385095E-02   5.56648207    
  89  0.268783212       2.94708908E-02   5.59595299    
  90  0.263641089       2.89114807E-02   5.62486458    
  91  0.258652687       2.83601228E-02   5.65322447    
  92  0.253811508       2.78165918E-02   5.68104124    
  93  0.249111906       2.72807367E-02   5.70832205    
  94  0.244548202       2.67523844E-02   5.73507452    
  95  0.240115106       2.62313671E-02   5.76130581    
  96  0.235807493       2.57175267E-02   5.78702354    
  97  0.231620595       2.52107121E-02   5.81223440    
  98  0.227549896       2.47107912E-02   5.83694506    
  99  0.223590896       2.42176112E-02   5.86116266    
 100  0.219739601       2.37310529E-02   5.88489389    
 101  0.215992004       2.32509915E-02   5.90814495    
 102  0.212344199       2.27772892E-02   5.93092203    
 103  0.208792806       2.23098546E-02   5.95323181    
 104  0.205334201       2.18485519E-02   5.97508049    
 105  0.201965198       2.13932898E-02   5.99647379    
 106  0.198682696       2.09439658E-02   6.01741791    
 107  0.195483506       2.05004625E-02   6.03791857    
 108  0.192364901       2.00626999E-02   6.05798149    
 109  0.189324096       1.96305830E-02   6.07761192    
 110  0.186358497       1.92040261E-02   6.09681606    
 111  0.183465600       1.87829416E-02   6.11559916    
 112  0.180642903       1.83672439E-02   6.13396645    
 113  0.177888200       1.79568622E-02   6.15192318    
 114  0.175199196       1.75517127E-02   6.16947508    
 115  0.172573805       1.71517264E-02   6.18662691    
 116  0.170010000       1.67568326E-02   6.20338392    
 117  0.167505696       1.63669474E-02   6.21975088    
 118  0.165059194       1.59820281E-02   6.23573303    
 119  0.162668705       1.56020075E-02   6.25133514    
 120  0.160332307       1.52268093E-02   6.26656199    
 121  0.158048496       1.48563869E-02   6.28141832    
 122  0.155815601       1.44906752E-02   6.29590893    
 123  0.153632000       1.41296154E-02   6.31003857    
 124  0.151496395       1.37731638E-02   6.32381153    
 125  0.149407297       1.34212682E-02   6.33723259    
 126  0.147363305       1.30738709E-02   6.35030651    
 127  0.145363107       1.27309272E-02   6.36303759    
 128  0.143405393       1.23923840E-02   6.37543011    
 129  0.141488999       1.20581994E-02   6.38748837    
 130  0.139612705       1.17283296E-02   6.39921665    
 131  0.137775406       1.14027290E-02   6.41061926    
 132  0.135975897       1.10813491E-02   6.42170048    
 133  0.134213299       1.07641611E-02   6.43246460    
 134  0.132486507       1.04511222E-02   6.44291592    
 135  0.130794495       1.01421895E-02   6.45305824    
 136  0.129136294       9.83731914E-03   6.46289539    
 137  0.127511099       9.53648984E-03   6.47243166    
 138  0.125917897       9.23965126E-03   6.48167133    
 139  0.124355897       8.94677453E-03   6.49061823    
 140  0.122824296       8.65782704E-03   6.49927616    
 141  0.121322297       8.37277807E-03   6.50764894    
 142  0.119849101       8.09159223E-03   6.51574039    
 143  0.118403800       7.81422295E-03   6.52355480    
 144  0.116985902       7.54066091E-03   6.53109550    
 145  0.115594700       7.27087120E-03   6.53836632    
 146  0.114229299       7.00480957E-03   6.54537106    
 147  0.112889297       6.74246345E-03   6.55211353    
 148  0.111573897       6.48379792E-03   6.55859756    
 149  0.110282503       6.22878224E-03   6.56482649    
 150  0.109014601       5.97739220E-03   6.57080364    
 151  0.107769497       5.72959986E-03   6.57653332    
 152  0.106546700       5.48537774E-03   6.58201885    
 153  0.105345704       5.24470070E-03   6.58726358    
 154  0.104165897       5.00754314E-03   6.59227133    
 155  0.103006802       4.77387942E-03   6.59704542    
 156  0.101867899       4.54368116E-03   6.60158920    
 157  0.100748800       4.31692880E-03   6.60590601    
 158   9.96490568E-02   4.09360323E-03   6.60999966    
 159   9.85680819E-02   3.87367047E-03   6.61387348    
 160   9.75054875E-02   3.65710841E-03   6.61753082    
 161   9.64608565E-02   3.44389747E-03   6.62097454    
 162   9.54338014E-02   3.23401392E-03   6.62420845    
 163   9.44238901E-02   3.02743400E-03   6.62723589    
 164   9.34307426E-02   2.82413280E-03   6.63006020    
 165   9.24539864E-02   2.62409123E-03   6.63268423    
 166   9.14932489E-02   2.42728856E-03   6.63511133    
 167   9.05481800E-02   2.23369896E-03   6.63734484    
 168   8.96184295E-02   2.04330543E-03   6.63938808    
 169   8.87036622E-02   1.85608189E-03   6.64124393    
 170   8.78035277E-02   1.67201343E-03   6.64291573    
 171   8.69177505E-02   1.49107038E-03   6.64440680    
 172   8.60459805E-02   1.31323794E-03   6.64572001    
 173   8.51879418E-02   1.13849097E-03   6.64685869    
 174   8.43433216E-02   9.66811203E-04   6.64782572    
 175   8.35118517E-02   7.98180001E-04   6.64862394    
 176   8.26932415E-02   6.32572453E-04   6.64925671    
 177   8.18872303E-02   4.69974562E-04   6.64972687    
 178   8.10935497E-02   3.10357456E-04   6.65003729    
 179   8.03119391E-02   1.53707108E-04   6.65019083    
 180   7.95421600E-02  -7.62569119E-10   6.65019083    

txs:   6.65019083    
