          22   3.01104689               0
          23   2.78832293               0
          24   2.59053397               0
          25   2.41401505               0
          26   2.25576091               0
          27   2.11328197               0
          28   1.98450696               0
          29   1.86769497               0
          30   1.76137900               0
          31   1.66430902               0
          32   1.57542300               0
          33   1.49380398               0
          34   1.41866601               0
          35   1.34932399               0
          36   1.28518403               0
          37   1.22572803               0
          38   1.17050099               0
          39   1.11910105               0
          40   1.07117498               0
          41   1.02641106               0
          42  0.984530091               0
          43  0.945283890               0
          44  0.908451378               0
          45  0.873834312               0
          46  0.841254175               0
          47  0.810551107               0
          48  0.781579971               0
          49  0.754210293               0
          50  0.728323400               0
          51  0.703811586               0
          52  0.680576980               0
          53  0.658530474               0
          54  0.637590408               0
          55  0.617682397               0
          56  0.598738074               0
          57  0.580694914               0
          58  0.563495278               0
          59  0.547086179               0
          60  0.531418920               0
          61  0.516448200               0
          62  0.502132475               0
          63  0.488433301               0
          64  0.475314796               0
          65  0.462743998               0
          66  0.450690001               0
          67  0.439124286               0
          68  0.428020209               0
          69  0.417353004               0
          70  0.407099307               0
          71  0.397237808               0
          72  0.387748092               0
          73  0.378611296               0
          74  0.369809896               0
          75  0.361326993               0
          76  0.353147298               0
          77  0.345256090               0
          78  0.337639689               0
          79  0.330285102               0
          80  0.323180288               0
          81  0.316313714               0
          82  0.309674591               0
          83  0.303252786               0
          84  0.297038794               0
          85  0.291023314               0
          86  0.285197914               0
          87  0.279554486               0
          88  0.274085313               0
          89  0.268783212               0
          90  0.263641089               0
          91  0.258652687               0
          92  0.253811508               0
          93  0.249111906               0
          94  0.244548202               0
          95  0.240115106               0
          96  0.235807493               0
          97  0.231620595               0
          98  0.227549896               0
          99  0.223590896               0
         100  0.219739601               0
         101  0.215992004               0
         102  0.212344199               0
         103  0.208792806               0
         104  0.205334201               0
         105  0.201965198               0
         106  0.198682696               0
         107  0.195483506               0
         108  0.192364901               0
         109  0.189324096               0
         110  0.186358497               0
         111  0.183465600               0
         112  0.180642903               0
         113  0.177888200               0
         114  0.175199196               0
         115  0.172573805               0
         116  0.170010000               0
         117  0.167505696               0
         118  0.165059194               0
         119  0.162668705               0
         120  0.160332307               0
         121  0.158048496               0
         122  0.155815601               0
         123  0.153632000               0
         124  0.151496395               0
         125  0.149407297               0
         126  0.147363305               0
         127  0.145363107               0
         128  0.143405393               0
         129  0.141488999               0
         130  0.139612705               0
         131  0.137775406               0
         132  0.135975897               0
         133  0.134213299               0
         134  0.132486507               0
         135  0.130794495               0
         136  0.129136294               0
         137  0.127511099               0
         138  0.125917897               0
         139  0.124355897               0
         140  0.122824296               0
         141  0.121322297               0
         142  0.119849101               0
         143  0.118403800               0
         144  0.116985902               0
         145  0.115594700               0
         146  0.114229299               0
         147  0.112889297               0
         148  0.111573897               0
         149  0.110282503               0
         150  0.109014601               0
         151  0.107769497               0
         152  0.106546700               0
         153  0.105345704               0
         154  0.104165897               0
         155  0.103006802               0
         156  0.101867899               0
         157  0.100748800               0
         158   9.96490568E-02           0
         159   9.85680819E-02           0
         160   9.75054875E-02           0
         161   9.64608565E-02           0
         162   9.54338014E-02           0
         163   9.44238901E-02           0
         164   9.34307426E-02           0
         165   9.24539864E-02           0
         166   9.14932489E-02           0
         167   9.05481800E-02           0
         168   8.96184295E-02           0
         169   8.87036622E-02           0
         170   8.78035277E-02           0
         171   8.69177505E-02           0
         172   8.60459805E-02           0
         173   8.51879418E-02           0
         174   8.43433216E-02           0
         175   8.35118517E-02           0
         176   8.26932415E-02           0
         177   8.18872303E-02           0
         178   8.10935497E-02           0
         179   8.03119391E-02           0
         180   7.95421600E-02           0
 angMin:           21
           0   3.26320791       0.00000000    
           1   3.26320791       6.24535698E-03
           2   3.26320791       1.87341683E-02
           3   3.26320791       3.74626294E-02
           4   3.26320791       6.24250397E-02
           5   3.26320791       9.36137885E-02
           6   3.26320791      0.131019384    
           7   3.26320791      0.174630433    
           8   3.26320791      0.224433631    
           9   3.26320791      0.280413836    
          10   3.26320791      0.342553973    
          11   3.26320791      0.410835117    
          12   3.26320791      0.485236466    
          13   3.26320791      0.565735400    
          14   3.26320791      0.652307332    
          15   3.26320791      0.744925916    
          16   3.26320791      0.843562961    
          17   3.26320791      0.948188424    
          18   3.26320791       1.05877042    
          19   3.26320791       1.17527521    
          20   3.26320791       1.29766738    
          21   3.26320791       1.42590964    
          22   3.01104689       1.54960406    
          23   2.78832293       1.66907942    
          24   2.59053397       1.78462672    
          25   2.41401505       1.89650488    
          26   2.25576091       2.00494552    
          27   2.11328197       2.11015654    
          28   1.98450696       2.21232557    
          29   1.86769497       2.31162214    
          30   1.76137900       2.40820050    
          31   1.66430902       2.50220108    
          32   1.57542300       2.59375238    
          33   1.49380398       2.68297195    
          34   1.41866601       2.76996803    
          35   1.34932399       2.85484004    
          36   1.28518403       2.93768024    
          37   1.22572803       3.01857400    
          38   1.17050099       3.09760022    
          39   1.11910105       3.17483234    
          40   1.07117498       3.25033903    
          41   1.02641106       3.32418418    
          42  0.984530091       3.39642739    
          43  0.945283890       3.46712470    
          44  0.908451378       3.53632855    
          45  0.873834312       3.60408831    
          46  0.841254175       3.67045021    
          47  0.810551107       3.73545790    
          48  0.781579971       3.79915261    
          49  0.754210293       3.86157346    
          50  0.728323400       3.92275715    
          51  0.703811586       3.98273849    
          52  0.680576980       4.04155064    
          53  0.658530474       4.09922504    
          54  0.637590408       4.15579128    
          55  0.617682397       4.21127796    
          56  0.598738074       4.26571178    
          57  0.580694914       4.31911850    
          58  0.563495278       4.37152290    
          59  0.547086179       4.42294836    
          60  0.531418920       4.47341728    
          61  0.516448200       4.52295113    
          62  0.502132475       4.57157040    
          63  0.488433301       4.61929512    
          64  0.475314796       4.66614389    
          65  0.462743998       4.71213484    
          66  0.450690001       4.75728559    
          67  0.439124286       4.80161285    
          68  0.428020209       4.84513283    
          69  0.417353004       4.88786077    
          70  0.407099307       4.92981195    
          71  0.397237808       4.97100067    
          72  0.387748092       5.01144075    
          73  0.378611296       5.05114603    
          74  0.369809896       5.09012938    
          75  0.361326993       5.12840319    
          76  0.353147298       5.16597986    
          77  0.345256090       5.20287085    
          78  0.337639689       5.23908806    
          79  0.330285102       5.27464247    
          80  0.323180288       5.30954456    
          81  0.316313714       5.34380531    
          82  0.309674591       5.37743425    
          83  0.303252786       5.41044188    
          84  0.297038794       5.44283724    
          85  0.291023314       5.47462988    
          86  0.285197914       5.50582933    
          87  0.279554486       5.53644371    
          88  0.274085313       5.56648207    
          89  0.268783212       5.59595299    
          90  0.263641089       5.62486458    
          91  0.258652687       5.65322447    
          92  0.253811508       5.68104124    
          93  0.249111906       5.70832205    
          94  0.244548202       5.73507452    
          95  0.240115106       5.76130581    
          96  0.235807493       5.78702354    
          97  0.231620595       5.81223440    
          98  0.227549896       5.83694506    
          99  0.223590896       5.86116266    
         100  0.219739601       5.88489389    
         101  0.215992004       5.90814495    
         102  0.212344199       5.93092203    
         103  0.208792806       5.95323181    
         104  0.205334201       5.97508049    
         105  0.201965198       5.99647379    
         106  0.198682696       6.01741791    
         107  0.195483506       6.03791857    
         108  0.192364901       6.05798149    
         109  0.189324096       6.07761192    
         110  0.186358497       6.09681606    
         111  0.183465600       6.11559916    
         112  0.180642903       6.13396645    
         113  0.177888200       6.15192318    
         114  0.175199196       6.16947508    
         115  0.172573805       6.18662691    
         116  0.170010000       6.20338392    
         117  0.167505696       6.21975088    
         118  0.165059194       6.23573303    
         119  0.162668705       6.25133514    
         120  0.160332307       6.26656199    
         121  0.158048496       6.28141832    
         122  0.155815601       6.29590893    
         123  0.153632000       6.31003857    
         124  0.151496395       6.32381153    
         125  0.149407297       6.33723259    
         126  0.147363305       6.35030651    
         127  0.145363107       6.36303759    
         128  0.143405393       6.37543011    
         129  0.141488999       6.38748837    
         130  0.139612705       6.39921665    
         131  0.137775406       6.41061926    
         132  0.135975897       6.42170048    
         133  0.134213299       6.43246460    
         134  0.132486507       6.44291592    
         135  0.130794495       6.45305824    
         136  0.129136294       6.46289539    
         137  0.127511099       6.47243166    
         138  0.125917897       6.48167133    
         139  0.124355897       6.49061823    
         140  0.122824296       6.49927616    
         141  0.121322297       6.50764894    
         142  0.119849101       6.51574039    
         143  0.118403800       6.52355480    
         144  0.116985902       6.53109550    
         145  0.115594700       6.53836632    
         146  0.114229299       6.54537106    
         147  0.112889297       6.55211353    
         148  0.111573897       6.55859756    
         149  0.110282503       6.56482649    
         150  0.109014601       6.57080364    
         151  0.107769497       6.57653332    
         152  0.106546700       6.58201885    
         153  0.105345704       6.58726358    
         154  0.104165897       6.59227133    
         155  0.103006802       6.59704542    
         156  0.101867899       6.60158920    
         157  0.100748800       6.60590601    
         158   9.96490568E-02   6.60999966    
         159   9.85680819E-02   6.61387348    
         160   9.75054875E-02   6.61753082    
         161   9.64608565E-02   6.62097454    
         162   9.54338014E-02   6.62420845    
         163   9.44238901E-02   6.62723589    
         164   9.34307426E-02   6.63006020    
         165   9.24539864E-02   6.63268423    
         166   9.14932489E-02   6.63511133    
         167   9.05481800E-02   6.63734484    
         168   8.96184295E-02   6.63938808    
         169   8.87036622E-02   6.64124393    
         170   8.78035277E-02   6.64291573    
         171   8.69177505E-02   6.64440680    
         172   8.60459805E-02   6.64572001    
         173   8.51879418E-02   6.64685869    
         174   8.43433216E-02   6.64782572    
         175   8.35118517E-02   6.64862394    
         176   8.26932415E-02   6.64925671    
         177   8.18872303E-02   6.64972687    
         178   8.10935497E-02   6.65003729    
         179   8.03119391E-02   6.65019083    
         180   7.95421600E-02   6.65019083    
 txs:   6.65019083    
