0.5   0.000166312
1.5   7.86193e-05
2.5   3.08687e-05
3.5   1.40032e-05
4.5   7.95005e-06
5.5   5.03111e-06
6.5   3.40191e-06
7.5   2.41991e-06
8.5   1.78704e-06
9.5   1.35452e-06
10.5  1.04664e-06
11.5  8.29038e-07
12.5  6.63525e-07
13.5  5.36402e-07
14.5  4.40269e-07
15.5  3.63877e-07
16.5  3.03035e-07
17.5  2.53823e-07
18.5  2.15423e-07
19.5  1.83219e-07
20.5  1.55948e-07
21.5  1.34101e-07
22.5  1.15062e-07
23.5  9.98025e-08
24.5  8.67701e-08
25.5  7.54177e-08
26.5  6.61012e-08
27.5  5.79862e-08
28.5  5.12577e-08
29.5  4.48596e-08
30.5  3.97526e-08
31.5  3.50825e-08
32.5  3.11345e-08
33.5  2.77408e-08
34.5  2.46214e-08
35.5  2.21211e-08
36.5  1.96809e-08
37.5  1.7569e-08
38.5  1.58699e-08
39.5  1.41674e-08
40.5  1.27963e-08
41.5  1.16449e-08
42.5  1.04134e-08
43.5  9.31821e-09
44.5  8.43369e-09
45.5  7.64532e-09
46.5  6.97258e-09
47.5  6.38798e-09
48.5  5.80591e-09
49.5  5.26564e-09
50.5  4.75339e-09
51.5  4.33528e-09
52.5  3.95408e-09
53.5  3.65991e-09
54.5  3.34623e-09
55.5  3.04478e-09
56.5  2.79071e-09
57.5  2.5664e-09
58.5  2.3913e-09
59.5  2.18584e-09
60.5  2.0045e-09
61.5  1.83315e-09
62.5  1.70675e-09
63.5  1.55172e-09
64.5  1.441e-09
65.5  1.33422e-09
66.5  1.25201e-09
67.5  1.14997e-09
68.5  1.05194e-09
69.5  9.80634e-10
70.5  9.01839e-10
71.5  8.28656e-10
72.5  7.8975e-10
73.5  7.27745e-10
74.5  6.67473e-10
75.5  6.31487e-10
76.5  5.94147e-10
77.5  5.48809e-10
78.5  5.12203e-10
79.5  4.78578e-10
80.5  4.43154e-10
81.5  4.1798e-10
82.5  3.78009e-10
83.5  3.58563e-10
84.5  3.30445e-10
85.5  3.14348e-10
86.5  2.94799e-10
87.5  2.75983e-10
88.5  2.54923e-10
89.5  2.41942e-10
90.5  2.21522e-10
91.5  2.04986e-10
92.5  1.94117e-10
93.5  1.79584e-10
94.5  1.72737e-10
95.5  1.61317e-10
96.5  1.47227e-10
97.5  1.36317e-10
98.5  1.24455e-10
99.5  1.1447e-10
