0.5   6.9046e-05
1.5   3.23833e-05
2.5   1.28969e-05
3.5   6.07696e-06
4.5   3.59352e-06
5.5   2.36928e-06
6.5   1.67771e-06
7.5   1.24458e-06
8.5   9.56303e-07
9.5   7.56373e-07
10.5  6.12012e-07
11.5  4.9964e-07
12.5  4.19273e-07
13.5  3.54063e-07
14.5  3.02078e-07
15.5  2.59538e-07
16.5  2.25365e-07
17.5  1.9782e-07
18.5  1.72972e-07
19.5  1.52428e-07
20.5  1.34966e-07
21.5  1.2148e-07
22.5  1.08239e-07
23.5  9.74435e-08
24.5  8.75054e-08
25.5  7.92574e-08
26.5  7.15823e-08
27.5  6.5113e-08
28.5  5.91619e-08
29.5  5.41608e-08
30.5  4.95201e-08
31.5  4.51166e-08
32.5  4.13814e-08
33.5  3.80929e-08
34.5  3.50976e-08
35.5  3.23184e-08
36.5  2.99942e-08
37.5  2.74635e-08
38.5  2.55963e-08
39.5  2.36467e-08
40.5  2.19337e-08
41.5  2.0421e-08
42.5  1.89118e-08
43.5  1.77002e-08
44.5  1.6365e-08
45.5  1.5339e-08
46.5  1.43445e-08
47.5  1.3343e-08
48.5  1.2492e-08
49.5  1.16446e-08
50.5  1.09102e-08
51.5  1.0168e-08
52.5  9.50771e-09
53.5  8.96498e-09
54.5  8.39704e-09
55.5  7.86281e-09
56.5  7.42697e-09
57.5  6.96888e-09
58.5  6.51414e-09
59.5  6.12387e-09
60.5  5.77092e-09
61.5  5.45276e-09
62.5  5.13322e-09
63.5  4.79825e-09
64.5  4.53133e-09
65.5  4.29277e-09
66.5  4.02239e-09
67.5  3.80663e-09
68.5  3.59315e-09
69.5  3.40461e-09
70.5  3.23267e-09
71.5  3.03487e-09
72.5  2.88354e-09
73.5  2.68867e-09
74.5  2.56291e-09
75.5  2.43303e-09
76.5  2.30064e-09
77.5  2.16904e-09
78.5  2.04429e-09
79.5  1.95193e-09
80.5  1.82903e-09
81.5  1.73897e-09
82.5  1.6431e-09
83.5  1.55234e-09
84.5  1.46975e-09
85.5  1.39636e-09
86.5  1.32847e-09
87.5  1.23741e-09
88.5  1.17797e-09
89.5  1.10505e-09
90.5  1.04377e-09
91.5  9.89378e-10
92.5  9.30408e-10
93.5  8.72598e-10
94.5  8.27683e-10
95.5  7.63305e-10
96.5  7.40253e-10
97.5  6.86109e-10
98.5  6.31457e-10
99.5  5.84894e-10
