#P  plainf simu-e-   simu-x      simu-z      simu-yx    DistMin     Prox

1   5.06   5.7538    5.56912     5.48452     5.7155     1.26589882  24 
2   1.08   1.1344    1.18522     1.24632     1.18926    2.62202239  62 
3   3.31   3.5818    3.59909     3.57375     3.43053    1.15108657  63 
4   9.66   10.7256   10.7062     10.6255     10.9806    1.22065556  29 
5   12.43  14.3212   14.0286     14.96       15.6766    0.53851646  29 
6   0.37   0.419201  0.37597     0.429875    0.404292   3.68917346  56 
7   0.05   0.0613298 0.0479398   0.057155    0.047717   7.57776356  18 
8   1.52   1.70802   1.76107     1.68576     1.61285    2.40728068  36 










