NoPrimaries
1.58126e+07
8.03137e+07
2.53088e+07
8.44571e+06
6.30741e+06
2.17268e+08
4.97932e+08
5.28147e+07

cGyHour
5.7538
1.13445
3.5818
10.7256
14.3212
0.419201
0.0613298
1.70802

pCmm3s
0.457222
0.0900963
0.284764
0.851936
1.13724
0.0333444
0.00488846
0.135744

pCugHour
1.646
0.324347
1.02515
3.06697
4.09407
0.12004
0.0175985
0.488678

compt
5.7078e-05
1.22575e-05
3.72338e-05
0.000108035
0.000146707
4.25464e-06
6.64705e-07
1.75579e-05

phot
6.33175e-05
1.24593e-05
3.95228e-05
0.000118433
0.000158617
4.60272e-06
6.49831e-07
1.89374e-05

Rayl
1.62258e-05
3.80476e-06
1.13111e-05
3.19286e-05
4.34495e-05
1.35849e-06
2.12159e-07
5.37801e-06

Elastic
13.1617
2.59139
8.19938
24.5145
32.716
0.958823
0.140701
3.90833

ExcitRotat
20.7131
4.07754
12.8991
38.5683
51.4761
1.5087
0.221342
6.14861

ExcitVibrat
0.407025
0.0801779
0.253659
0.758418
1.01236
0.0296613
0.00435371
0.120952

Excitation
0.00970786
0.00191729
0.00604661
0.0181368
0.0241786
0.000707563
0.000103952
0.00288935

Ionisation
0.051623
0.0101724
0.0321515
0.0961885
0.128401
0.00376478
0.000551936
0.0153263

DissocNeutr
0.021902
0.00432025
0.0136051
0.0407596
0.0544481
0.00159341
0.000234291
0.00649304

Attachment
0.00236992
0.000467954
0.00148212
0.00444557
0.00590712
0.000173194
2.51012e-05
0.00071147
