     0    3.2  1.3
    -1.4  4.4  4.5
     0.3  0    5.3
     0.2  0.8  2
    -0.7  0.3  2
    -4.9  2.9  5.3
    -8.2 -3.5  0
     4.4  0.6  2

    -0.5  -0.2  0
     1.5   1    0
    -1     2    0
     1.5   0    0.5
     2     0.5  0.5
    -1     1.05 0.5
     1.5   1.5  0.5
     0     2    0.5
    -1.05  2.4  0.5
     1.05  2.4  0.5
    -0.5  -1    1
     1.5  -0.45 1
    -0.5  -0.2  1
    -1.45  0.05 1
     1.5   1    1
    -1     2    1
     2.15  1.8  1
    -1.45 -0.4  1.5
     1.5  -0.05 1.5
     2     0.5  1.5
    -1     1    1.5
    -2     1.5  1.5
     1.5   1.5  1.5
     0     1.95 1.5
    -1.05  2.4  1.5
     1.05  2.4  1.5
    -0.5  -1    2
     1.5  -0.45 2
    -0.5  -0.2  2
    -1.5   0    2
     1.5   1    2
    -1     1.95 2
     2.15  1.8  2
    -1.45 -0.4  2.5
     1.5  -0.05 2.5
     2.05  0.45 2.5
    -1     1    2.5
    -2     1.5  2.5
     1.5   1.5  2.5
     0     2.05 2.5
    -1.05  2.4  2.5
     1.05  2.4  2.5
    -0.5  -1    3
     1.5  -0.5  3
    -0.5  -0.2  3
    -1.5   0    3
     1.5   1    3
    -1.05  1.9  3
     2.15  1.8  3.08
    -1.45 -0.4  3.5
     1.55 -0.1  3.5
     1     0.4  3.5
     2     0.5  3.5
    -1.05  0.85 3.5
     1.5   1.45 3.5
    -2     1.5  3.5
     0     2    3.5
     1.05  2.4  3.5
    -0.5  -0.2  4
    -1.5   0    4
     1.5   0.95 4
    -1.05  1.85 4
     1.05  0.35 4.5
    -1.05  0.8  4.5
     0     1.95 4.5
