  0.995999992       4.85582575E-02
   1.03439999       7.13343397E-02
   1.07279992      0.102252290    
   1.11119986      0.102253839    
   1.14960003      0.132386833    
   1.18799996      0.156877562    
   1.22639990      0.182158172    
   1.26480007      0.207081541    
   1.30320001      0.230397671    
   1.34159994      0.291411638    
   1.38000011      0.342916280    
   1.41840005      0.399196982    
   1.45679998      0.460847020    
   1.49520004      0.512141109    
   1.53360009      0.554506838    
   1.57200003      0.598771453    
   1.61039996      0.646589875    
   1.64879990      0.719847620    
   1.68720007      0.786281109    
   1.72560000      0.887774467    
   1.76400006       1.03790855    
   1.80239999       1.19120979    
   1.84080005       1.34786153    
   1.87919998       1.48728776    
   1.91759992       1.63633418    
   1.95599985       1.75830102    
   1.99439991       1.83194208    
   2.03279972       1.86473739    
   2.07119989       1.85509348    
   2.10960007       1.81175351    
   2.14800024       1.72436285    
   2.18639994       1.58681560    
   2.22480011       1.43051589    
   2.26319981       1.25282395    
   2.30159998       1.07351518    
   2.34000015      0.893914461    
   2.37840033      0.719243050    
   2.41680002      0.571722507    
   2.45519996      0.441087365    
   2.49359989      0.333686292    
   2.53200006      0.245736077    
   2.57040000      0.181364059    
   2.60880017      0.132242888    
   2.64720011       9.47108492E-02
   2.68560004       6.79248050E-02
   2.72399998       5.05950153E-02
   2.76240015       3.71170789E-02
   2.80080009       2.78002173E-02
   2.83920002       2.03189068E-02
   2.87759995       1.51810460E-02
   2.91599989       1.11927791E-02
   2.95440006       7.72499107E-03
   2.99280000       5.19989012E-03
   3.03119993       2.61787418E-03
   3.06960011       1.99089060E-03
   3.10800004       1.12876901E-03
   3.14639997       9.89913940E-04
   3.18480015       1.67991640E-03
   3.22320008       1.94442761E-03
   3.26160002       2.30873120E-03
   3.29999995       2.14973465E-03
   3.33839989       1.62864686E-03
   3.37680006       9.65957646E-04
   3.41520000       5.76400780E-04
   3.45359993       1.00000001E-10
   3.49199986       2.04468506E-05
   3.53039980       6.86733074E-07
   3.56879950       9.42231127E-05
   3.60719967       7.67440768E-04
   3.64560032       6.04705769E-04
   3.68400049       5.56106563E-04
   3.72240019       6.27212517E-04
   3.76080012       7.28607847E-05
   3.79920006       1.22451820E-04
   3.83759999       1.00000001E-10
   3.87599993       1.00000001E-10
   3.91440010       1.00000001E-10
