   5.00959969       3.11541259E-02
   5.04799938       2.87428275E-02
   5.08639956       2.85380650E-02
   5.12479973       2.47924775E-02
   5.16319990       2.65267231E-02
   5.20159960       4.12747562E-02
   5.23999977       5.11861145E-02
   5.27840042       4.66259494E-02
   5.31680059       3.97170931E-02
   5.35520029       4.68480512E-02
   5.39360046       5.15468679E-02
   5.43200016       5.13057113E-02
   5.47039986       5.69036752E-02
   5.50880003       5.80939241E-02
   5.54720020       7.16861412E-02
   5.58559990       6.31020963E-02
   5.62399960       5.77956773E-02
   5.66239977       6.06378652E-02
   5.70079994       4.68634441E-02
   5.73920012       5.55471629E-02
   5.77760029       7.02132955E-02
   5.81600046       8.60970467E-02
   5.85440063      0.111525543    
   5.89280033      0.131629735    
   5.93120003      0.147945344    
   5.96960020      0.158851817    
   6.00800037      0.142259836    
   6.04640007      0.136347204    
   6.08479977      0.143690258    
   6.12319946      0.133862525    
   6.16159916      0.143924356    
   6.19999933      0.159130618    
   6.23839998      0.194676340    
   6.27680016      0.231715202    
   6.31520033      0.241155073    
   6.35360050      0.274216473    
   6.39200068      0.308431268    
   6.43040037      0.333151042    
   6.46880007      0.350165814    
   6.50719976      0.379637331    
   6.54559994      0.423301369    
   6.58399963      0.461167157    
   6.62239933      0.487603009    
   6.66079950      0.532582521    
   6.69919920      0.595549166    
   6.73759937      0.654640198    
   6.77599907      0.722066879    
   6.81439972      0.791633844    
   6.85280037      0.882449031    
   6.89120007      0.977005243    
   6.92960024       1.06964540    
   6.96799994       1.16581821    
   7.00639963       1.26896024    
   7.04479980       1.37061310    
   7.08319950       1.47075319    
   7.12159967       1.54838037    
   7.15999985       1.60125661    
   7.19839954       1.62543559    
   7.23680019       1.59697342    
   7.27520037       1.52480125    
   7.31360054       1.41292691    
   7.35200024       1.26500463    
   7.39040041       1.09835410    
   7.42880011      0.925426006    
   7.46720028      0.764419556    
   7.50559998      0.614393950    
   7.54400015      0.482501626    
   7.58239937      0.373499811    
   7.62080002      0.285778195    
   7.65919971      0.214916140    
   7.69759941      0.157280281    
   7.73599911      0.113855585    
   7.77439928       8.19588453E-02
   7.81279945       5.84027842E-02
   7.85120010       4.05088067E-02
   7.88960028       2.84303278E-02
   7.92799997       2.02705376E-02
   7.96640015       1.44093316E-02
   8.00479984       1.00560766E-02
   8.04319954       6.91818260E-03
   8.08160019       5.04882820E-03
   8.11999893       3.20892315E-03
   8.15839958       1.35139469E-03
   8.19680023       2.39486719E-04
   8.23519993       1.00000001E-10
   8.27359962       1.00000001E-10
   8.31200027       1.00000001E-10
   8.35039997       1.00000001E-10
   8.38879967       1.00000001E-10
   8.42719936       1.00000001E-10
   8.46559906       2.44149373E-06
   8.50399971       4.91943327E-04
   8.54239941       7.36007700E-04
   8.58079910       7.77969370E-04
   8.61919975       1.05728139E-03
   8.65760040       1.33529666E-03
   8.69600010       1.53060909E-03
   8.73439980       1.25045772E-03
   8.77280045       9.31701623E-04
   8.81119919       8.94851692E-04
   8.84959984       6.89239474E-04
   8.88799953       1.14471442E-03
   8.92640018       8.12835700E-04
