
   18.6371994       1.39884111E-02
   18.6756001       1.68175101E-02
   18.7140007       1.88488998E-02
   18.7523994       2.42646243E-02
   18.7907982       3.88711616E-02
   18.8291988       5.86363673E-02
   18.8675995       7.61406422E-02
   18.9059982       9.79344025E-02
   18.9443989      0.129707843    
   18.9827995      0.168126464    
   19.0211983      0.205788255    
   19.0595989      0.252810061    
   19.0979996      0.314190745    
   19.1364002      0.383432150    
   19.1747990      0.463677764    
   19.2131996      0.554371953    
   19.2516003      0.670418262    
   19.2899990      0.802140474    
   19.3283997      0.944549441    
   19.3668003       1.11325955    
   19.4052010       1.28996813    
   19.4435997       1.47235656    
   19.4819984       1.64420605    
   19.5203991       1.79385889    
   19.5587997       1.92385626    
   19.5972004       2.00505710    
   19.6355991       2.03741908    
   19.6739998       2.02012491    
   19.7123985       1.95655489    
   19.7507973       1.84508026    
   19.7891998       1.69120383    
   19.8276005       1.50733900    
   19.8659992       1.30738187    
   19.9043999       1.09957981    
   19.9428005      0.893443346    
   19.9811993      0.702894449    
   20.0195999      0.534019887    
   20.0579987      0.393144876    
   20.0963993      0.281451732    
   20.1348000      0.195335537    
   20.1731987      0.133725435    
   20.2115993       8.97861421E-02
   20.2500000       6.07616417E-02
   20.2883987       4.11656946E-02
   20.3267994       2.74084471E-02
   20.3652000       1.85629278E-02
   20.4035988       1.24435425E-02
   20.4419994       8.76243599E-03
   20.4804001       6.31134026E-03
   20.5188007       4.43321234E-03
   20.5571995       3.26667796E-03
   20.5956001       2.61627184E-03
   20.6339989       1.91856374E-03
   20.6723995       1.18537899E-03
   20.7108002       8.83254979E-04
   20.7491989       8.17947381E-04
   20.7875996       5.77774015E-04
   20.8260002       3.84445215E-04
   20.8643990       2.05917357E-04
   20.9027977       2.68707285E-04
   20.9411983       1.02462815E-04
   20.9795990       3.58590296E-06
   21.0179996       6.87408610E-05
   21.0563984       1.00000001E-10
   21.0947990       9.72747803E-05
   21.1331997       3.89105389E-06
   21.1716003       1.80206305E-04
   21.2099991       2.01797477E-04
   21.2483978       1.17493300E-05
