0.354840	0.000000
0.378880	0.000000
0.402920	0.000000
0.426960	0.000000
0.451000	0.000000
0.475040	0.000000
0.499080	0.000000
0.523120	0.000000
0.547160	0.000000
0.571200	0.000000
0.595240	0.000000
0.619280	0.000000
0.643320	0.000000
0.667360	0.000000
0.691400	0.000000
0.715440	0.000000
0.739480	0.000000
0.763520	0.000000
0.787560	0.000000
0.811600	0.000000
0.835640	0.000000
0.859680	0.000000
0.883720	0.000000
0.907760	0.000000
0.931800	0.000000
0.955840	0.000000
0.979880	0.000000
1.003920	0.000000
1.027960	0.000000
1.052000	0.000000
1.076040	0.000000
1.100080	0.000000
1.124120	0.000000
1.148160	0.000000
1.172200	0.000000
1.196240	0.000000
1.220280	0.000000
1.244320	0.000000
1.268360	0.000000
1.292400	0.000000
1.316440	0.000000
1.340480	0.000000
1.364520	0.000000
1.388560	0.000000
1.412600	0.000000
1.436640	0.000000
1.460680	0.000000
1.484720	0.000000
1.508760	0.000000
1.532800	0.000000
1.556840	0.000000
1.580880	0.000000
1.604920	0.000000
1.628960	0.000000
1.653000	0.000000
1.677040	0.000000
1.701080	0.000000
1.725120	0.000000
1.749160	0.000000
1.773200	0.000000
1.797240	0.000000
1.821280	0.000000
1.845320	0.000000
1.869360	0.000000
1.893400	0.000000
1.917440	0.000000
1.941480	0.000000
1.965520	0.000000
1.989560	0.000000
2.013600	0.000000
2.037640	0.000000
2.061680	0.000000
2.085720	0.000000
2.109760	0.000000
2.133800	0.000000
2.157840	0.000000
2.181880	0.000000
2.205920	0.000000
2.229960	0.000000
2.254000	0.000000
2.278040	0.000000
2.302080	0.000000
2.326120	0.000000
2.350160	0.000000
2.374200	0.000000
2.398240	0.000000
2.422280	0.000000
2.446320	0.000000
2.470360	0.000000
2.494400	0.000000
2.518440	0.000000
2.542480	0.000000
2.566520	0.000000
2.590560	0.000000
2.614600	0.000000
2.638640	0.000000
2.662680	0.000000
2.686720	0.000000
2.710760	0.000000
2.734800	0.000000
2.758840	0.000000
2.782880	0.000000
2.806920	0.000000
2.830960	0.000000
2.855000	0.000000
2.879040	0.000000
2.903080	0.000000
2.927120	0.000000
2.951160	0.000000
2.975200	0.000000
2.999240	0.000000
3.023280	0.000000
3.047320	0.000000
3.071360	0.000000
3.095400	0.000000
3.119440	0.000000
3.143480	0.000000
3.167520	0.000000
3.191560	0.000000
3.215600	0.000000
3.239640	0.000000
3.263680	0.000000
3.287720	0.000000
3.311760	0.000000
3.335800	0.000000
3.359840	0.000000
3.383880	0.000000
3.407920	0.000000
3.431960	0.000000
3.456000	0.000000
3.480040	0.000000
3.504080	0.000000
3.528120	0.000000
3.552160	0.000000
3.576200	0.000000
3.600240	0.000000
3.624280	0.000000
3.648320	0.000000
3.672360	0.000000
3.696400	0.000000
3.720440	0.000000
3.744480	0.000000
3.768520	0.000000
3.792560	0.000000
3.816600	0.000000
3.840640	0.000000
3.864680	0.000000
3.888720	0.000000
3.912760	0.000000
3.936800	0.000000
3.960840	0.000000
3.984880	0.000000
4.008920	0.000000
4.032960	0.000000
4.057000	0.000000
4.081040	0.000000
4.105080	0.000000
4.129120	0.000000
4.153160	0.000000
4.177200	0.000000
4.201240	0.000000
4.225280	0.000000
4.249320	0.000000
4.273360	0.000000
4.297400	0.000000
4.321440	0.000000
4.345480	0.000000
4.369520	0.000000
4.393560	0.000000
4.417600	0.000000
4.441640	0.000000
4.465680	0.000000
4.489720	0.000000
4.513760	0.000000
4.537800	0.000000
4.561840	0.000000
4.585880	0.000000
4.609920	0.000000
4.633960	0.000000
4.658000	0.000000
4.682040	0.000000
4.706080	0.000000
4.730120	0.000000
4.754160	0.000000
4.778200	0.000000
4.802240	0.000000
4.826280	0.000000
4.850320	0.000000
4.874360	0.000000
4.898400	0.000000
4.922440	0.000000
4.946480	0.000000
4.970520	0.000000
4.994560	0.000000
5.018600	0.000000
5.042640	0.000000
5.066680	0.000000
5.090720	0.000000
5.114760	0.000000
5.138800	0.000000
5.162840	0.000000
5.186880	0.000000
5.210920	0.000000
5.234960	0.000000
5.259000	0.000000
5.283040	0.000000
5.307080	0.000000
5.331120	0.000000
5.355160	0.000000
5.379200	0.000000
5.403240	0.000000
5.427280	0.000000
5.451320	0.000000
5.475360	0.000000
5.499400	0.000000
5.523440	0.000000
5.547480	0.000000
5.571520	0.000000
5.595560	0.000000
5.619600	0.000000
5.643640	0.000000
5.667680	0.000000
5.691720	0.000000
5.715760	0.000000
5.739800	0.000000
5.763840	0.000000
5.787880	0.000000
5.811920	0.000000
5.835960	0.000000
5.860000	0.000000
5.884040	0.000000
5.908080	0.000000
5.932120	0.000000
5.956160	0.000000
5.980200	0.000000
6.004240	0.000000
6.028280	0.000000
6.052320	0.000000
6.076360	0.000000
6.100400	0.000000
6.124440	0.000000
6.148480	0.000000
6.172520	0.000000
6.196560	0.000000
6.220600	0.000000
6.244640	0.000000
6.268680	0.000000
6.292720	0.000000
6.316760	0.000000
6.340800	0.000000
6.364840	0.000000
6.388880	0.000000
6.412920	0.000000
6.436960	0.000000
6.461000	0.000000
6.485040	0.000000
6.509080	0.000000
6.533120	0.000000
6.557160	0.000000
6.581200	0.000000
6.605240	0.000000
6.629280	0.000000
6.653320	0.000000
6.677360	0.000000
6.701400	0.000000
6.725440	0.000000
6.749480	0.000000
6.773520	0.000000
6.797560	0.000000
6.821600	0.000000
6.845640	0.000000
6.869680	0.000000
6.893720	0.000000
6.917760	0.000000
6.941800	0.000000
6.965840	0.000000
6.989880	0.000000
7.013920	0.000000
7.037960	0.000000
7.062000	0.000000
7.086040	0.000000
7.110080	0.000000
7.134120	0.000000
7.158160	0.000000
7.182200	0.000000
7.206240	0.000000
7.230280	0.000000
7.254320	0.000000
7.278360	0.000000
7.302400	0.000000
7.326440	0.000000
7.350480	0.000000
7.374520	0.000000
7.398560	0.000000
7.422600	0.000000
7.446640	0.000000
7.470680	0.000000
7.494720	0.000000
7.518760	0.000000
7.542800	0.000000
7.566840	0.000000
7.590880	0.000000
7.614920	0.000000
7.638960	0.000000
7.663000	0.000000
7.687040	0.000000
7.711080	0.000000
7.735120	0.000000
7.759160	0.000000
7.783200	0.000000
7.807240	0.000000
7.831280	0.000000
7.855320	0.000000
7.879360	0.000000
7.903400	0.000000
7.927440	0.000000
7.951480	0.000000
7.975520	0.000000
7.999560	0.000000
8.023600	0.000000
8.047640	0.000000
8.071680	0.000000
8.095720	0.000000
8.119760	0.000000
8.143800	0.000000
8.167840	0.000000
8.191880	0.000000
8.215920	0.000000
8.239960	0.000000
8.264000	0.000000
8.288040	0.000000
8.312080	0.000000
8.336120	0.000000
8.360160	0.000000
8.384200	0.000000
8.408240	0.000000
8.432280	0.000000
8.456320	0.000000
8.480360	0.000000
8.504400	0.000000
8.528440	0.000000
8.552480	0.000000
8.576520	0.000000
8.600560	0.000000
8.624600	0.000000
8.648640	0.000000
8.672680	0.000000
8.696720	0.000000
8.720760	0.000000
8.744800	0.000000
8.768840	0.000000
8.792880	0.000000
8.816920	0.000000
8.840960	0.000000
8.865000	0.000000
8.889040	0.000000
8.913080	0.000000
8.937120	0.000000
8.961160	0.000000
8.985200	0.000000
9.009240	0.000000
9.033280	0.000000
9.057320	0.000000
9.081360	0.000000
9.105400	0.000000
9.129440	0.000000
9.153480	0.000000
9.177520	0.000000
9.201560	0.000000
9.225600	0.000000
9.249640	0.000000
9.273680	0.000000
9.297720	0.000000
9.321760	0.000000
9.345800	0.000000
9.369840	0.000000
9.393880	0.000000
9.417920	0.000000
9.441960	0.000000
9.466000	0.000000
9.490040	0.000000
9.514080	0.000000
9.538120	0.000000
9.562160	0.000000
9.586200	0.000000
9.610240	0.000000
9.634280	0.000000
9.658320	0.000000
9.682360	0.000000
9.706400	0.000000
9.730440	0.000000
9.754480	0.000000
9.778520	0.000000
9.802560	0.000000
9.826600	0.000000
9.850640	0.000000
9.874680	0.000000
9.898720	0.000000
9.922760	0.000000
9.946800	0.000000
9.970840	0.000000
9.994880	0.000000
10.018920	0.000000
10.042960	0.000000
10.067000	0.000000
10.091040	0.000000
10.115080	0.000000
10.139120	0.000000
10.163160	0.000000
10.187200	0.000000
10.211240	0.000000
10.235280	0.000000
10.259320	0.000000
10.283360	0.000000
10.307400	0.000000
10.331440	0.000000
10.355480	0.000000
10.379520	0.000000
10.403560	0.000000
10.427600	0.000000
10.451640	0.000000
10.475680	0.000000
10.499720	0.000000
10.523760	0.000000
10.547800	0.000000
10.571840	0.000000
10.595880	0.000000
10.619920	0.000000
10.643960	0.000000
10.668000	0.000000
10.692040	0.000000
10.716080	0.000000
10.740120	0.000000
10.764160	0.000000
10.788200	0.000000
10.812240	0.000000
10.836280	0.000000
10.860320	0.000000
10.884360	0.000000
10.908400	0.000000
10.932440	0.000000
10.956480	0.000000
10.980520	0.000000
11.004560	0.000000
11.028600	0.000000
11.052640	0.000000
11.076680	0.000000
11.100720	0.000000
11.124760	0.000000
11.148800	0.000000
11.172840	0.000000
11.196880	0.000000
11.220920	0.000000
11.244960	0.000000
11.269000	0.000000
11.293040	0.000000
11.317080	0.000000
11.341120	0.000000
11.365160	0.000000
11.389200	0.000000
11.413240	0.000000
11.437280	0.000000
11.461320	0.000000
11.485360	0.000000
11.509400	0.000000
11.533440	0.000000
11.557480	0.000000
11.581520	0.000000
11.605560	0.000000
11.629600	0.000000
11.653640	0.000000
11.677680	0.000000
11.701720	0.000000
11.725760	0.000000
11.749800	0.000000
11.773840	0.000000
11.797880	0.000000
11.821920	0.000000
11.845960	0.000000
11.870000	0.000000
11.894040	0.000000
11.918080	0.000000
11.942120	0.000000
11.966160	0.000000
11.990200	0.000000
12.014240	0.000000
12.038280	0.000000
12.062320	0.000000
12.086360	0.000000
12.110400	0.000000
12.134440	0.000000
12.158480	0.000000
12.182520	0.000000
12.206560	0.000000
12.230600	0.000000
12.254640	0.000000
12.278680	0.000000
12.302720	0.000000
12.326760	0.000000
12.350800	0.000000
12.374840	0.000000
12.398880	0.000000
12.422920	0.000000
12.446960	0.000000
12.471000	0.000000
12.495040	0.000000
12.519080	0.000000
12.543120	0.000000
12.567160	0.000000
12.591200	0.000000
12.615240	0.000000
12.639280	0.000000
12.663320	0.000000
12.687360	0.000000
12.711400	0.000000
12.735440	0.000000
12.759480	0.000000
12.783520	0.000000
12.807560	0.000000
12.831600	0.000000
12.855640	0.000000
12.879680	0.000000
12.903720	0.000000
12.927760	0.000000
12.951800	0.000000
12.975840	0.000000
12.999880	0.000000
13.023920	0.000000
13.047960	0.000000
13.072000	0.000000
13.096040	0.000000
13.120080	0.000000
13.144120	0.000000
13.168160	0.000000
13.192200	0.000000
13.216240	0.000000
13.240280	0.000000
13.264320	0.000000
13.288360	0.000000
13.312400	0.000000
13.336440	0.000000
13.360480	0.000000
13.384520	0.000000
13.408560	0.000000
13.432600	0.000000
13.456640	0.000000
13.480680	0.000000
13.504720	0.000000
13.528760	0.000000
13.552800	0.000000
13.576840	0.000000
13.600880	0.000000
13.624920	0.000000
13.648960	0.000000
13.673000	0.000000
13.697040	0.000000
13.721080	0.000000
13.745120	0.000000
13.769160	0.000000
13.793200	0.000000
13.817240	0.000000
13.841280	0.000000
13.865320	0.000000
13.889360	0.000000
13.913400	0.000000
13.937440	0.000000
13.961480	0.000000
13.985520	0.000000
14.009560	0.000000
14.033600	0.000000
14.057640	0.000000
14.081680	0.000000
14.105720	0.000000
14.129760	0.000000
14.153800	0.000000
14.177840	0.000000
14.201880	0.000000
14.225920	0.000000
14.249960	0.000000
14.274000	0.000000
14.298040	0.000000
14.322080	0.000000
14.346120	0.000000
14.370160	0.000000
14.394200	0.000000
14.418240	0.000000
14.442280	0.000000
14.466320	0.000000
14.490360	0.000000
14.514400	0.000000
14.538440	0.000000
14.562480	0.000000
14.586520	0.000000
14.610560	0.000000
14.634600	0.000000
14.658640	0.000000
14.682680	0.000000
14.706720	0.000000
14.730760	0.000000
14.754800	0.000000
14.778840	0.000000
14.802880	0.000000
14.826920	0.000000
14.850960	0.000000
14.875000	0.000000
14.899040	0.000000
14.923080	0.000000
14.947120	0.000000
14.971160	0.000000
14.995200	0.000000
15.019240	0.000000
15.043280	0.000000
15.067320	0.000000
15.091360	0.000000
15.115400	0.000000
15.139440	0.000000
15.163480	0.000000
15.187520	0.000000
15.211560	0.000000
15.235600	0.000000
15.259640	0.000000
15.283680	0.000000
15.307720	0.000000
15.331760	0.000000
15.355800	0.000000
15.379840	0.000000
15.403880	0.000000
15.427920	0.000000
15.451960	0.000000
15.476000	0.000000
15.500040	0.000000
15.524080	0.000000
15.548120	0.000000
15.572160	0.000000
15.596200	0.000000
15.620240	0.000000
15.644280	0.000000
15.668320	0.000000
15.692360	0.000000
15.716400	0.000000
15.740440	0.000000
15.764480	0.000000
15.788520	0.000000
15.812560	0.000000
15.836600	0.000000
15.860640	0.000000
15.884680	0.000000
15.908720	0.000000
15.932760	0.000000
15.956800	0.000000
15.980840	0.000000
16.004880	0.000000
16.028920	0.000000
16.052960	0.000000
16.077000	0.000000
16.101040	0.000000
16.125080	0.000000
16.149120	0.000000
16.173160	0.000000
16.197200	0.000000
16.221240	0.000000
16.245280	0.000000
16.269320	0.000000
16.293360	0.000000
16.317400	0.000000
16.341440	0.000000
16.365480	0.000000
16.389520	0.000000
16.413560	0.000000
16.437600	0.000000
16.461640	0.000000
16.485680	0.000000
16.509720	0.000000
16.533760	0.000000
16.557800	0.000000
16.581840	0.000000
16.605880	0.000000
16.629920	0.000000
16.653960	0.000000
16.678000	0.000000
16.702040	0.000000
16.726080	0.000000
16.750120	0.000000
16.774160	0.000000
16.798200	0.000000
16.822240	0.000000
16.846280	0.000000
16.870320	0.000000
16.894360	0.000000
16.918400	0.000000
16.942440	0.000000
16.966480	0.000000
16.990520	0.000000
17.014560	0.000000
17.038600	0.000000
17.062640	0.000000
17.086680	0.000000
17.110720	0.000000
17.134760	0.000000
17.158800	0.000000
17.182840	0.000000
17.206880	0.000000
17.230920	0.000000
17.254960	0.000000
17.279000	0.000000
17.303040	0.000000
17.327080	0.000000
17.351120	0.000000
17.375160	0.000000
17.399200	0.000000
17.423240	0.000000
17.447280	0.000000
17.471320	0.000000
17.495360	0.000000
17.519400	0.000000
17.543440	0.000000
17.567480	0.000000
17.591520	0.000000
17.615560	0.000000
17.639600	0.000000
17.663640	0.000000
17.687680	0.000000
17.711720	0.000000
17.735760	0.000000
17.759800	0.000000
17.783840	0.000000
17.807880	0.000000
17.831920	0.000000
17.855960	0.000000
17.880000	0.000000
17.904040	0.000000
17.928080	0.000000
17.952120	0.000000
17.976160	0.000000
18.000200	0.000000
18.024240	0.000000
18.048280	0.000000
18.072320	0.000000
18.096360	0.000000
18.120400	0.000000
18.144440	0.000000
18.168480	0.000000
18.192520	0.000000
18.216560	0.000000
18.240600	0.000000
18.264640	0.000000
18.288680	0.000000
18.312720	0.000000
18.336760	0.000000
18.360800	0.000000
18.384840	0.000000
18.408880	0.000000
18.432920	0.000000
18.456960	0.000000
18.481000	0.000000
18.505040	0.000000
18.529080	0.000000
18.553120	0.000000
18.577160	0.000000
18.601200	0.000000
18.625240	0.000000
18.649280	0.000000
18.673320	0.000000
18.697360	0.000000
18.721400	0.000000
18.745440	0.000000
18.769480	0.000000
18.793520	0.000000
18.817560	0.000000
18.841600	0.000000
18.865640	0.000000
18.889680	0.000000
18.913720	0.000000
18.937760	0.000000
18.961800	0.000000
18.985840	0.000000
19.009880	0.000000
19.033920	0.000000
19.057960	0.000000
19.082000	0.000000
19.106040	0.000000
19.130080	0.000000
19.154120	0.000000
19.178160	0.000000
19.202200	0.000000
19.226240	0.000000
19.250280	0.000000
19.274320	0.000000
19.298360	0.000000
19.322400	0.000000
19.346440	0.000000
19.370480	0.000000
19.394520	0.000000
19.418560	0.000000
19.442600	0.000000
19.466640	0.000000
19.490680	0.000000
19.514720	0.000000
19.538760	0.000000
19.562800	0.000000
19.586840	0.000000
19.610880	0.000000
19.634920	0.000000
19.658960	0.000000
19.683000	0.000000
19.707040	0.000000
19.731080	0.000000
19.755120	0.000000
19.779160	0.000000
19.803200	0.000000
19.827240	0.000000
19.851280	0.000000
19.875320	0.000000
19.899360	0.000000
19.923400	0.000000
19.947440	0.000000
19.971480	0.000000
19.995520	0.000000
20.019560	0.000000
20.043600	0.000000
20.067640	0.000000
20.091680	0.000000
20.115720	0.000000
20.139760	0.000000
20.163800	0.000000
20.187840	0.000000
20.211880	0.000000
20.235920	0.000000
20.259960	0.000000
20.284000	0.000000
20.308040	0.000000
20.332080	0.000000
20.356120	0.000000
20.380160	0.000000
20.404200	0.000000
20.428240	0.000000
20.452280	0.000000
20.476320	0.000000
20.500360	0.000000
20.524400	0.000000
20.548440	0.000000
20.572480	0.000000
20.596520	0.000000
20.620560	0.000000
20.644600	0.000000
20.668640	0.000000
20.692680	0.000000
20.716720	0.000000
20.740760	0.000000
20.764800	0.000000
20.788840	0.000000
20.812880	0.000000
20.836920	0.000000
20.860960	0.000000
20.885000	0.000000
20.909040	0.000000
20.933080	0.000000
20.957120	0.000000
20.981160	0.000000
21.005200	0.000000
21.029240	0.000000
21.053280	0.000000
21.077320	0.000000
21.101360	0.000000
21.125400	0.000000
21.149440	0.000000
21.173480	0.000000
21.197520	0.000000
21.221560	0.000000
21.245600	0.000000
21.269640	0.000000
21.293680	0.000000
21.317720	0.000000
21.341760	0.000000
21.365800	0.000000
21.389840	0.000000
21.413880	0.000000
21.437920	0.000000
21.461960	0.000000
21.486000	0.000000
21.510040	0.000000
21.534080	0.000000
21.558120	0.000000
21.582160	0.000000
21.606200	0.000000
21.630240	0.000000
21.654280	0.000000
21.678320	0.000000
21.702360	0.000000
21.726400	0.000000
21.750440	0.000000
21.774480	0.000000
21.798520	0.000000
21.822560	0.000000
21.846600	0.000000
21.870640	0.000000
21.894680	0.000000
21.918720	0.000000
21.942760	0.000000
21.966800	0.000000
21.990840	0.000000
22.014880	0.000000
22.038920	0.000000
22.062960	0.000000
22.087000	0.000000
22.111040	0.000000
22.135080	0.000000
22.159120	0.000000
22.183160	0.000000
22.207200	0.000000
22.231240	0.000000
22.255280	0.000000
22.279320	0.000000
22.303360	0.000000
22.327400	0.000000
22.351440	0.000000
22.375480	0.000000
22.399520	0.000000
22.423560	0.000000
22.447600	0.000000
22.471640	0.000000
22.495680	0.000000
22.519720	0.000000
22.543760	0.000000
22.567800	0.000000
22.591840	0.000000
22.615880	0.000000
22.639920	0.000000
22.663960	0.000000
22.688000	0.000000
22.712040	0.000000
22.736080	0.000000
22.760120	0.000000
22.784160	0.000000
22.808200	0.000000
22.832240	0.000000
22.856280	0.000000
22.880320	0.000000
22.904360	0.000000
22.928400	0.000000
22.952440	0.000000
22.976480	0.000000
23.000520	0.000000
23.024560	0.000000
23.048600	0.000000
23.072640	0.000000
23.096680	0.000000
23.120720	0.000000
23.144760	0.000000
23.168800	0.000000
23.192840	0.000000
23.216880	0.000000
23.240920	0.000000
23.264960	0.000000
23.289000	0.000000
23.313040	0.000000
23.337080	0.000000
23.361120	0.000000
23.385160	0.000000
23.409200	0.000000
23.433240	0.000000
23.457280	0.000000
23.481320	0.000000
23.505360	0.000000
23.529400	0.000000
23.553440	0.000000
23.577480	0.000000
23.601520	0.000000
23.625560	0.000000
23.649600	0.000000
23.673640	0.000000
23.697680	0.000000
23.721720	0.000000
23.745760	0.000000
23.769800	0.000000
23.793840	0.000000
23.817880	0.000000
23.841920	0.000000
23.865960	0.000000
23.890000	0.000000
23.914040	0.000000
23.938080	0.000000
23.962120	0.000000
23.986160	0.000000
24.010200	0.000000
24.034240	0.000000
24.058280	0.000000
24.082320	0.000000
24.106360	0.000000
24.130400	0.000000
24.154440	0.000000
24.178480	0.000000
24.202520	0.000000
24.226560	0.000000
24.250600	0.000000
24.274640	0.000000
24.298680	0.000000
24.322720	0.000000
24.346760	0.000000
24.370800	0.000000
24.394840	0.000000
24.418880	0.000000
24.442920	0.000000
24.466960	0.000000
24.491000	0.000000
24.515040	0.000000
24.539080	0.000000
24.563120	0.000000
24.587160	0.000000
24.611200	0.000000
24.635240	0.000000
24.659280	0.000000
24.683320	0.000000
24.707360	0.000000
24.731400	0.000000
24.755440	0.000000
24.779480	0.000000
24.803520	0.000000
24.827560	0.000000
24.851600	0.000000
24.875640	0.000000
24.899680	0.000000
24.923720	0.000000
24.947760	0.000000
24.971800	0.000000
24.995840	0.000000
25.019880	0.000000
25.043920	0.000000
25.067960	0.000000
25.092000	0.000000
25.116040	0.000000
25.140080	0.000000
25.164120	0.000000
25.188160	0.000000
25.212200	0.000000
25.236240	0.000000
25.260280	0.000000
25.284320	0.000000
25.308360	0.000000
25.332400	0.000000
25.356440	0.000000
25.380480	0.000000
25.404520	0.000000
25.428560	0.000000
25.452600	0.000000
25.476640	0.000000
25.500680	0.000000
25.524720	0.000000
25.548760	0.000000
25.572800	0.000000
25.596840	0.000000
25.620880	0.000000
25.644920	0.000000
25.668960	0.000000
25.693000	0.000000
25.717040	0.000000
25.741080	0.000000
25.765120	0.000000
25.789160	0.000000
25.813200	0.000000
25.837240	0.000000
25.861280	0.000000
25.885320	0.000000
25.909360	0.000000
25.933400	0.000000
25.957440	0.000000
25.981480	0.000000
26.005520	0.000000
26.029560	0.000000
26.053600	0.000000
26.077640	0.000000
26.101680	0.000000
26.125720	0.000000
26.149760	0.000000
26.173800	0.000000
26.197840	0.000000
26.221880	0.000000
26.245920	0.000000
26.269960	0.000000
26.294000	0.000000
26.318040	0.000000
26.342080	0.000000
26.366120	0.000000
26.390160	0.000000
26.414200	0.000000
26.438240	0.000000
26.462280	0.000000
26.486320	0.000000
26.510360	0.000000
26.534400	0.000000
26.558440	0.000000
26.582480	0.000000
26.606520	0.000000
26.630560	0.000000
26.654600	0.000000
26.678640	0.000000
26.702680	0.000000
26.726720	0.000000
26.750760	0.000000
26.774800	0.000000
26.798840	0.000000
26.822880	0.000000
26.846920	0.000000
26.870960	0.000000
26.895000	0.000000
26.919040	0.000000
26.943080	0.000000
26.967120	0.000000
26.991160	0.000000
27.015200	0.000000
27.039240	0.000000
27.063280	0.000000
27.087320	0.000000
27.111360	0.000000
27.135400	0.000000
27.159440	0.000000
27.183480	0.000000
27.207520	0.000000
27.231560	0.000000
27.255600	0.000000
27.279640	0.000000
27.303680	0.000000
27.327720	0.000000
27.351760	0.000000
27.375800	0.000000
27.399840	0.000000
27.423880	0.000000
27.447920	0.000000
27.471960	0.000000
27.496000	0.000000
27.520040	0.000000
27.544080	0.000000
27.568120	0.000000
27.592160	0.000000
27.616200	0.000000
27.640240	0.000000
27.664280	0.000000
27.688320	0.000000
27.712360	0.000000
27.736400	0.000000
27.760440	0.000000
27.784480	0.000000
27.808520	0.000000
27.832560	0.000000
27.856600	0.000000
27.880640	0.000000
27.904680	0.000000
27.928720	0.000000
27.952760	0.000000
27.976800	0.000000
28.000840	0.000000
28.024880	0.000000
28.048920	0.000000
28.072960	0.000000
28.097000	0.000000
28.121040	0.000000
28.145080	0.000000
28.169120	0.000000
28.193160	0.000000
28.217200	0.000000
28.241240	0.000000
28.265280	0.000000
28.289320	0.000000
28.313360	0.000000
28.337400	0.000000
28.361440	0.000000
28.385480	0.000000
28.409520	0.000000
28.433560	0.000000
28.457600	0.000000
28.481640	0.000000
28.505680	0.000000
28.529720	0.000000
28.553760	0.000000
28.577800	0.000000
28.601840	0.000000
28.625880	0.000000
28.649920	0.000000
28.673960	0.000000
28.698000	0.000000
28.722040	0.000000
28.746080	0.000000
28.770120	0.000000
28.794160	0.000000
28.818200	0.000000
28.842240	0.000000
28.866280	0.000000
28.890320	0.000000
28.914360	0.000000
28.938400	0.000000
28.962440	0.000000
28.986480	0.000000
29.010520	0.000000
29.034560	0.000000
29.058600	0.000000
29.082640	0.000000
29.106680	0.000000
29.130720	0.000000
29.154760	0.000000
29.178800	0.000000
29.202840	0.000000
29.226880	0.000000
29.250920	0.000000
29.274960	0.000000
29.299000	0.000000
29.323040	0.000000
29.347080	0.000000
29.371120	0.000000
29.395160	0.000000
29.419200	0.000000
29.443240	0.000000
29.467280	0.000000
29.491320	0.000000
29.515360	0.000000
29.539400	0.000000
29.563440	0.000000
29.587480	0.000000
29.611520	0.000000
29.635560	0.000000
29.659600	0.000000
29.683640	0.000000
29.707680	0.000000
29.731720	0.000000
29.755760	0.000000
29.779800	0.000000
29.803840	0.000000
29.827880	0.000000
29.851920	0.000000
29.875960	0.000000
29.900000	0.000000
29.924040	0.000000
29.948080	0.000000
29.972120	0.000000
29.996160	0.000000
30.020200	0.000000
30.044240	0.000000
30.068280	0.000000
30.092320	0.000000
30.116360	0.000000
30.140400	0.000000
30.164440	0.000000
30.188480	0.000000
30.212520	0.000000
30.236560	0.000000
30.260600	0.000000
30.284640	0.000000
30.308680	0.000000
30.332720	0.000000
30.356760	0.000000
30.380800	0.000000
30.404840	0.000000
30.428880	0.000000
30.452920	0.000000
30.476960	0.000000
30.501000	0.000000
30.525040	0.000000
30.549080	0.000000
30.573120	0.000000
30.597160	0.000000
30.621200	0.000000
30.645240	0.000000
30.669280	0.000000
30.693320	0.000000
30.717360	0.000000
30.741400	0.000000
30.765440	0.000000
30.789480	0.000000
30.813520	0.000000
30.837560	0.000000
30.861600	0.000000
30.885640	0.000000
30.909680	0.000000
30.933720	0.000000
30.957760	0.000000
30.981800	0.000000
31.005840	0.000000
31.029880	0.000000
31.053920	0.000000
31.077960	0.000000
31.102000	0.000000
31.126040	0.000000
31.150080	0.000000
31.174120	0.000000
31.198160	0.000000
31.222200	0.000000
31.246240	0.000000
31.270280	0.000000
31.294320	0.000000
31.318360	0.000000
31.342400	0.000000
31.366440	0.000000
31.390480	0.000000
31.414520	0.000000
31.438560	0.000000
31.462600	0.000000
31.486640	0.000000
31.510680	0.000000
31.534720	0.000000
31.558760	0.000000
31.582800	0.000000
31.606840	0.000000
31.630880	0.000000
31.654920	0.000000
31.678960	0.000000
31.703000	0.000000
31.727040	0.000000
31.751080	0.000000
31.775120	0.000000
31.799160	0.000000
31.823200	0.000000
31.847240	0.000000
31.871280	0.000000
31.895320	0.000000
31.919360	0.000000
31.943400	0.000000
31.967440	0.000000
31.991480	0.000000
32.015520	0.000000
32.039560	0.000000
32.063600	0.000000
32.087640	0.000000
32.111680	0.000000
32.135720	0.000000
32.159760	0.000000
32.183800	0.000000
32.207840	0.000000
32.231880	0.000000
32.255920	0.000000
32.279960	0.000000
32.304000	0.000000
32.328040	0.000000
32.352080	0.000000
32.376120	0.000000
32.400160	0.000000
32.424200	0.000000
32.448240	0.000000
32.472280	0.000000
32.496320	0.000000
32.520360	0.000000
32.544400	0.000000
32.568440	0.000000
32.592480	0.000000
32.616520	0.000000
32.640560	0.000000
32.664600	0.000000
32.688640	0.000000
32.712680	0.000000
32.736720	0.000000
32.760760	0.000000
32.784800	0.000000
32.808840	0.000000
32.832880	0.000000
32.856920	0.000000
32.880960	0.000000
32.905000	0.000000
32.929040	0.000000
32.953080	0.000000
32.977120	0.000000
33.001160	0.000000
33.025200	0.000000
33.049240	0.000000
33.073280	0.000000
33.097320	0.000000
33.121360	0.000000
33.145400	0.000000
33.169440	0.000000
33.193480	0.000000
33.217520	0.000000
33.241560	0.000000
33.265600	0.000000
33.289640	0.000000
33.313680	0.000000
33.337720	0.000000
33.361760	0.000000
33.385800	0.000000
33.409840	0.000000
33.433880	0.000000
33.457920	0.000000
33.481960	0.000000
33.506000	0.000000
33.530040	0.000000
33.554080	0.000000
33.578120	0.000000
33.602160	0.000000
33.626200	0.000000
33.650240	0.000000
33.674280	0.000000
33.698320	0.000000
33.722360	0.000000
33.746400	0.000000
33.770440	0.000000
33.794480	0.000000
33.818520	0.000000
33.842560	0.000000
33.866600	0.000000
33.890640	0.000150
33.914680	0.000436
33.938720	0.000828
33.962760	0.001234
33.986800	0.001443
34.010840	0.001615
34.034880	0.001891
34.058920	0.002065
34.082960	0.002304
34.107000	0.002471
34.131040	0.002712
34.155080	0.002842
34.179120	0.003110
34.203160	0.003488
34.227200	0.003825
34.251240	0.003875
34.275280	0.004066
34.299320	0.004487
34.323360	0.004665
34.347400	0.004900
34.371440	0.005200
34.395480	0.005528
34.419520	0.005746
34.443560	0.006004
34.467600	0.006255
34.491640	0.006502
34.515680	0.006747
34.539720	0.007135
34.563760	0.007554
34.587800	0.007910
34.611840	0.008163
34.635880	0.008348
34.659920	0.008596
34.683960	0.008712
34.708000	0.008874
34.732040	0.009131
34.756080	0.009262
34.780120	0.009239
34.804160	0.009314
34.828200	0.009326
34.852240	0.009549
34.876280	0.009756
34.900320	0.009797
34.924360	0.009889
34.948400	0.010153
34.972440	0.010126
34.996480	0.010137
35.020520	0.010161
35.044560	0.010109
35.068600	0.010092
35.092640	0.010152
35.116680	0.010216
35.140720	0.010284
35.164760	0.010249
35.188800	0.010192
35.212840	0.010207
35.236880	0.010175
35.260920	0.010178
35.284960	0.010059
35.309000	0.010061
35.333040	0.010157
35.357080	0.010172
35.381120	0.010011
35.405160	0.010026
35.429200	0.009883
35.453240	0.009913
35.477280	0.009716
35.501320	0.009437
35.525360	0.009154
35.549400	0.008825
35.573440	0.008628
35.597480	0.008418
35.621520	0.008096
35.645560	0.007795
35.669600	0.007615
35.693640	0.007516
35.717680	0.007177
35.741720	0.006873
35.765760	0.006578
35.789800	0.006391
35.813840	0.006057
35.837880	0.005624
35.861920	0.005496
35.885960	0.005346
35.910000	0.005184
35.934040	0.004879
35.958080	0.004694
35.982120	0.004627
36.006160	0.004257
36.030200	0.004090
36.054240	0.003878
36.078280	0.003640
36.102320	0.003429
36.126360	0.003280
36.150400	0.003188
36.174440	0.003074
36.198480	0.002875
36.222520	0.002915
36.246560	0.002707
36.270600	0.002759
36.294640	0.002674
36.318680	0.002770
36.342720	0.002683
36.366760	0.002640
36.390800	0.002847
36.414840	0.002902
36.438880	0.002852
36.462920	0.002775
36.486960	0.002757
36.511000	0.002793
36.535040	0.002782
36.559080	0.002744
36.583120	0.002816
36.607160	0.002676
36.631200	0.002476
36.655240	0.002352
36.679280	0.002353
36.703320	0.002139
36.727360	0.002085
36.751400	0.002050
36.775440	0.001915
36.799480	0.001859
36.823520	0.001847
36.847560	0.001673
36.871600	0.001657
36.895640	0.001443
36.919680	0.001503
36.943720	0.001685
36.967760	0.001566
36.991800	0.001616
37.015840	0.001659
37.039880	0.001642
37.063920	0.001535
37.087960	0.001542
37.112000	0.001457
37.136040	0.001461
37.160080	0.001415
37.184120	0.001311
37.208160	0.001322
37.232200	0.001105
37.256240	0.000965
37.280280	0.001039
37.304320	0.001084
37.328360	0.001003
37.352400	0.000939
37.376440	0.000853
37.400480	0.000685
37.424520	0.000561
37.448560	0.000615
37.472600	0.000613
37.496640	0.000662
37.520680	0.000284
37.544720	0.000100
37.568760	0.000034
37.592800	0.000000
37.616840	0.000000
37.640880	0.000000
37.664920	0.000000
37.688960	0.000000
37.713000	0.000000
37.737040	0.000000
37.761080	0.000000
37.785120	0.000000
37.809160	0.000000
37.833200	0.000000
37.857240	0.000000
37.881280	0.000000
37.905320	0.000000
37.929360	0.000000
37.953400	0.000000
37.977440	0.000000
38.001480	0.000000
38.025520	0.000000
38.049560	0.000000
38.073600	0.000000
38.097640	0.000000
38.121680	0.000000
38.145720	0.000000
38.169760	0.000000
38.193800	0.000000
38.217840	0.000000
38.241880	0.000000
38.265920	0.000000
38.289960	0.000000
38.314000	0.000000
38.338040	0.000000
38.362080	0.000000
38.386120	0.000000
38.410160	0.000000
38.434200	0.000000
38.458240	0.000000
38.482280	0.000000
38.506320	0.000000
38.530360	0.000000
38.554400	0.000000
38.578440	0.000000
38.602480	0.000000
38.626520	0.000000
38.650560	0.000000
38.674600	0.000000
38.698640	0.000000
38.722680	0.000000
38.746720	0.000000
38.770760	0.000000
38.794800	0.000000
38.818840	0.000000
38.842880	0.000000
38.866920	0.000000
38.890960	0.000000
38.915000	0.000000
38.939040	0.000000
38.963080	0.000000
38.987120	0.000000
39.011160	0.000116
39.035200	0.000267
39.059240	0.000162
39.083280	0.000252
39.107320	0.000349
39.131360	0.000437
39.155400	0.000681
39.179440	0.000833
39.203480	0.000795
39.227520	0.000875
39.251560	0.000876
39.275600	0.000966
39.299640	0.000993
39.323680	0.001181
39.347720	0.001169
39.371760	0.001487
39.395800	0.001629
39.419840	0.001615
39.443880	0.001821
39.467920	0.001853
39.491960	0.001957
39.516000	0.002221
39.540040	0.002320
39.564080	0.002505
39.588120	0.002647
39.612160	0.002651
39.636200	0.002895
39.660240	0.002951
39.684280	0.002913
39.708320	0.002978
39.732360	0.003159
39.756400	0.003223
39.780440	0.003367
39.804480	0.003308
39.828520	0.003362
39.852560	0.003532
39.876600	0.003468
39.900640	0.003565
39.924680	0.003595
39.948720	0.003585
39.972760	0.003474
39.996800	0.003517
40.020840	0.003349
40.044880	0.003190
40.068920	0.003092
40.092960	0.002912
40.117000	0.002765
40.141040	0.002532
40.165080	0.002411
40.189120	0.002501
40.213160	0.002451
40.237200	0.002268
40.261240	0.002216
40.285280	0.002074
40.309320	0.001933
40.333360	0.001858
40.357400	0.001772
40.381440	0.001691
40.405480	0.001817
40.429520	0.001800
40.453560	0.001632
40.477600	0.001577
40.501640	0.001357
40.525680	0.001177
40.549720	0.000903
40.573760	0.000658
40.597800	0.000419
40.621840	0.000180
40.645880	0.000000
40.669920	0.000000
40.693960	0.000000
40.718000	0.000000
40.742040	0.000000
40.766080	0.000000
40.790120	0.000000
40.814160	0.000000
40.838200	0.000000
40.862240	0.000000
40.886280	0.000000
40.910320	0.000000
40.934360	0.000000
40.958400	0.000000
40.982440	0.000000
41.006480	0.000000
41.030520	0.000000
41.054560	0.000000
41.078600	0.000000
41.102640	0.000000
41.126680	0.000000
41.150720	0.000000
41.174760	0.000000
41.198800	0.000000
41.222840	0.000000
41.246880	0.000000
41.270920	0.000000
41.294960	0.000000
41.319000	0.000000
41.343040	0.000000
41.367080	0.000000
41.391120	0.000000
41.415160	0.000000
41.439200	0.000000
41.463240	0.000000
41.487280	0.000000
41.511320	0.000000
41.535360	0.000000
41.559400	0.000000
41.583440	0.000000
41.607480	0.000000
41.631520	0.000000
41.655560	0.000000
41.679600	0.000000
41.703640	0.000000
41.727680	0.000000
41.751720	0.000000
41.775760	0.000000
41.799800	0.000000
41.823840	0.000000
41.847880	0.000000
41.871920	0.000000
41.895960	0.000000
41.920000	0.000000
41.944040	0.000000
41.968080	0.000000
41.992120	0.000000
42.016160	0.000000
42.040200	0.000000
42.064240	0.000000
42.088280	0.000000
42.112320	0.000000
42.136360	0.000000
42.160400	0.000087
42.184440	0.000227
42.208480	0.000369
42.232520	0.000542
42.256560	0.000545
42.280600	0.000595
42.304640	0.000626
42.328680	0.000848
42.352720	0.001030
42.376760	0.001158
42.400800	0.001059
42.424840	0.001209
42.448880	0.001266
42.472920	0.001473
42.496960	0.001546
42.521000	0.001565
42.545040	0.001618
42.569080	0.001707
42.593120	0.001798
42.617160	0.001773
42.641200	0.001826
42.665240	0.001679
42.689280	0.001820
42.713320	0.002030
42.737360	0.002114
42.761400	0.002331
42.785440	0.002335
42.809480	0.002384
42.833520	0.002448
42.857560	0.002493
42.881600	0.002443
42.905640	0.002396
42.929680	0.002284
42.953720	0.002391
42.977760	0.002377
43.001800	0.002359
43.025840	0.002234
43.049880	0.002088
43.073920	0.001651
43.097960	0.001424
43.122000	0.001258
43.146040	0.000961
43.170080	0.000779
43.194120	0.000394
43.218160	0.000243
43.242200	0.000005
43.266240	0.000000
43.290280	0.000000
43.314320	0.000000
43.338360	0.000000
43.362400	0.000000
43.386440	0.000000
43.410480	0.000000
43.434520	0.000000
43.458560	0.000000
43.482600	0.000000
43.506640	0.000000
43.530680	0.000000
43.554720	0.000000
43.578760	0.000000
43.602800	0.000000
43.626840	0.000000
43.650880	0.000000
43.674920	0.000000
43.698960	0.000000
43.723000	0.000000
43.747040	0.000000
43.771080	0.000000
43.795120	0.000000
43.819160	0.000000
43.843200	0.000000
43.867240	0.000000
43.891280	0.000000
43.915320	0.000000
43.939360	0.000000
43.963400	0.000000
43.987440	0.000000
44.011480	0.000000
44.035520	0.000000
44.059560	0.000000
44.083600	0.000000
44.107640	0.000000
44.131680	0.000000
44.155720	0.000000
44.179760	0.000000
44.203800	0.000000
44.227840	0.000000
44.251880	0.000000
44.275920	0.000000
44.299960	0.000000
44.324000	0.000000
44.348040	0.000000
44.372080	0.000000
44.396120	0.000000
44.420160	0.000000
44.444200	0.000000
44.468240	0.000000
44.492280	0.000000
44.516320	0.000262
44.540360	0.000578
44.564400	0.000944
44.588440	0.001487
44.612480	0.001762
44.636520	0.002063
44.660560	0.002470
44.684600	0.002842
44.708640	0.003168
44.732680	0.003619
44.756720	0.004044
44.780760	0.004254
44.804800	0.004461
44.828840	0.004756
44.852880	0.005115
44.876920	0.005414
44.900960	0.005884
44.925000	0.006394
44.949040	0.006924
44.973080	0.007265
44.997120	0.007537
45.021160	0.007885
45.045200	0.008199
45.069240	0.008668
45.093280	0.008919
45.117320	0.009089
45.141360	0.009194
45.165400	0.009555
45.189440	0.009854
45.213480	0.010265
45.237520	0.010510
45.261560	0.010623
45.285600	0.010799
45.309640	0.010909
45.333680	0.011144
45.357720	0.011179
45.381760	0.011115
45.405800	0.011171
45.429840	0.011036
45.453880	0.011102
45.477920	0.011230
45.501960	0.011057
45.526000	0.010704
45.550040	0.010580
45.574080	0.010430
45.598120	0.010217
45.622160	0.009899
45.646200	0.009520
45.670240	0.009113
45.694280	0.008758
45.718320	0.008337
45.742360	0.008018
45.766400	0.007660
45.790440	0.007178
45.814480	0.006876
45.838520	0.006447
45.862560	0.006206
45.886600	0.005810
45.910640	0.005463
45.934680	0.005118
45.958720	0.004841
45.982760	0.004368
46.006800	0.004143
46.030840	0.003895
46.054880	0.003653
46.078920	0.003486
46.102960	0.003147
46.127000	0.002876
46.151040	0.002630
46.175080	0.002259
46.199120	0.002056
46.223160	0.001745
46.247200	0.001387
46.271240	0.001057
46.295280	0.000746
46.319320	0.000581
46.343360	0.000275
46.367400	0.000000
46.391440	0.000000
46.415480	0.000000
46.439520	0.000000
46.463560	0.000000
46.487600	0.000000
46.511640	0.000000
46.535680	0.000000
46.559720	0.000000
46.583760	0.000000
46.607800	0.000000
46.631840	0.000000
46.655880	0.000000
46.679920	0.000000
46.703960	0.000000
46.728000	0.000000
46.752040	0.000000
46.776080	0.000000
46.800120	0.000000
46.824160	0.000000
46.848200	0.000000
46.872240	0.000000
46.896280	0.000000
46.920320	0.000000
46.944360	0.000000
46.968400	0.000000
46.992440	0.000000
47.016480	0.000000
47.040520	0.000000
47.064560	0.000000
47.088600	0.000000
47.112640	0.000000
47.136680	0.000000
47.160720	0.000000
47.184760	0.000000
47.208800	0.000000
47.232840	0.000000
47.256880	0.000000
47.280920	0.000000
47.304960	0.000000
47.329000	0.000000
47.353040	0.000000
47.377080	0.000000
47.401120	0.000000
47.425160	0.000000
47.449200	0.000000
47.473240	0.000000
47.497280	0.000000
47.521320	0.000000
47.545360	0.000000
47.569400	0.000000
47.593440	0.000000
47.617480	0.000000
47.641520	0.000000
47.665560	0.000000
47.689600	0.000000
47.713640	0.000000
47.737680	0.000000
47.761720	0.000000
47.785760	0.000000
47.809800	0.000000
47.833840	0.000000
47.857880	0.000000
47.881920	0.000000
47.905960	0.000000
47.930000	0.000000
47.954040	0.000000
47.978080	0.000004
48.002120	0.000020
48.026160	0.000083
48.050200	0.000044
48.074240	0.000000
48.098280	0.000000
48.122320	0.000000
48.146360	0.000000
48.170400	0.000000
48.194440	0.000000
48.218480	0.000000
48.242520	0.000000
48.266560	0.000000
48.290600	0.000000
48.314640	0.000000
48.338680	0.000000
48.362720	0.000000
48.386760	0.000000
48.410800	0.000000
48.434840	0.000000
48.458880	0.000000
48.482920	0.000000
48.506960	0.000000
48.531000	0.000000
48.555040	0.000000
48.579080	0.000000
48.603120	0.000000
48.627160	0.000000
48.651200	0.000000
48.675240	0.000000
48.699280	0.000000
48.723320	0.000000
48.747360	0.000000
48.771400	0.000000
48.795440	0.000000
48.819480	0.000000
48.843520	0.000000
48.867560	0.000000
48.891600	0.000000
48.915640	0.000000
48.939680	0.000000
48.963720	0.000000
48.987760	0.000000
49.011800	0.000000
49.035840	0.000000
49.059880	0.000000
49.083920	0.000000
49.107960	0.000000
49.132000	0.000000
49.156040	0.000000
49.180080	0.000000
49.204120	0.000000
49.228160	0.000000
49.252200	0.000000
49.276240	0.000000
49.300280	0.000000
49.324320	0.000000
49.348360	0.000000
49.372400	0.000000
49.396440	0.000000
49.420480	0.000000
49.444520	0.000000
49.468560	0.000000
49.492600	0.000000
49.516640	0.000000
49.540680	0.000000
49.564720	0.000000
49.588760	0.000000
49.612800	0.000000
49.636840	0.000000
49.660880	0.000000
49.684920	0.000000
49.708960	0.000000
49.733000	0.000000
49.757040	0.000000
49.781080	0.000000
49.805120	0.000000
49.829160	0.000000
49.853200	0.000000
49.877240	0.000000
49.901280	0.000000
49.925320	0.000000
49.949360	0.000000
49.973400	0.000000
49.997440	0.000000
50.021480	0.000000
50.045520	0.000000
50.069560	0.000000
50.093600	0.000000
50.117640	0.000000
50.141680	0.000000
50.165720	0.000000
50.189760	0.000000
50.213800	0.000000
50.237840	0.000000
50.261880	0.000000
50.285920	0.000000
50.309960	0.000000
50.334000	0.000000
50.358040	0.000000
50.382080	0.000000
50.406120	0.000000
50.430160	0.000000
50.454200	0.000000
50.478240	0.000000
50.502280	0.000000
50.526320	0.000000
50.550360	0.000000
50.574400	0.000000
50.598440	0.000000
50.622480	0.000000
50.646520	0.000000
50.670560	0.000000
50.694600	0.000000
50.718640	0.000000
50.742680	0.000000
50.766720	0.000000
50.790760	0.000000
50.814800	0.000000
50.838840	0.000000
50.862880	0.000000
50.886920	0.000000
50.910960	0.000000
50.935000	0.000000
50.959040	0.000000
50.983080	0.000000
51.007120	0.000000
51.031160	0.000000
51.055200	0.000000
51.079240	0.000000
51.103280	0.000000
51.127320	0.000000
51.151360	0.000000
51.175400	0.000000
51.199440	0.000000
51.223480	0.000000
51.247520	0.000000
51.271560	0.000000
51.295600	0.000000
51.319640	0.000000
51.343680	0.000000
51.367720	0.000000
51.391760	0.000000
51.415800	0.000000
51.439840	0.000000
51.463880	0.000000
51.487920	0.000000
51.511960	0.000000
51.536000	0.000000
51.560040	0.000000
51.584080	0.000000
51.608120	0.000000
51.632160	0.000000
51.656200	0.000000
51.680240	0.000000
51.704280	0.000032
51.728320	0.000000
51.752360	0.000122
51.776400	0.000300
51.800440	0.000643
51.824480	0.000822
51.848520	0.000939
51.872560	0.001294
51.896600	0.001636
51.920640	0.001811
51.944680	0.002108
51.968720	0.002444
51.992760	0.002848
52.016800	0.003220
52.040840	0.003636
52.064880	0.003933
52.088920	0.004198
52.112960	0.004498
52.137000	0.004766
52.161040	0.005200
52.185080	0.005624
52.209120	0.005906
52.233160	0.006230
52.257200	0.006566
52.281240	0.006891
52.305280	0.007303
52.329320	0.007833
52.353360	0.008302
52.377400	0.008642
52.401440	0.009044
52.425480	0.009468
52.449520	0.010017
52.473560	0.010619
52.497600	0.010946
52.521640	0.011402
52.545680	0.011905
52.569720	0.012246
52.593760	0.013010
52.617800	0.013538
52.641840	0.014105
52.665880	0.014747
52.689920	0.015311
52.713960	0.016015
52.738000	0.016628
52.762040	0.017366
52.786080	0.018045
52.810120	0.018645
52.834160	0.019301
52.858200	0.020048
52.882240	0.020669
52.906280	0.021499
52.930320	0.022269
52.954360	0.022876
52.978400	0.023432
53.002440	0.023965
53.026480	0.024733
53.050520	0.025292
53.074560	0.025510
53.098600	0.025805
53.122640	0.025930
53.146680	0.025837
53.170720	0.025896
53.194760	0.025889
53.218800	0.025935
53.242840	0.026030
53.266880	0.026240
53.290920	0.026147
53.314960	0.026071
53.339000	0.025909
53.363040	0.025910
53.387080	0.025630
53.411120	0.025430
53.435160	0.024928
53.459200	0.024558
53.483240	0.024106
53.507280	0.023624
53.531320	0.023114
53.555360	0.022710
53.579400	0.022304
53.603440	0.021743
53.627480	0.021182
53.651520	0.020764
53.675560	0.020177
53.699600	0.019645
53.723640	0.019113
53.747680	0.018630
53.771720	0.017956
53.795760	0.017465
53.819800	0.016996
53.843840	0.016494
53.867880	0.015812
53.891920	0.015180
53.915960	0.014558
53.940000	0.013920
53.964040	0.013297
53.988080	0.012568
54.012120	0.011747
54.036160	0.011051
54.060200	0.010648
54.084240	0.009998
54.108280	0.009233
54.132320	0.008625
54.156360	0.007891
54.180400	0.007195
54.204440	0.006436
54.228480	0.005655
54.252520	0.005090
54.276560	0.004470
54.300600	0.003722
54.324640	0.002958
54.348680	0.002198
54.372720	0.001440
54.396760	0.000866
54.420800	0.000226
54.444840	0.000000
54.468880	0.000000
54.492920	0.000000
54.516960	0.000000
54.541000	0.000000
54.565040	0.000000
54.589080	0.000000
54.613120	0.000000
54.637160	0.000000
54.661200	0.000000
54.685240	0.000000
54.709280	0.000000
54.733320	0.000000
54.757360	0.000000
54.781400	0.000000
54.805440	0.000000
54.829480	0.000000
54.853520	0.000000
54.877560	0.000000
54.901600	0.000000
54.925640	0.000000
54.949680	0.000000
54.973720	0.000000
54.997760	0.000000
55.021800	0.000000
55.045840	0.000000
55.069880	0.000000
55.093920	0.000000
55.117960	0.000000
55.142000	0.000000
55.166040	0.000000
55.190080	0.000000
55.214120	0.000000
55.238160	0.000000
55.262200	0.000000
55.286240	0.000000
55.310280	0.000000
55.334320	0.000000
55.358360	0.000000
55.382400	0.000000
55.406440	0.000000
55.430480	0.000000
55.454520	0.000000
55.478560	0.000000
55.502600	0.000000
55.526640	0.000000
55.550680	0.000000
55.574720	0.000000
55.598760	0.000000
55.622800	0.000000
55.646840	0.000000
55.670880	0.000000
55.694920	0.000000
55.718960	0.000000
55.743000	0.000000
55.767040	0.000000
55.791080	0.000000
55.815120	0.000000
55.839160	0.000000
55.863200	0.000000
55.887240	0.000000
55.911280	0.000000
55.935320	0.000000
55.959360	0.000000
55.983400	0.000000
56.007440	0.000000
56.031480	0.000000
56.055520	0.000000
56.079560	0.000000
56.103600	0.000000
56.127640	0.000000
56.151680	0.000000
56.175720	0.000000
56.199760	0.000000
56.223800	0.000000
56.247840	0.000000
56.271880	0.000000
56.295920	0.000000
56.319960	0.000000
56.344000	0.000095
56.368040	0.000336
56.392080	0.000487
56.416120	0.000734
56.440160	0.000950
56.464200	0.001129
56.488240	0.001309
56.512280	0.001488
56.536320	0.001752
56.560360	0.001938
56.584400	0.002185
56.608440	0.002357
56.632480	0.002521
56.656520	0.002799
56.680560	0.003205
56.704600	0.003588
56.728640	0.003711
56.752680	0.003791
56.776720	0.003947
56.800760	0.004079
56.824800	0.004195
56.848840	0.004199
56.872880	0.004230
56.896920	0.004437
56.920960	0.004463
56.945000	0.004485
56.969040	0.004551
56.993080	0.004548
57.017120	0.004606
57.041160	0.004714
57.065200	0.004644
57.089240	0.004675
57.113280	0.004769
57.137320	0.004917
57.161360	0.004909
57.185400	0.004801
57.209440	0.004746
57.233480	0.004684
57.257520	0.004722
57.281560	0.004783
57.305600	0.004736
57.329640	0.004847
57.353680	0.004878
57.377720	0.004863
57.401760	0.004830
57.425800	0.004804
57.449840	0.004795
57.473880	0.004712
57.497920	0.004597
57.521960	0.004527
57.546000	0.004448
57.570040	0.004395
57.594080	0.004350
57.618120	0.004222
57.642160	0.004096
57.666200	0.003976
57.690240	0.003914
57.714280	0.003892
57.738320	0.003760
57.762360	0.003650
57.786400	0.003562
57.810440	0.003582
57.834480	0.003610
57.858520	0.003453
57.882560	0.003496
57.906600	0.003557
57.930640	0.003695
57.954680	0.003684
57.978720	0.003660
58.002760	0.003688
58.026800	0.003645
58.050840	0.003688
58.074880	0.003707
58.098920	0.003732
58.122960	0.003604
58.147000	0.003511
58.171040	0.003457
58.195080	0.003351
58.219120	0.003039
58.243160	0.003028
58.267200	0.003041
58.291240	0.002889
58.315280	0.002864
58.339320	0.002853
58.363360	0.002857
58.387400	0.002838
58.411440	0.003009
58.435480	0.002837
58.459520	0.002833
58.483560	0.002829
58.507600	0.002829
58.531640	0.002755
58.555680	0.002944
58.579720	0.002916
58.603760	0.002823
58.627800	0.002843
58.651840	0.002633
58.675880	0.002757
58.699920	0.002765
58.723960	0.002721
58.748000	0.002806
58.772040	0.002701
58.796080	0.002755
58.820120	0.002958
58.844160	0.003053
58.868200	0.003235
58.892240	0.003265
58.916280	0.003389
58.940320	0.003456
58.964360	0.003477
58.988400	0.003671
59.012440	0.003718
59.036480	0.003864
59.060520	0.004119
59.084560	0.004067
59.108600	0.004309
59.132640	0.004475
59.156680	0.004556
59.180720	0.004617
59.204760	0.004693
59.228800	0.004819
59.252840	0.004880
59.276880	0.005090
59.300920	0.005247
59.324960	0.005151
59.349000	0.005035
59.373040	0.004888
59.397080	0.004800
59.421120	0.004780
59.445160	0.004773
59.469200	0.004768
59.493240	0.004739
59.517280	0.004763
59.541320	0.004669
59.565360	0.004575
59.589400	0.004562
59.613440	0.004512
59.637480	0.004444
59.661520	0.004464
59.685560	0.004282
59.709600	0.004223
59.733640	0.004282
59.757680	0.004213
59.781720	0.003999
59.805760	0.003802
59.829800	0.003588
59.853840	0.003422
59.877880	0.003256
59.901920	0.003024
59.925960	0.002667
59.950000	0.002363
59.974040	0.002227
59.998080	0.001791
60.022120	0.001516
60.046160	0.001233
60.070200	0.000810
60.094240	0.000382
60.118280	0.000044
60.142320	0.000000
60.166360	0.000000
60.190400	0.000000
60.214440	0.000000
60.238480	0.000000
60.262520	0.000000
60.286560	0.000000
60.310600	0.000000
60.334640	0.000000
60.358680	0.000000
60.382720	0.000000
60.406760	0.000000
60.430800	0.000000
60.454840	0.000000
60.478880	0.000000
60.502920	0.000000
60.526960	0.000000
60.551000	0.000000
60.575040	0.000000
60.599080	0.000000
60.623120	0.000000
60.647160	0.000000
60.671200	0.000000
60.695240	0.000000
60.719280	0.000000
60.743320	0.000000
60.767360	0.000000
60.791400	0.000000
60.815440	0.000000
60.839480	0.000000
60.863520	0.000000
60.887560	0.000000
60.911600	0.000000
60.935640	0.000000
60.959680	0.000000
60.983720	0.000000
61.007760	0.000000
61.031800	0.000000
61.055840	0.000000
61.079880	0.000000
61.103920	0.000000
61.127960	0.000000
61.152000	0.000000
61.176040	0.000000
61.200080	0.000000
61.224120	0.000000
61.248160	0.000000
61.272200	0.000000
61.296240	0.000000
61.320280	0.000000
61.344320	0.000000
61.368360	0.000000
61.392400	0.000000
61.416440	0.000000
61.440480	0.000000
61.464520	0.000000
61.488560	0.000000
61.512600	0.000000
61.536640	0.000000
61.560680	0.000000
61.584720	0.000000
61.608760	0.000019
61.632800	0.000446
61.656840	0.000723
61.680880	0.001110
61.704920	0.001489
61.728960	0.001816
61.753000	0.002275
61.777040	0.002595
61.801080	0.002757
61.825120	0.003081
61.849160	0.003409
61.873200	0.003775
61.897240	0.003988
61.921280	0.004301
61.945320	0.004478
61.969360	0.004661
61.993400	0.005066
62.017440	0.005463
62.041480	0.005778
62.065520	0.006041
62.089560	0.006288
62.113600	0.006517
62.137640	0.006707
62.161680	0.006892
62.185720	0.007069
62.209760	0.007373
62.233800	0.007529
62.257840	0.007619
62.281880	0.007749
62.305920	0.007834
62.329960	0.007801
62.354000	0.007934
62.378040	0.007813
62.402080	0.007678
62.426120	0.007577
62.450160	0.007500
62.474200	0.007399
62.498240	0.007225
62.522280	0.006987
62.546320	0.006814
62.570360	0.006634
62.594400	0.006613
62.618440	0.006464
62.642480	0.006140
62.666520	0.006106
62.690560	0.005928
62.714600	0.005700
62.738640	0.005583
62.762680	0.005502
62.786720	0.005194
62.810760	0.004859
62.834800	0.004704
62.858840	0.004406
62.882880	0.004071
62.906920	0.003916
62.930960	0.003761
62.955000	0.003272
62.979040	0.002859
63.003080	0.002431
63.027120	0.001840
63.051160	0.001598
63.075200	0.001310
63.099240	0.000740
63.123280	0.000271
63.147320	0.000000
63.171360	0.000000
63.195400	0.000000
63.219440	0.000000
63.243480	0.000000
63.267520	0.000000
63.291560	0.000000
63.315600	0.000000
63.339640	0.000000
63.363680	0.000000
63.387720	0.000000
63.411760	0.000000
63.435800	0.000000
63.459840	0.000000
63.483880	0.000000
63.507920	0.000000
63.531960	0.000000
63.556000	0.000000
63.580040	0.000000
63.604080	0.000000
63.628120	0.000000
63.652160	0.000000
63.676200	0.000000
63.700240	0.000000
63.724280	0.000000
63.748320	0.000000
63.772360	0.000000
63.796400	0.000000
63.820440	0.000000
63.844480	0.000000
63.868520	0.000000
63.892560	0.000000
63.916600	0.000000
63.940640	0.000000
63.964680	0.000000
63.988720	0.000000
64.012760	0.000000
64.036800	0.000000
64.060840	0.000000
64.084880	0.000000
64.108920	0.000000
64.132960	0.000000
64.157000	0.000000
64.181040	0.000000
64.205080	0.000000
64.229120	0.000000
64.253160	0.000000
64.277200	0.000000
64.301240	0.000000
64.325280	0.000000
64.349320	0.000000
64.373360	0.000000
64.397400	0.000000
64.421440	0.000000
64.445480	0.000000
64.469520	0.000000
64.493560	0.000000
64.517600	0.000000
64.541640	0.000000
64.565680	0.000000
64.589720	0.000000
64.613760	0.000000
64.637800	0.000000
64.661840	0.000000
64.685880	0.000000
64.709920	0.000000
64.733960	0.000000
64.758000	0.000000
64.782040	0.000000
64.806080	0.000000
64.830120	0.000000
64.854160	0.000146
64.878200	0.000370
64.902240	0.000688
64.926280	0.000890
64.950320	0.001137
64.974360	0.001399
64.998400	0.001611
65.022440	0.001891
65.046480	0.002200
65.070520	0.002455
65.094560	0.002720
65.118600	0.003036
65.142640	0.003176
65.166680	0.003638
65.190720	0.004144
65.214760	0.004480
65.238800	0.004935
65.262840	0.005141
65.286880	0.005456
65.310920	0.005871
65.334960	0.006188
65.359000	0.006448
65.383040	0.006773
65.407080	0.007009
65.431120	0.007046
65.455160	0.007284
65.479200	0.007572
65.503240	0.007713
65.527280	0.007913
65.551320	0.008206
65.575360	0.008291
65.599400	0.008296
65.623440	0.008339
65.647480	0.008438
65.671520	0.008428
65.695560	0.008617
65.719600	0.008722
65.743640	0.008641
65.767680	0.008610
65.791720	0.008617
65.815760	0.008471
65.839800	0.008636
65.863840	0.008728
65.887880	0.008733
65.911920	0.008900
65.935960	0.008877
65.960000	0.008775
65.984040	0.008914
66.008080	0.008913
66.032120	0.009140
66.056160	0.009242
66.080200	0.009271
66.104240	0.009298
66.128280	0.009402
66.152320	0.009563
66.176360	0.009936
66.200400	0.010097
66.224440	0.010241
66.248480	0.010264
66.272520	0.010397
66.296560	0.010778
66.320600	0.010804
66.344640	0.010875
66.368680	0.011046
66.392720	0.011101
66.416760	0.011152
66.440800	0.011193
66.464840	0.011162
66.488880	0.011152
66.512920	0.011119
66.536960	0.011282
66.561000	0.011286
66.585040	0.011332
66.609080	0.011383
66.633120	0.011360
66.657160	0.011322
66.681200	0.011190
66.705240	0.010967
66.729280	0.010703
66.753320	0.010607
66.777360	0.010444
66.801400	0.010322
66.825440	0.010081
66.849480	0.009838
66.873520	0.009642
66.897560	0.009375
66.921600	0.008981
66.945640	0.008658
66.969680	0.008537
66.993720	0.008320
67.017760	0.007986
67.041800	0.007878
67.065840	0.007799
67.089880	0.007560
67.113920	0.007536
67.137960	0.007238
67.162000	0.007074
67.186040	0.006804
67.210080	0.006579
67.234120	0.006257
67.258160	0.006179
67.282200	0.005666
67.306240	0.005515
67.330280	0.005408
67.354320	0.005229
67.378360	0.005049
67.402400	0.004933
67.426440	0.004776
67.450480	0.004486
67.474520	0.004366
67.498560	0.004282
67.522600	0.004119
67.546640	0.004094
67.570680	0.004072
67.594720	0.004085
67.618760	0.004112
67.642800	0.004147
67.666840	0.004265
67.690880	0.004280
67.714920	0.004382
67.738960	0.004503
67.763000	0.004592
67.787040	0.004697
67.811080	0.005088
67.835120	0.005094
67.859160	0.005045
67.883200	0.005139
67.907240	0.005081
67.931280	0.005257
67.955320	0.005344
67.979360	0.005295
68.003400	0.005203
68.027440	0.005210
68.051480	0.005154
68.075520	0.005152
68.099560	0.005341
68.123600	0.005467
68.147640	0.005433
68.171680	0.005451
68.195720	0.005494
68.219760	0.005400
68.243800	0.005431
68.267840	0.005566
68.291880	0.005877
68.315920	0.006088
68.339960	0.006504
68.364000	0.006692
68.388040	0.006768
68.412080	0.007054
68.436120	0.007467
68.460160	0.007891
68.484200	0.008364
68.508240	0.008669
68.532280	0.009099
68.556320	0.009528
68.580360	0.009709
68.604400	0.010151
68.628440	0.010648
68.652480	0.010967
68.676520	0.011419
68.700560	0.011629
68.724600	0.012049
68.748640	0.012488
68.772680	0.012883
68.796720	0.013198
68.820760	0.013576
68.844800	0.013695
68.868840	0.013715
68.892880	0.013914
68.916920	0.014175
68.940960	0.014320
68.965000	0.014136
68.989040	0.014267
69.013080	0.014351
69.037120	0.014229
69.061160	0.014274
69.085200	0.014457
69.109240	0.014425
69.133280	0.014426
69.157320	0.014327
69.181360	0.014309
69.205400	0.014010
69.229440	0.013850
69.253480	0.013638
69.277520	0.013414
69.301560	0.013256
69.325600	0.013092
69.349640	0.012970
69.373680	0.013047
69.397720	0.012949
69.421760	0.013003
69.445800	0.012984
69.469840	0.012853
69.493880	0.012828
69.517920	0.012772
69.541960	0.012753
69.566000	0.012701
69.590040	0.012866
69.614080	0.013051
69.638120	0.012974
69.662160	0.012753
69.686200	0.012828
69.710240	0.012776
69.734280	0.012781
69.758320	0.012727
69.782360	0.012630
69.806400	0.012601
69.830440	0.012315
69.854480	0.012347
69.878520	0.012157
69.902560	0.012071
69.926600	0.011911
69.950640	0.012180
69.974680	0.012148
69.998720	0.012215
70.022760	0.012262
70.046800	0.012365
70.070840	0.012218
70.094880	0.012110
70.118920	0.012171
70.142960	0.012122
70.167000	0.011990
70.191040	0.012018
70.215080	0.011924
70.239120	0.011780
70.263160	0.011910
70.287200	0.011774
70.311240	0.011639
70.335280	0.011552
70.359320	0.011438
70.383360	0.011262
70.407400	0.011104
70.431440	0.011062
70.455480	0.010942
70.479520	0.010550
70.503560	0.010404
70.527600	0.010256
70.551640	0.009961
70.575680	0.009856
70.599720	0.009537
70.623760	0.009304
70.647800	0.009104
70.671840	0.008918
70.695880	0.008615
70.719920	0.008348
70.743960	0.008095
70.768000	0.007799
70.792040	0.007556
70.816080	0.007391
70.840120	0.007078
70.864160	0.006817
70.888200	0.006717
70.912240	0.006552
70.936280	0.006321
70.960320	0.006150
70.984360	0.005982
71.008400	0.005655
71.032440	0.005545
71.056480	0.005472
71.080520	0.005316
71.104560	0.005176
71.128600	0.004908
71.152640	0.004504
71.176680	0.004323
71.200720	0.004069
71.224760	0.003776
71.248800	0.003736
71.272840	0.003446
71.296880	0.003115
71.320920	0.002926
71.344960	0.002630
71.369000	0.002465
71.393040	0.002175
71.417080	0.001766
71.441120	0.001503
71.465160	0.001374
71.489200	0.000861
71.513240	0.000550
71.537280	0.000350
71.561320	0.000027
71.585360	0.000000
71.609400	0.000000
71.633440	0.000000
71.657480	0.000000
71.681520	0.000000
71.705560	0.000000
71.729600	0.000000
71.753640	0.000000
71.777680	0.000000
71.801720	0.000000
71.825760	0.000000
71.849800	0.000000
71.873840	0.000000
71.897880	0.000000
71.921920	0.000000
71.945960	0.000000
71.970000	0.000000
71.994040	0.000000
72.018080	0.000000
72.042120	0.000000
72.066160	0.000000
72.090200	0.000000
72.114240	0.000000
72.138280	0.000000
72.162320	0.000000
72.186360	0.000000
72.210400	0.000000
72.234440	0.000000
72.258480	0.000000
72.282520	0.000000
72.306560	0.000000
72.330600	0.000000
72.354640	0.000000
72.378680	0.000000
72.402720	0.000000
72.426760	0.000025
72.450800	0.000289
72.474840	0.000586
72.498880	0.001199
72.522920	0.001478
72.546960	0.001971
72.571000	0.002378
72.595040	0.002775
72.619080	0.003187
72.643120	0.003640
72.667160	0.003927
72.691200	0.004137
72.715240	0.004453
72.739280	0.004933
72.763320	0.005346
72.787360	0.005747
72.811400	0.006049
72.835440	0.006546
72.859480	0.006841
72.883520	0.007223
72.907560	0.007618
72.931600	0.007721
72.955640	0.008028
72.979680	0.008300
73.003720	0.008489
73.027760	0.008696
73.051800	0.008971
73.075840	0.009201
73.099880	0.009306
73.123920	0.009388
73.147960	0.009629
73.172000	0.009658
73.196040	0.009825
73.220080	0.009966
73.244120	0.009986
73.268160	0.010159
73.292200	0.010214
73.316240	0.010364
73.340280	0.010547
73.364320	0.010708
73.388360	0.010912
73.412400	0.011071
73.436440	0.011195
73.460480	0.011167
73.484520	0.011215
73.508560	0.011348
73.532600	0.011509
73.556640	0.011627
73.580680	0.011652
73.604720	0.011849
73.628760	0.011771
73.652800	0.011779
73.676840	0.011703
73.700880	0.011559
73.724920	0.011417
73.748960	0.011329
73.773000	0.010988
73.797040	0.010841
73.821080	0.011004
73.845120	0.010842
73.869160	0.010578
73.893200	0.010480
73.917240	0.010187
73.941280	0.009880
73.965320	0.009737
73.989360	0.009360
74.013400	0.008968
74.037440	0.008547
74.061480	0.008184
74.085520	0.007909
74.109560	0.007629
74.133600	0.007005
74.157640	0.006827
74.181680	0.006412
74.205720	0.006007
74.229760	0.005747
74.253800	0.005374
74.277840	0.005079
74.301880	0.004579
74.325920	0.004323
74.349960	0.004034
74.374000	0.003773
74.398040	0.003519
74.422080	0.003291
74.446120	0.002890
74.470160	0.002643
74.494200	0.002305
74.518240	0.001898
74.542280	0.001788
74.566320	0.001698
74.590360	0.001408
74.614400	0.001448
74.638440	0.001477
74.662480	0.001187
74.686520	0.001112
74.710560	0.001026
74.734600	0.000976
74.758640	0.001011
74.782680	0.001071
74.806720	0.001011
74.830760	0.001161
74.854800	0.001262
74.878840	0.001356
74.902880	0.001527
74.926920	0.001638
74.950960	0.001817
74.975000	0.002015
74.999040	0.001894
75.023080	0.002178
75.047120	0.002326
75.071160	0.002542
75.095200	0.002802
75.119240	0.003009
75.143280	0.003295
75.167320	0.003465
75.191360	0.003744
75.215400	0.004055
75.239440	0.004322
75.263480	0.004653
75.287520	0.004783
75.311560	0.004994
75.335600	0.005350
75.359640	0.005918
75.383680	0.006192
75.407720	0.006535
75.431760	0.006804
75.455800	0.007065
75.479840	0.007406
75.503880	0.007670
75.527920	0.008089
75.551960	0.008540
75.576000	0.008885
75.600040	0.009251
75.624080	0.009635
75.648120	0.010136
75.672160	0.010664
75.696200	0.011105
75.720240	0.011536
75.744280	0.011995
75.768320	0.012437
75.792360	0.012971
75.816400	0.013394
75.840440	0.014000
75.864480	0.014356
75.888520	0.015039
75.912560	0.015620
75.936600	0.015934
75.960640	0.016394
75.984680	0.016863
76.008720	0.017187
76.032760	0.017667
76.056800	0.018004
76.080840	0.018377
76.104880	0.018696
76.128920	0.019058
76.152960	0.019409
76.177000	0.019746
76.201040	0.020068
76.225080	0.020156
76.249120	0.020510
76.273160	0.020589
76.297200	0.020779
76.321240	0.020806
76.345280	0.021059
76.369320	0.021233
76.393360	0.021404
76.417400	0.021457
76.441440	0.021741
76.465480	0.021780
76.489520	0.021644
76.513560	0.021677
76.537600	0.021750
76.561640	0.021515
76.585680	0.021433
76.609720	0.021384
76.633760	0.021163
76.657800	0.021156
76.681840	0.021181
76.705880	0.021161
76.729920	0.021103
76.753960	0.020996
76.778000	0.020787
76.802040	0.020797
76.826080	0.020669
76.850120	0.020722
76.874160	0.020570
76.898200	0.020315
76.922240	0.020249
76.946280	0.020052
76.970320	0.020125
76.994360	0.020083
77.018400	0.019962
77.042440	0.020000
77.066480	0.019852
77.090520	0.019648
77.114560	0.019753
77.138600	0.019907
77.162640	0.019971
77.186680	0.020211
77.210720	0.020296
77.234760	0.020299
77.258800	0.020523
77.282840	0.020497
77.306880	0.020595
77.330920	0.020731
77.354960	0.020777
77.379000	0.021169
77.403040	0.021416
77.427080	0.021491
77.451120	0.021591
77.475160	0.021926
77.499200	0.021999
77.523240	0.022213
77.547280	0.022405
77.571320	0.022523
77.595360	0.022794
77.619400	0.022970
77.643440	0.023108
77.667480	0.023597
77.691520	0.023701
77.715560	0.023919
77.739600	0.024296
77.763640	0.024653
77.787680	0.025061
77.811720	0.025473
77.835760	0.025773
77.859800	0.026114
77.883840	0.026434
77.907880	0.026902
77.931920	0.027375
77.955960	0.027872
77.980000	0.028393
78.004040	0.028840
78.028080	0.029091
78.052120	0.029479
78.076160	0.029802
78.100200	0.030336
78.124240	0.030879
78.148280	0.031482
78.172320	0.032047
78.196360	0.032535
78.220400	0.032883
78.244440	0.033348
78.268480	0.033994
78.292520	0.034502
78.316560	0.034844
78.340600	0.035194
78.364640	0.035704
78.388680	0.036189
78.412720	0.036563
78.436760	0.036994
78.460800	0.037364
78.484840	0.037845
78.508880	0.038165
78.532920	0.038597
78.556960	0.038601
78.581000	0.038778
78.605040	0.039229
78.629080	0.039406
78.653120	0.039478
78.677160	0.039657
78.701200	0.039610
78.725240	0.039678
78.749280	0.039761
78.773320	0.039739
78.797360	0.039784
78.821400	0.039739
78.845440	0.039710
78.869480	0.039448
78.893520	0.039444
78.917560	0.039278
78.941600	0.039053
78.965640	0.038818
78.989680	0.038699
79.013720	0.038366
79.037760	0.038057
79.061800	0.037729
79.085840	0.037383
79.109880	0.036992
79.133920	0.036722
79.157960	0.036343
79.182000	0.035888
79.206040	0.035415
79.230080	0.035161
79.254120	0.034789
79.278160	0.034505
79.302200	0.034183
79.326240	0.033772
79.350280	0.033410
79.374320	0.032991
79.398360	0.032583
79.422400	0.032191
79.446440	0.031939
79.470480	0.031713
79.494520	0.031256
79.518560	0.030779
79.542600	0.030618
79.566640	0.030185
79.590680	0.029837
79.614720	0.029628
79.638760	0.029275
79.662800	0.028954
79.686840	0.028789
79.710880	0.028249
79.734920	0.028150
79.758960	0.028207
79.783000	0.027914
79.807040	0.027702
79.831080	0.027512
79.855120	0.027134
79.879160	0.026791
79.903200	0.026672
79.927240	0.026473
79.951280	0.026310
79.975320	0.026044
79.999360	0.025946
80.023400	0.025910
80.047440	0.025602
80.071480	0.025294
80.095520	0.025259
80.119560	0.025263
80.143600	0.025044
80.167640	0.025091
80.191680	0.025117
80.215720	0.025096
80.239760	0.025108
80.263800	0.025070
80.287840	0.025137
80.311880	0.025402
80.335920	0.025244
80.359960	0.025578
80.384000	0.025824
80.408040	0.026046
80.432080	0.026091
80.456120	0.026360
80.480160	0.026505
80.504200	0.026766
80.528240	0.027028
80.552280	0.027260
80.576320	0.027542
80.600360	0.027682
80.624400	0.027963
80.648440	0.028168
80.672480	0.028350
80.696520	0.028756
80.720560	0.029247
80.744600	0.029674
80.768640	0.030066
80.792680	0.030400
80.816720	0.030717
80.840760	0.031063
80.864800	0.031464
80.888840	0.031928
80.912880	0.032314
80.936920	0.032510
80.960960	0.032861
80.985000	0.033450
81.009040	0.033855
81.033080	0.034124
81.057120	0.034398
81.081160	0.034966
81.105200	0.035279
81.129240	0.035662
81.153280	0.035858
81.177320	0.036112
81.201360	0.036344
81.225400	0.036787
81.249440	0.037054
81.273480	0.037195
81.297520	0.037632
81.321560	0.037933
81.345600	0.038146
81.369640	0.038563
81.393680	0.038858
81.417720	0.038885
81.441760	0.039170
81.465800	0.039379
81.489840	0.039441
81.513880	0.039472
81.537920	0.039729
81.561960	0.039772
81.586000	0.039776
81.610040	0.039890
81.634080	0.040046
81.658120	0.040147
81.682160	0.040333
81.706200	0.040534
81.730240	0.040649
81.754280	0.040859
81.778320	0.040993
81.802360	0.041096
81.826400	0.041175
81.850440	0.041272
81.874480	0.041569
81.898520	0.041705
81.922560	0.041794
81.946600	0.041893
81.970640	0.042002
81.994680	0.042130
82.018720	0.042070
82.042760	0.042203
82.066800	0.042404
82.090840	0.042591
82.114880	0.042419
82.138920	0.042201
82.162960	0.042318
82.187000	0.042440
82.211040	0.042518
82.235080	0.042977
82.259120	0.043153
82.283160	0.043271
82.307200	0.043499
82.331240	0.043607
82.355280	0.043411
82.379320	0.043735
82.403360	0.043643
82.427400	0.043378
82.451440	0.043336
82.475480	0.043073
82.499520	0.042816
82.523560	0.042710
82.547600	0.042514
82.571640	0.042254
82.595680	0.041967
82.619720	0.041869
82.643760	0.041736
82.667800	0.041454
82.691840	0.041182
82.715880	0.040967
82.739920	0.041015
82.763960	0.040810
82.788000	0.040665
82.812040	0.040617
82.836080	0.040429
82.860120	0.040339
82.884160	0.040223
82.908200	0.040127
82.932240	0.040129
82.956280	0.040273
82.980320	0.040216
83.004360	0.040315
83.028400	0.040183
83.052440	0.040245
83.076480	0.040298
83.100520	0.040495
83.124560	0.040490
83.148600	0.040567
83.172640	0.040791
83.196680	0.041126
83.220720	0.041495
83.244760	0.041665
83.268800	0.042133
83.292840	0.042477
83.316880	0.042838
83.340920	0.043336
83.364960	0.043690
83.389000	0.043941
83.413040	0.044461
83.437080	0.044802
83.461120	0.045331
83.485160	0.045889
83.509200	0.046371
83.533240	0.046870
83.557280	0.047311
83.581320	0.047927
83.605360	0.048600
83.629400	0.049283
83.653440	0.049656
83.677480	0.050357
83.701520	0.051163
83.725560	0.051999
83.749600	0.052401
83.773640	0.053085
83.797680	0.053558
83.821720	0.054198
83.845760	0.054985
83.869800	0.055660
83.893840	0.056195
83.917880	0.056948
83.941920	0.057719
83.965960	0.058227
83.990000	0.059004
84.014040	0.059734
84.038080	0.060284
84.062120	0.060936
84.086160	0.061831
84.110200	0.062688
84.134240	0.063408
84.158280	0.064389
84.182320	0.065392
84.206360	0.066227
84.230400	0.067306
84.254440	0.068255
84.278480	0.069164
84.302520	0.070248
84.326560	0.071216
84.350600	0.071930
84.374640	0.072679
84.398680	0.073493
84.422720	0.074168
84.446760	0.074984
84.470800	0.075685
84.494840	0.076578
84.518880	0.077425
84.542920	0.077930
84.566960	0.078713
84.591000	0.079410
84.615040	0.079966
84.639080	0.080695
84.663120	0.081236
84.687160	0.081826
84.711200	0.082528
84.735240	0.082909
84.759280	0.083237
84.783320	0.084037
84.807360	0.084770
84.831400	0.085318
84.855440	0.085708
84.879480	0.085802
84.903520	0.085808
84.927560	0.085921
84.951600	0.085839
84.975640	0.085606
84.999680	0.085479
85.023720	0.085673
85.047760	0.085297
85.071800	0.085043
85.095840	0.084957
85.119880	0.084630
85.143920	0.084488
85.167960	0.084480
85.192000	0.084259
85.216040	0.084332
85.240080	0.084362
85.264120	0.084319
85.288160	0.084285
85.312200	0.084164
85.336240	0.084302
85.360280	0.084417
85.384320	0.084725
85.408360	0.084745
85.432400	0.084868
85.456440	0.084871
85.480480	0.084996
85.504520	0.085226
85.528560	0.085232
85.552600	0.085470
85.576640	0.085748
85.600680	0.085975
85.624720	0.086171
85.648760	0.086358
85.672800	0.086743
85.696840	0.086957
85.720880	0.087182
85.744920	0.087430
85.768960	0.087791
85.793000	0.088276
85.817040	0.088617
85.841080	0.088966
85.865120	0.089134
85.889160	0.089382
85.913200	0.089755
85.937240	0.089768
85.961280	0.090032
85.985320	0.090380
86.009360	0.090652
86.033400	0.091057
86.057440	0.091451
86.081480	0.091733
86.105520	0.092351
86.129560	0.092744
86.153600	0.093091
86.177640	0.093472
86.201680	0.093959
86.225720	0.094523
86.249760	0.094995
86.273800	0.095466
86.297840	0.095701
86.321880	0.096295
86.345920	0.096779
86.369960	0.097059
86.394000	0.097188
86.418040	0.097702
86.442080	0.098171
86.466120	0.098731
86.490160	0.099351
86.514200	0.099793
86.538240	0.100202
86.562280	0.100976
86.586320	0.101538
86.610360	0.101941
86.634400	0.102516
86.658440	0.102925
86.682480	0.103494
86.706520	0.104131
86.730560	0.104693
86.754600	0.105324
86.778640	0.105578
86.802680	0.106112
86.826720	0.106464
86.850760	0.106753
86.874800	0.107133
86.898840	0.107158
86.922880	0.107311
86.946920	0.107578
86.970960	0.107517
86.995000	0.107526
87.019040	0.107812
87.043080	0.108007
87.067120	0.108221
87.091160	0.108458
87.115200	0.108555
87.139240	0.108773
87.163280	0.108667
87.187320	0.108782
87.211360	0.109150
87.235400	0.108945
87.259440	0.108947
87.283480	0.109102
87.307520	0.109046
87.331560	0.109186
87.355600	0.109500
87.379640	0.109193
87.403680	0.109299
87.427720	0.109406
87.451760	0.109135
87.475800	0.108906
87.499840	0.108790
87.523880	0.108677
87.547920	0.108706
87.571960	0.108630
87.596000	0.108491
87.620040	0.108563
87.644080	0.108722
87.668120	0.108794
87.692160	0.108662
87.716200	0.108864
87.740240	0.109205
87.764280	0.109357
87.788320	0.109744
87.812360	0.110062
87.836400	0.110200
87.860440	0.110668
87.884480	0.110966
87.908520	0.111308
87.932560	0.111871
87.956600	0.112044
87.980640	0.112543
88.004680	0.112930
88.028720	0.113441
88.052760	0.113655
88.076800	0.113918
88.100840	0.114351
88.124880	0.115110
88.148920	0.115371
88.172960	0.115796
88.197000	0.116543
88.221040	0.116934
88.245080	0.117431
88.269120	0.117968
88.293160	0.118410
88.317200	0.118834
88.341240	0.119390
88.365280	0.120186
88.389320	0.120716
88.413360	0.121332
88.437400	0.122055
88.461440	0.122405
88.485480	0.123113
88.509520	0.123641
88.533560	0.124370
88.557600	0.124868
88.581640	0.125410
88.605680	0.126253
88.629720	0.127001
88.653760	0.127751
88.677800	0.128489
88.701840	0.129114
88.725880	0.130050
88.749920	0.130887
88.773960	0.131372
88.798000	0.132084
88.822040	0.132919
88.846080	0.133702
88.870120	0.134165
88.894160	0.134875
88.918200	0.135605
88.942240	0.136106
88.966280	0.136972
88.990320	0.137611
89.014360	0.137977
89.038400	0.138637
89.062440	0.139502
89.086480	0.140086
89.110520	0.140450
89.134560	0.141187
89.158600	0.141665
89.182640	0.141956
89.206680	0.142547
89.230720	0.142826
89.254760	0.143210
89.278800	0.143724
89.302840	0.144064
89.326880	0.144532
89.350920	0.144750
89.374960	0.145084
89.399000	0.145358
89.423040	0.145332
89.447080	0.145766
89.471120	0.145841
89.495160	0.146030
89.519200	0.146120
89.543240	0.146205
89.567280	0.146305
89.591320	0.146407
89.615360	0.146580
89.639400	0.146565
89.663440	0.146634
89.687480	0.146770
89.711520	0.146806
89.735560	0.146742
89.759600	0.146802
89.783640	0.146793
89.807680	0.146716
89.831720	0.146939
89.855760	0.146798
89.879800	0.146418
89.903840	0.146557
89.927880	0.146496
89.951920	0.146374
89.975960	0.146235
90.000000	0.145872
90.024040	0.145608
90.048080	0.145731
90.072120	0.145519
90.096160	0.145554
90.120200	0.145730
90.144240	0.145827
90.168280	0.145761
90.192320	0.145958
90.216360	0.146011
90.240400	0.146183
90.264440	0.146383
90.288480	0.146573
90.312520	0.146736
90.336560	0.146923
90.360600	0.147187
90.384640	0.147569
90.408680	0.147920
90.432720	0.148221
90.456760	0.148595
90.480800	0.149056
90.504840	0.149500
90.528880	0.150059
90.552920	0.150532
90.576960	0.151058
90.601000	0.151483
90.625040	0.152279
90.649080	0.153133
90.673120	0.153899
90.697160	0.154642
90.721200	0.155705
90.745240	0.156960
90.769280	0.158146
90.793320	0.158833
90.817360	0.160392
90.841400	0.161699
90.865440	0.162745
90.889480	0.164111
90.913520	0.165517
90.937560	0.166912
90.961600	0.168287
90.985640	0.169949
91.009680	0.171316
91.033720	0.172710
91.057760	0.174530
91.081800	0.176180
91.105840	0.177555
91.129880	0.179493
91.153920	0.181258
91.177960	0.183099
91.202000	0.184909
91.226040	0.187078
91.250080	0.189239
91.274120	0.191505
91.298160	0.193640
91.322200	0.195737
91.346240	0.197920
91.370280	0.200196
91.394320	0.202291
91.418360	0.204415
91.442400	0.206716
91.466440	0.208951
91.490480	0.210890
91.514520	0.213107
91.538560	0.215690
91.562600	0.217720
91.586640	0.219575
91.610680	0.221897
91.634720	0.223968
91.658760	0.225968
91.682800	0.228255
91.706840	0.230350
91.730880	0.232189
91.754920	0.234044
91.778960	0.236290
91.803000	0.238067
91.827040	0.239844
91.851080	0.241777
91.875120	0.243540
91.899160	0.245328
91.923200	0.246815
91.947240	0.248275
91.971280	0.249745
91.995320	0.250780
92.019360	0.252007
92.043400	0.253008
92.067440	0.254032
92.091480	0.254973
92.115520	0.255458
92.139560	0.256174
92.163600	0.256761
92.187640	0.257402
92.211680	0.257692
92.235720	0.258261
92.259760	0.258728
92.283800	0.258920
92.307840	0.259390
92.331880	0.259738
92.355920	0.259689
92.379960	0.259668
92.404000	0.259663
92.428040	0.259447
92.452080	0.259207
92.476120	0.258935
92.500160	0.258432
92.524200	0.258094
92.548240	0.257762
92.572280	0.257246
92.596320	0.256861
92.620360	0.256291
92.644400	0.255789
92.668440	0.255502
92.692480	0.254818
92.716520	0.254027
92.740560	0.253495
92.764600	0.252588
92.788640	0.251534
92.812680	0.250645
92.836720	0.249771
92.860760	0.248531
92.884800	0.247549
92.908840	0.246307
92.932880	0.245231
92.956920	0.244137
92.980960	0.242916
93.005000	0.241741
93.029040	0.240650
93.053080	0.239233
93.077120	0.237717
93.101160	0.236609
93.125200	0.235339
93.149240	0.233857
93.173280	0.232867
93.197320	0.231511
93.221360	0.230321
93.245400	0.229101
93.269440	0.227961
93.293480	0.226917
93.317520	0.225612
93.341560	0.224458
93.365600	0.223143
93.389640	0.221670
93.413680	0.220272
93.437720	0.218848
93.461760	0.217725
93.485800	0.216228
93.509840	0.214837
93.533880	0.213607
93.557920	0.212550
93.581960	0.211413
93.606000	0.210265
93.630040	0.209413
93.654080	0.208378
93.678120	0.207563
93.702160	0.206856
93.726200	0.205908
93.750240	0.205149
93.774280	0.204546
93.798320	0.203791
93.822360	0.203231
93.846400	0.202673
93.870440	0.202112
93.894480	0.201474
93.918520	0.200848
93.942560	0.200069
93.966600	0.199472
93.990640	0.198892
94.014680	0.198374
94.038720	0.197919
94.062760	0.197365
94.086800	0.196882
94.110840	0.196516
94.134880	0.195959
94.158920	0.195787
94.182960	0.195329
94.207000	0.194619
94.231040	0.194277
94.255080	0.194048
94.279120	0.193645
94.303160	0.193226
94.327200	0.192837
94.351240	0.192371
94.375280	0.191864
94.399320	0.191524
94.423360	0.191237
94.447400	0.190586
94.471440	0.189906
94.495480	0.189321
94.519520	0.188788
94.543560	0.188167
94.567600	0.187387
94.591640	0.186758
94.615680	0.186072
94.639720	0.185442
94.663760	0.185081
94.687800	0.184579
94.711840	0.184048
94.735880	0.183475
94.759920	0.183098
94.783960	0.182918
94.808000	0.182577
94.832040	0.182141
94.856080	0.181630
94.880120	0.181466
94.904160	0.181035
94.928200	0.180636
94.952240	0.180254
94.976280	0.179695
95.000320	0.179102
95.024360	0.178707
95.048400	0.178271
95.072440	0.177780
95.096480	0.177393
95.120520	0.177007
95.144560	0.176573
95.168600	0.176192
95.192640	0.175713
95.216680	0.175249
95.240720	0.174733
95.264760	0.174131
95.288800	0.173653
95.312840	0.173053
95.336880	0.172343
95.360920	0.171707
95.384960	0.171157
95.409000	0.170394
95.433040	0.169765
95.457080	0.169188
95.481120	0.168394
95.505160	0.167567
95.529200	0.166845
95.553240	0.166011
95.577280	0.165326
95.601320	0.164395
95.625360	0.163409
95.649400	0.162532
95.673440	0.161682
95.697480	0.160672
95.721520	0.159794
95.745560	0.159070
95.769600	0.157988
95.793640	0.156897
95.817680	0.156102
95.841720	0.154863
95.865760	0.153704
95.889800	0.152568
95.913840	0.151413
95.937880	0.150174
95.961920	0.148777
95.985960	0.147381
96.010000	0.146001
96.034040	0.144796
96.058080	0.143661
96.082120	0.142314
96.106160	0.141003
96.130200	0.139698
96.154240	0.138377
96.178280	0.137099
96.202320	0.135818
96.226360	0.134360
96.250400	0.132918
96.274440	0.131533
96.298480	0.130005
96.322520	0.128548
96.346560	0.127029
96.370600	0.125406
96.394640	0.123861
96.418680	0.122283
96.442720	0.120718
96.466760	0.119131
96.490800	0.117415
96.514840	0.115754
96.538880	0.114112
96.562920	0.112431
96.586960	0.110774
96.611000	0.109146
96.635040	0.107460
96.659080	0.105808
96.683120	0.104098
96.707160	0.102318
96.731200	0.100621
96.755240	0.098906
96.779280	0.097073
96.803320	0.095383
96.827360	0.093519
96.851400	0.091738
96.875440	0.090031
96.899480	0.088243
96.923520	0.086460
96.947560	0.084611
96.971600	0.082804
96.995640	0.081030
97.019680	0.079226
97.043720	0.077461
97.067760	0.075632
97.091800	0.073789
97.115840	0.072049
97.139880	0.070419
97.163920	0.068764
97.187960	0.067049
97.212000	0.065362
97.236040	0.063784
97.260080	0.062221
97.284120	0.060668
97.308160	0.059072
97.332200	0.057454
97.356240	0.055864
97.380280	0.054336
97.404320	0.052805
97.428360	0.051032
97.452400	0.049494
97.476440	0.047966
97.500480	0.046450
97.524520	0.044945
97.548560	0.043452
97.572600	0.041970
97.596640	0.040500
97.620680	0.039043
97.644720	0.037598
97.668760	0.036166
97.692800	0.034746
97.716840	0.033340
97.740880	0.031947
97.764920	0.030568
97.788960	0.029202
97.813000	0.027851
97.837040	0.026514
97.861080	0.025192
97.885120	0.023885
97.909160	0.022592
97.933200	0.021315
97.957240	0.020054
97.981280	0.018808
98.005320	0.017578
98.029360	0.016365
98.053400	0.015168
98.077440	0.013988
98.101480	0.012824
98.125520	0.011678
98.149560	0.010550
98.173600	0.009439
98.197640	0.008346
98.221680	0.007271
98.245720	0.006215
98.269760	0.005177
98.293800	0.004158
98.317840	0.003158
98.341880	0.002178
98.365920	0.001217
98.389960	0.000276
98.414000	0.000000
98.438040	0.000000
98.462080	0.000000
98.486120	0.000000
98.510160	0.000000
98.534200	0.000000
98.558240	0.000000
98.582280	0.000000
98.606320	0.000000
98.630360	0.000000
98.654400	0.000000
98.678440	0.000000
98.702480	0.000000
98.726520	0.000000
98.750560	0.000000
