   12.2222271       2.37059999    
   12.3181992       2.57800007    
   12.4141703       2.81389999    
   12.5101404       2.84220004    
   12.6061115       2.85640025    
   12.7020826       2.86369991    
   12.7980537       2.96379995    
   12.8940258       2.97039986    
   12.9899969       2.95609999    
   13.0859680       2.90910006    
   13.1819401       3.00559998    
   13.2779121       3.10800004    
   13.3738823       3.24329996    
   13.4698534       3.19519997    
   13.5658245       3.04790020    
   13.6617947       3.02230000    
   13.7577667       3.11940002    
   13.8537378       3.11089993    
   13.9497089       3.07800007    
   14.0456810       3.08379984    
   14.1416492       3.05550003    
   14.2376223       3.03240013    
   14.3335943       3.06879997    
   14.4295645       3.17570066    
   14.5255375       3.17829990    
   14.6215076       3.22280002    
   14.7174788       3.47280002    
   14.8134518       3.68490005    
   14.9094200       3.65339994    
   15.0053921       3.61160016    
   15.1013622       3.61129999    
   15.1973324       3.63369966    
   15.2933054       3.63069987    
   15.3892756       3.72580004    
   15.4852476       3.69039965    
   15.5812206       3.51859999    
   15.6771898       3.28219986    
   15.7731628       3.25139952    
   15.8691339       2.83559990    
   15.9651051       2.41159964    
   16.0610771       2.25390029    
   16.1570454       2.17430019    
   16.2530193       2.17229986    
   16.3489895       2.06290007    
   16.4449615       2.02470064    
   16.5409336       2.04519987    
   16.6369019       1.95649958    
   16.7328739       2.11300015    
   16.8288460       2.09990025    
   16.9248161       2.09980011    
   17.0207882       2.14000034    
   17.1167583       2.43120003    
   17.2127304       2.59139991    
   17.3087025       2.71569967    
   17.4046726       2.72469997    
   17.5006447       2.78220034    
   17.5966148       2.90239954    
   17.6925869       2.84859991    
   17.7885571       2.78679991    
   17.8845272       2.74650025    
   17.9804993       2.77200007    
   18.0764694       2.70710039    
   18.1724415       2.71359968    
   18.2684135       2.71460009    
   18.3643837       2.65779996    
   18.4603558       2.54899979    
   18.5563259       2.40169954    
   18.6522980       2.39470005    
   18.7482700       2.28750038    
   18.8442402       2.20369959    
   18.9402122       2.21530056    
   19.0361805       2.07660055    
   19.1321526       1.92179966    
   19.2281246       1.80489933    
   19.3240948       1.96499944    
   19.4200687       1.89159966    
   19.5160389       1.89330018    
   19.6120110       1.79019988    
   19.7079830       1.78809965    
   19.8039532       1.88940001    
   19.8999252       1.96340036    
   19.9958954       2.09759951    
   20.0918655       2.04580069    
   20.1878376       2.13709950    
   20.2838078       2.29270029    
   20.3797798       2.41590023    
   20.4757500       2.39310074    
   20.5717201       2.34510016    
   20.6676941       2.43259954    
   20.7636642       2.34650087    
   20.8596344       2.42680073    
   20.9556084       2.40049982    
   21.0515785       2.36000013    
   21.1475506       2.12909985    
   21.2435207       1.92209899    
   21.3394928       1.85869861    
   21.4354649       1.89129949    
   21.5314350       1.90899956    
   21.6274071       1.85189998    
   21.7233791       1.82319999    
   21.8193493       1.76520014    
   21.9153214       1.73930001    
   22.0112915       1.78459954    
   22.1072617       1.76659977    
   22.2032356       1.76179993    
   22.2992039       1.86500061    
   22.3951740       2.11709976    
   22.4911461       2.29570055    
   22.5871181       2.34730053    
   22.6830902       2.28430128    
   22.7790623       2.35120058    
   22.8750305       2.52479982    
   22.9710026       2.61310053    
   23.0669746       2.74640012    
   23.1629448       2.88999939    
   23.2589169       3.11269951    
   23.3548870       3.24970055    
   23.4508591       3.27300000    
   23.5468311       3.29449940    
   23.6428013       3.38650036    
   23.7387714       3.50779986    
   23.8347435       3.51929998    
   23.9307137       3.62389898    
   24.0266857       3.55199957    
   24.1226540       3.39229965    
   24.2186279       3.37809992    
   24.3145981       3.19750118    
   24.4105682       3.08590031    
   24.5065422       2.75629997    
   24.6025124       2.63599968    
   24.6984844       2.54380131    
   24.7944565       2.42679930    
   24.8904266       2.25490046    
   24.9863968       2.13460016    
   25.0823689       1.96030021    
   25.1783409       1.87919974    
   25.2743092       1.89750004    
   25.3702812       1.87330019    
   25.4662533       1.96590030    
   25.5622253       1.94720030    
   25.6581955       2.11390018    
   25.7541656       2.16940022    
   25.8501396       2.20159984    
   25.9461079       2.22330022    
   26.0420799       2.25059986    
   26.1380520       2.26370049    
   26.2340240       2.37499928    
   26.3299942       2.51360035    
   26.4259644       2.53929925    
   26.5219345       2.70660019    
   26.6179104       2.62809944    
   26.7138786       2.60829902    
   26.8098488       2.55679941    
   26.9058208       2.50559998    
   27.0017910       2.53370047    
   27.0977631       2.54400039    
   27.1937332       2.52979994    
   27.2897034       2.57120061    
   27.3856792       2.32890081    
   27.4816475       2.22960019    
   27.5776176       2.20240045    
   27.6735897       2.01439929    
   27.7695618       1.88299990    
   27.8655338       1.92390013    
   27.9615021       1.71760070    
   28.0574741       1.75409985    
   28.1534481       1.71109986    
   28.2494164       1.56920052    
   28.3453903       1.51729989    
   28.4413586       1.33559942    
   28.5373287       1.31020021    
   28.6333046       1.28469920    
   28.7292728       1.14489985    
   28.8252449       1.10549998    
   28.9212170       1.03670049    
   29.0171852      0.957399964    
   29.1131592      0.945999801    
   29.2091293      0.893199444    
   29.3050995      0.755999744    
   29.4010735      0.714800358    
   29.4970398      0.758800030    
   29.5930138      0.862200320    
   29.6889858       1.04479980    
   29.7849541       1.11059999    
   29.8809280       1.17630005    
   29.9768982       1.26930058    
   30.0728703       1.30350041    
   30.1688423       1.47549987    
   30.2648106       1.62720037    
   30.3607845       1.67390084    
   30.4567528       1.82940006    
   30.5527248       2.01859856    
   30.6486988       1.99999928    
   30.7446690       1.80189872    
   30.8406410       1.77130008    
   30.9366112       1.75970030    
   31.0325813       1.81690001    
   31.1285553       1.72460020    
   31.2245235       1.69299865    
   31.3204956       1.60399842    
   31.4164658       1.43030095    
   31.5124359       1.34149957    
   31.6084099       1.14489865    
   31.7043800      0.971600354    
   31.8003540      0.840501666    
   31.8963242      0.719998777    
   31.9922962      0.611501455    
   32.0882721      0.377401114    
   32.1842422      0.102298588    
   32.2802124       6.82006851E-02
   32.3761826       1.77001953E-02
   32.4721527       1.41003411E-02
   32.5681229       1.00000001E-10
   32.6640968       1.00000001E-10
   32.7600632       1.00000001E-10
   32.8560410       1.00000001E-10
   32.9520073       1.00000001E-10
   33.0479813       1.00000001E-10
   33.1439514       1.00000001E-10
   33.2399216       9.20043979E-03
   33.3358917      0.135799557    
   33.4318657      0.137398675    
   33.5278320       3.48986834E-02
   33.6238098       1.00097728E-04
   33.7197800      0.105198979    
   33.8157501      0.212999269    
   33.9117203      0.259400636    
   34.0076904      0.387899160    
   34.1036606      0.548500955    
   34.1996307      0.603299558    
   34.2956009      0.559698462    
   34.3915787      0.501300097    
   34.4875488      0.551699221    
   34.5835190      0.622200966    
   34.6794891      0.796501458    
   34.7754593       1.00880122    
   34.8714371       1.02559936    
   34.9673996       1.13079953    
   35.0633736       1.18189943    
   35.1593475       1.25840092    
   35.2553177       1.26069951    
   35.3512878       1.24670053    
   35.4472580       1.25090086    
   35.5432281       1.26070070    
   35.6392059       1.32040036    
   35.7351723       1.31410027    
   35.8311462       1.37219977    
   35.9271164       1.22029912    
   36.0230865       1.29359984    
   36.1190605       1.24979985    
   36.2150269       1.03369999    
   36.3109970       1.00649905    
   36.4069710       1.01899791    
   36.5029411      0.939100325    
   36.5989151      0.918300748    
   36.6948853      0.841600358    
   36.7908554      0.880297899    
   36.8868256      0.728099346    
   36.9827957      0.502598882    
   37.0787659      0.375998557    
   37.1747437      0.207900405    
   37.2707100       1.00000001E-10
   37.3666840       8.09997544E-02
   37.4626541       6.09997585E-02
   37.5586243       1.00000001E-10
   37.6545944       1.00000001E-10
   37.7505646       1.00000001E-10
   37.8465424       1.00000001E-10
   37.9425125       1.00000001E-10
   38.0384827       1.00000001E-10
   38.1344528       1.00000001E-10
   38.2304230       1.00000001E-10
   38.3263931       1.00000001E-10
   38.4223709       1.00000001E-10
   38.5183372       1.00000001E-10
   38.6143112       1.00000001E-10
   38.7102776       1.00000001E-10
   38.8062515       1.00000001E-10
   38.9022217       1.00000001E-10
   38.9981918       1.00000001E-10
   39.0941620       1.00000001E-10
   39.1901321      0.123001710    
   39.2861023      0.399899900    
   39.3820763      0.465999752    
   39.4780464      0.480400383    
   39.5740204      0.599399388    
   39.6699905      0.577598870    
   39.7659607      0.764998794    
   39.8619347       1.11520135    
   39.9579048       1.11469960    
   40.0538788      0.992699027    
   40.1498451      0.948601067    
   40.2458153      0.911601543    
   40.3417892      0.858900189    
   40.4377594      0.771600366    
   40.5337296      0.715002418    
   40.6296997      0.787901640    
   40.7256699      0.934699655    
   40.8216476       1.05160165    
   40.9176140       1.23309946    
   41.0135880       1.11469960    
   41.1095581      0.980799556    
   41.2055283      0.993400812    
   41.3015022       1.01469970    
   41.3974724       1.05699825    
   41.4934387      0.971499026    
   41.5894165       1.01410031    
   41.6853867      0.928999007    
   41.7813568      0.909197986    
   41.8773308      0.820999742    
   41.9732971      0.762301028    
   42.0692673      0.526099861    
   42.1652412      0.379300535    
   42.2612152      0.357899189    
   42.3571854      0.267099619    
   42.4531555      0.319798589    
   42.5491257      0.319999993    
   42.6450958      0.467000753    
   42.7410660      0.412598878    
   42.8370438      0.361700445    
   42.9330101      0.348001719    
   43.0289841      0.242000729    
   43.1249542      0.140200198    
   43.2209244      0.129899889    
   43.3168945      0.150300294    
   43.4128647      0.121400148    
   43.5088387      0.231500238    
   43.6048126      0.174400643    
   43.7007828       3.26000974E-02
   43.7967529       1.00000001E-10
   43.8927231       1.00000001E-10
   43.9886932       1.00000001E-10
   44.0846634       1.00000001E-10
   44.1806335       1.00000001E-10
   44.2766113       1.00000001E-10
   44.3725815       1.00000001E-10
   44.4685440       1.00000001E-10
   44.5645218       1.00000001E-10
   44.6604919       1.00000001E-10
   44.7564697       1.00000001E-10
   44.8524399       1.00000001E-10
   44.9484100       1.00000001E-10
   45.0443802       1.00000001E-10
   45.1403465       1.00000001E-10
   45.2363205       1.00000001E-10
   45.3322906       1.00000001E-10
   45.4282608       1.00000001E-10
   45.5242310       1.00000001E-10
   45.6202049       1.00000001E-10
   45.7161713       1.00000001E-10
   45.8121490       5.20019513E-03
   45.9081192       3.91992182E-02
   46.0040894      0.164399415    
   46.1000671      0.320400417    
   46.1960373      0.293997824    
   46.2920074      0.333701193    
   46.3879738      0.441500247    
   46.4839478      0.590601802    
   46.5799179      0.702000737    
   46.6758881      0.822100818    
   46.7718582      0.781601548    
   46.8678284      0.759799838    
   46.9637985      0.780399203    
   47.0597763      0.757399917    
   47.1557465      0.811500192    
   47.2517166      0.699300528    
   47.3476868      0.664799809    
   47.4436569      0.695799589    
   47.5396347      0.702900410    
   47.6356049      0.555399179    
   47.7315750      0.423698723    
   47.8275452      0.346999526    
   47.9235153      0.470100105    
   48.0194893      0.449000239    
   48.1154556      0.437600106    
   48.2114258      0.295900881    
   48.3073959      0.273299575    
   48.4033737      0.423801273    
   48.4993401      0.604400635    
   48.5953102      0.601800561    
   48.6912842      0.559499502    
   48.7872543      0.590101361    
   48.8832245      0.739201665    
   48.9791946      0.782299757    
   49.0751648      0.636101127    
   49.1711388      0.602601290    
   49.2671127      0.651099861    
   49.3630829      0.732600093    
   49.4590530      0.770399213    
   49.5550270      0.642000735    
   49.6510010      0.453199446    
   49.7469673      0.345399171    
   49.8429375      0.320400387    
   49.9389114      0.418999016    
   50.0348816      0.212298572    
   50.1308517       6.31994605E-02
   50.2268219       1.14001464E-02
   50.3227921       4.27990705E-02
   50.4187660       1.00000001E-10
   50.5147362       1.00000001E-10
   50.6107063       1.00000001E-10
   50.7066803       1.00000001E-10
   50.8026505       1.00000001E-10
   50.8986282       1.00000001E-10
   50.9945984       1.00000001E-10
   51.0905609       1.00000001E-10
   51.1865349       1.00000001E-10
   51.2825050       1.00000001E-10
   51.3784714       1.00000001E-10
   51.4744492       1.00000001E-10
   51.5704193       1.00000001E-10
   51.6663895       1.00000001E-10
   51.7623634       1.00000001E-10
   51.8583298       1.00000001E-10
   51.9543037       1.00000001E-10
   52.0502777       1.00000001E-10
   52.1462479       1.00000001E-10
   52.2422180       1.00000001E-10
   52.3381882       1.00000001E-10
   52.4341583       1.00000001E-10
   52.5301323       1.00000001E-10
   52.6261024       1.00000001E-10
   52.7220726       1.00000001E-10
   52.8180466       1.00000001E-10
   52.9140167       1.00000001E-10
   53.0099869       1.00000001E-10
   53.1059570       1.00000001E-10
   53.2019272       1.00000001E-10
   53.2979050       1.00000001E-10
   53.3938751       1.00000001E-10
   53.4898453       1.00000001E-10
   53.5858154       1.00000001E-10
   53.6817856       1.00000001E-10
   53.7777557       1.00000001E-10
   53.8737259       1.00000001E-10
   53.9696960       1.00000001E-10
   54.0656700       8.29956029E-03
   54.1616364      0.111999512    
   54.2576103      0.225501716    
   54.3535843      0.269498289    
   54.4495544      0.493800044    
   54.5455322      0.573000491    
   54.6415024      0.685300291    
   54.7374725      0.835499287    
   54.8334427      0.794899881    
   54.9294128      0.756799340    
   55.0253830      0.825300276    
   55.1213531      0.780599356    
   55.2173233      0.804100335    
   55.3132973      0.740499258    
   55.4092636      0.808900177    
   55.5052376      0.896900654    
   55.6012077      0.875202656    
   55.6971817      0.845799565    
   55.7931519      0.788800061    
   55.8891220      0.690599322    
   55.9850960      0.791899383    
   56.0810661      0.844099104    
   56.1770401      0.947299838    
   56.2730103      0.974999964    
   56.3689804      0.877598882    
   56.4649506      0.914899945    
   56.5609207      0.798299551    
   56.6568909      0.711199939    
   56.7528610      0.638398409    
   56.8488350      0.664798617    
   56.9448090      0.523399651    
   57.0407791      0.533800006    
   57.1367493      0.400900900    
   57.2327232      0.327501208    
   57.3286896      0.268400878    
   57.4246635      0.145498052    
   57.5206299      0.204899907    
   57.6166000      0.208101809    
   57.7125778      0.191600353    
   57.8085480      0.305400401    
   57.9045143      0.219298095    
   58.0004883      0.103200689    
   58.0964584      0.153100580    
   58.1924362      0.106801756    
   58.2884064      0.141101062    
   58.3843765      0.138798833    
   58.4803467       5.42993136E-02
   58.5763168       5.22009283E-02
   58.6722908      0.136999518    
   58.7682571       6.19995110E-02
   58.8642273       4.68994156E-02
   58.9602051       6.79931650E-03
   59.0561676       4.00024420E-03
   59.1521416       1.00000001E-10
   59.2481155       1.80053711E-03
   59.3440857       1.68994144E-02
   59.4400635       2.58007813E-02
   59.5360336       1.25000002E-02
   59.6320076       1.00000001E-10
   59.7279739       1.00000001E-10
   59.8239441       1.00000001E-10
   59.9199142       1.00000001E-10
   60.0158844       1.00000001E-10
   60.1118546       1.00000001E-10
   60.2078285       1.00000001E-10
   60.3037949       1.00000001E-10
   60.3997650       1.00000001E-10
   60.4957390       1.00000001E-10
   60.5917091       1.00000001E-10
   60.6876831       1.00000001E-10
   60.7836533       1.00000001E-10
   60.8796310       1.00000001E-10
   60.9755974       1.00000001E-10
   61.0715637       1.00000001E-10
   61.1675415       1.00000001E-10
   61.2635078       1.00000001E-10
   61.3594818       1.00000001E-10
   61.4554520       1.00000001E-10
   61.5514221       1.00000001E-10
   61.6473923       1.00000001E-10
   61.7433624       1.00000001E-10
   61.8393364       1.00000001E-10
   61.9353104       1.00000001E-10
   62.0312805       1.00000001E-10
   62.1272507       1.00000001E-10
   62.2232208       1.00000001E-10
   62.3191948       1.00000001E-10
   62.4151688       1.00000001E-10
   62.5111313       1.14013674E-02
   62.6071091      0.139597178    
   62.7030792      0.197700188    
   62.7990494      0.194499508    
   62.8950195      0.373599857    
   62.9909897      0.428100586    
   63.0869598      0.457899183    
   63.1829300      0.506500244    
   63.2789078      0.603800058    
   63.3748779      0.679699659    
   63.4708481      0.559899926    
   63.5668221      0.540700674    
   63.6627884      0.570802033    
   63.7587585      0.605900884    
   63.8547325      0.637198508    
   63.9506989      0.785201430    
   64.0466690      0.896800518    
   64.1426468      0.831599116    
   64.2386093      0.882298589    
   64.3345871      0.978000522    
   64.4305573       1.13530040    
   64.5265274       1.04099858    
   64.6225052       1.12339973    
   64.7184753       1.32290030    
   64.8144455       1.37909913    
   64.9104156       1.32909799    
   65.0063858       1.28460085    
   65.1023636       1.27040160    
   65.1983261       1.07000113    
   65.2943039       1.05169916    
   65.3902664       1.14650154    
   65.4862442       1.02460086    
   65.5822144      0.854401886    
   65.6781845      0.834100366    
   65.7741623      0.924800992    
   65.8701248      0.816201210    
   65.9660950      0.690300286    
   66.0620728      0.691999555    
   66.1580429      0.683800042    
   66.2540131      0.673498571    
   66.3499832      0.627997994    
   66.4459534      0.700397968    
   66.5419235      0.695100069    
   66.6378937      0.669197977    
   66.7338638      0.799699664    
   66.8298416      0.872999251    
   66.9258041      0.768599868    
   67.0217819      0.801999509    
   67.1177521      0.835198998    
   67.2137222      0.951999545    
   67.3097000       1.02499998    
   67.4056702       1.07890010    
   67.5016403       1.20560181    
   67.5976105       1.26250005    
   67.6935806       1.24739981    
   67.7895508       1.29590082    
   67.8855209       1.33990002    
   67.9814987       1.34390020    
   68.0774689       1.44310057    
   68.1734390       1.57179928    
   68.2694092       1.45120120    
   68.3653793       1.36669922    
   68.4613495       1.30859983    
   68.5573196       1.24750125    
   68.6532898       1.23760128    
   68.7492676       1.16929936    
   68.8452301       1.08010125    
   68.9412003       1.02670038    
   69.0371704      0.846099854    
   69.1331482      0.912301064    
   69.2291183      0.788099349    
   69.3250885      0.586701632    
   69.4210587      0.511800528    
   69.5170364      0.601899385    
   69.6130066      0.626101077    
   69.7089767      0.672500014    
   69.8049469      0.626498997    
   69.9009171      0.652401090    
   69.9968872      0.651999474    
   70.0928574      0.756101072    
   70.1888275      0.796000957    
   70.2847977      0.737999260    
   70.3807755      0.676101089    
   70.4767456      0.721699238    
   70.5727158      0.774598360    
   70.6686935      0.785400391    
   70.7646561      0.800098896    
   70.8606262      0.762999296    
   70.9566040      0.657401145    
   71.0525742      0.632999301    
   71.1485443      0.690101326    
   71.2445068      0.624699712    
   71.3404846      0.635899663    
   71.4364548      0.640700638    
   71.5324249      0.642700195    
   71.6283951      0.723499775    
   71.7243729      0.640100121    
   71.8203354      0.701199949    
   71.9163132      0.635900915    
   72.0122833      0.613100529    
   72.1082535      0.624799848    
   72.2042313      0.542098403    
   72.3002014      0.349199206    
   72.3961716      0.211297601    
   72.4921417      0.166398928    
   72.5881119       3.56994644E-02
   72.6840820       9.37988311E-02
   72.7800522       5.68994172E-02
   72.8760223       8.20007324E-02
   72.9720001       1.00000001E-10
   73.0679703       1.00000001E-10
   73.1639404       1.00000001E-10
   73.2599106       1.00000001E-10
   73.3558807       6.40014652E-03
   73.4518509      0.109801032    
   73.5478210      0.248699948    
   73.6437988      0.310201436    
   73.7397614      0.330401599    
   73.8357315      0.324600816    
   73.9317093      0.352299809    
   74.0276794      0.396099865    
   74.1236572      0.434199214    
   74.2196198      0.539901137    
   74.3155975      0.497100830    
   74.4115677      0.483400881    
   74.5075378      0.572499990    
   74.6035080      0.598099351    
   74.6994781      0.631000996    
   74.7954483      0.737700224    
   74.8914185      0.763498545    
   74.9873962      0.811297596    
   75.0833664      0.796101093    
   75.1793365      0.762100816    
   75.2753067      0.783100605    
   75.3712769      0.653499722    
   75.4672470      0.641899467    
   75.5632248      0.652698994    
   75.6591873      0.542301059    
   75.7551575      0.483598650    
   75.8511276      0.450399160    
   75.9471054      0.418798834    
   76.0430756      0.374000251    
   76.1390457      0.423000485    
   76.2350159      0.393701166    
   76.3309860      0.418499768    
   76.4269638      0.497999281    
   76.5229263      0.611300051    
   76.6188965      0.735600591    
   76.7148666      0.754699707    
   76.8108444      0.899200439    
   76.9068146      0.978302002    
   77.0027847      0.959699750    
   77.0987625      0.995401561    
   77.1947327      0.975400388    
   77.2907028      0.956898212    
   77.3866730      0.891501427    
   77.4826431      0.907299817    
   77.5786133      0.756098628    
   77.6745834      0.631198704    
   77.7705460      0.559500754    
   77.8665237      0.518800020    
   77.9624939      0.370399177    
   78.0584717      0.258798838    
   78.1544342      0.321199954    
   78.2504044      0.275999784    
   78.3463821      0.230899662    
   78.4423599      0.321600348    
   78.5383224      0.343199462    
   78.6342926      0.367000759    
   78.7302628      0.464699715    
   78.8262405      0.604200482    
   78.9222107      0.673299551    
   79.0181885      0.657299817    
   79.1141510      0.730301499    
   79.2101288      0.895601809    
   79.3060989      0.915300250    
   79.4020691      0.882401109    
   79.4980392      0.874901116    
   79.5940094      0.841498971    
   79.6899796      0.716398954    
   79.7859497      0.617600083    
   79.8819275      0.558199465    
   79.9778976      0.439300537    
   80.0738754      0.331600338    
   80.1698456      0.363400877    
   80.2658081      0.314099133    
   80.3617783      0.271500230    
   80.4577560      0.227398694    
   80.5537186      0.182999268    
   80.6496887      0.191499025    
   80.7456589      0.185100093    
   80.8416367      0.193300784    
   80.9376068      0.355200201    
   81.0335770      0.474700928    
   81.1295547      0.507200897    
   81.2255249      0.573601067    
   81.3215027      0.552899182    
   81.4174652      0.648801267    
   81.5134354      0.619500756    
   81.6094055      0.568197012    
   81.7053757      0.585000038    
   81.8013535      0.673900127    
   81.8973160      0.704799831    
   81.9932861      0.774499536    
   82.0892563      0.724599600    
   82.1852341      0.558900118    
   82.2812119      0.509399414    
   82.3771820      0.483598620    
   82.4731522      0.482098401    
   82.5691299      0.546298802    
   82.6650925      0.566098630    
   82.7610626      0.698500991    
   82.8570328      0.731002212    
   82.9530106      0.695599377    
   83.0489731      0.758200645    
   83.1449432      0.715299070    
   83.2409210      0.758001745    
   83.3368835      0.894999981    
   83.4328537       1.03770018    
   83.5288315       1.02330089    
   83.6247940       1.09109986    
   83.7207718       1.08530021    
   83.8167496       1.01490116    
   83.9127121      0.886199951    
   84.0086899      0.873698771    
   84.1046600      0.857600093    
   84.2006378      0.878699958    
   84.2966003      0.873599827    
   84.3925705      0.907000721    
   84.4885406      0.924400687    
   84.5845108      0.952597618    
   84.6804810      0.860799551    
   84.7764587      0.971400142    
   84.8724213      0.998400867    
   84.9683990      0.942799091    
   85.0643616       1.00510132    
   85.1603394       1.00580072    
   85.2563095      0.862600088    
   85.3522873      0.843800068    
   85.4482498      0.721600354    
   85.5442276      0.717298567    
   85.6401978      0.645899653    
   85.7361679      0.488500983    
   85.8321304      0.457401097    
   85.9281006      0.385599375    
   86.0240784      0.228902593    
   86.1200485      0.206700444    
   86.2160263      0.199100345    
   86.3119888      0.164598390    
   86.4079666      0.242698967    
   86.5039291      0.173701167    
   86.5999069      0.194999993    
   86.6958771      0.194099128    
   86.7918549       1.41003421E-02
   86.8878250       4.47998047E-02
   86.9837875       6.29003868E-02
   87.0797653       2.15002447E-02
   87.1757355       2.15991214E-02
   87.2717209       5.21984845E-02
   87.3676758       3.41003463E-02
   87.4636536       1.00000001E-10
   87.5596161       1.00000001E-10
   87.6555939       5.10009751E-03
   87.7515640      0.118400879    
   87.8475342      0.109299317    
   87.9435043      0.201402590    
   88.0394745      0.345301509    
   88.1354523      0.336301267    
   88.2314148      0.404200435    
   88.3273926      0.477998048    
   88.4233627      0.539500713    
   88.5193405      0.635999739    
   88.6153030      0.638500988    
   88.7112732      0.739199221    
   88.8072433      0.887301028    
   88.9032135      0.944499493    
   88.9991837      0.915999770    
   89.0951538      0.951599121    
   89.1911316      0.967397451    
   89.2870941      0.921599150    
   89.3830795      0.856298804    
   89.4790421      0.938801289    
   89.5750198      0.944801033    
   89.6709824      0.845299065    
   89.7669525      0.859399438    
   89.8629303      0.900198996    
   89.9589081      0.783999026    
   90.0548706      0.651600361    
   90.1508331      0.579001486    
   90.2468185      0.486300051    
   90.3427734      0.339001477    
   90.4387589      0.303699970    
   90.5347290      0.326700449    
   90.6307068      0.261198729    
   90.7266693       7.92004392E-02
   90.8226471       4.30053705E-03
   90.9186096       7.10082985E-03
   91.0145874       1.00000001E-10
   91.1105576       1.00000001E-10
   91.2065277       1.00000001E-10
   91.3024979       1.00000001E-10
   91.3984604       1.00000001E-10
   91.4944382       1.00000001E-10
   91.5904007       1.00000001E-10
   91.6863785       1.00000001E-10
   91.7823410       1.00000001E-10
   91.8783188       1.00000001E-10
   91.9742966       7.77990744E-02
   92.0702667      0.137999266    
   92.1662369      0.159799814    
   92.2622070       6.68994114E-02
   92.3581848       7.20996112E-02
   92.4541473      0.193402112    
   92.5501251      0.168200687    
   92.6460800      0.171301275    
   92.7420654      0.244599611    
   92.8380280      0.267000735    
   92.9340057      0.250899673    
   93.0299683      0.319998771    
   93.1259460      0.421600342    
   93.2219162      0.291799307    
   93.3178787      0.277401119    
   93.4138565      0.436099857    
   93.5098343      0.625100076    
   93.6058121      0.616298795    
   93.7017670      0.672399879    
   93.7977524      0.808599830    
   93.8937149      0.702301025    
   93.9896851      0.669899940    
   94.0856552      0.669598341    
   94.1816330      0.779099107    
   94.2775955      0.702100873    
   94.3735733      0.778800070    
   94.4695511      0.935200214    
   94.5655060      0.895800769    
   94.6614838      0.749298096    
   94.7574539      0.770300269    
   94.8534317      0.811501503    
   94.9493942      0.737698972    
   95.0453720      0.787298560    
   95.1413422       1.01400030    
   95.2373123       1.11820078    
   95.3332901       1.15359855    
   95.4292603       1.24739981    
   95.5252304       1.39070070    
   95.6212006       1.40179932    
   95.7171707       1.50670052    
   95.8131332       1.65879881    
   95.9091110       1.75680053    
   96.0050888       1.96609986    
   96.1010513       2.11789894    
   96.1970291       2.37080097    
   96.2929993       2.39859986    
   96.3889618       2.49340081    
   96.4849319       2.66929817    
   96.5809097       2.79500103    
   96.6768799       2.72810054    
   96.7728500       2.87370014    
   96.8688278       3.02560067    
   96.9647980       3.20950079    
   97.0607681       3.52460098    
   97.1567383       3.61679935    
   97.2527161       3.80730104    
   97.3486862       4.00990105    
   97.4446564       4.21500015    
   97.5406265       4.39609861    
   97.6365967       4.76010036    
   97.7325668       5.12930155    
   97.8285370       5.69269896    
   97.9245148       6.34749985    
   98.0204773       6.84929943    
   98.1164551       7.32030010    
   98.2124176       7.93549776    
   98.3083878       8.60140038    
   98.4043579       9.32269859    
   98.5003433       10.0909996    
   98.5963058       10.8082981    
   98.6922836       11.5797005    
   98.7882538       12.2534008    
   98.8842163       12.7862988    
   98.9801941       13.3268995    
   99.0761642       13.7486010    
   99.1721344       14.0982008    
   99.2681046       14.5219984    
   99.3640823       14.8576984    
   99.4600449       15.0045023    
   99.5560150       15.1407986    
   99.6519928       15.1242027    
   99.7479630       15.0423985    
   99.8439331       15.0858994    
   99.9399033       15.0305996    
   100.035881       14.9095001    
   100.131844       14.8009033    
   100.227821       14.6268969    
   100.323792       14.3575001    
   100.419769       14.0600977    
   100.515732       13.6757030    
   100.611694       13.1265993    
   100.707672       12.6062012    
   100.803635       12.0678997    
   100.899620       11.4382982    
   100.995590       10.6205006    
   101.091560       9.79730225    
   101.187531       8.93700027    
   101.283508       8.00590134    
   101.379471       7.06499767    
   101.475441       6.16940212    
   101.571426       5.31509972    
   101.667389       4.45160151    
   101.763359       3.71070051    
   101.859322       3.06669664    
   101.955292       2.41630363    
   102.051262       1.85350096    
   102.147247       1.44459963    
   102.243210       1.07770264    
   102.339188      0.755805671    
   102.435158      0.564003944    
   102.531128      0.396999538    
   102.627098      0.261596680    
   102.723068      0.188298345    
   102.819046      0.133398443    
   102.915009       7.80957043E-02
   103.010986       5.00952154E-02
   103.106949       3.32958996E-02
   103.202927       1.97949223E-02
   103.298897       1.10937506E-02
   103.394867       5.79589885E-03
   103.490837       2.59277341E-03
   103.586807       1.59179687E-03
   103.682785       1.79199222E-03
   103.778748       1.00000001E-10
   103.874725       1.00000001E-10
   103.970695       1.00000001E-10
   104.066681       1.00000001E-10
   104.162636       1.90185546E-03
   104.258614       2.00195308E-03
   104.354576       2.00195308E-03
   104.450546       1.50146475E-03
   104.546524       9.00878920E-04
   104.642487       8.00781243E-04
   104.738464       1.00097654E-03
   104.834435       8.00781243E-04
   104.930412       2.39746110E-03
   105.026375       3.99414077E-03
   105.122353       3.89404316E-03
   105.218323       3.59375007E-03
   105.314301       1.90185546E-03
   105.410263       1.00000001E-10
   105.506241       1.00000001E-10
   105.602203       5.00000007E-11
   105.698166       8.00781243E-04
   105.794151       1.20117189E-03
   105.890121       1.10107427E-03
   105.986099       8.00781243E-04
   106.082062       8.00781243E-04
   106.178040       1.00000001E-10
   106.273994       1.00000001E-10
   106.369972       1.00000001E-10
   106.465950       1.00000001E-10
   106.561920       1.20117189E-03
   106.657890       2.20214855E-03
   106.753860       1.50146475E-03
   106.849831       4.00390680E-04
   106.945801       1.00000001E-10
   107.041779       1.00000001E-10
   107.137749       1.00000001E-10
   107.233727       1.00000001E-10
   107.329689       1.00000001E-10
   107.425659       1.00000001E-10
   107.521622       1.00000001E-10
   107.617599       1.00000001E-10
   107.713577       1.00000001E-10
   107.809540       1.00000001E-10
   107.905518       1.00000001E-10
