#% dosis direct_e	
#cm water	Dose %
7.50E-02	4.81E+01
2.25E-01	5.12E+01
3.75E-01	5.37E+01
5.25E-01	5.62E+01
6.75E-01	5.91E+01
8.25E-01	6.21E+01
9.75E-01	6.54E+01
1.13E+00	6.75E+01
1.28E+00	6.81E+01
1.43E+00	6.71E+01
1.58E+00	6.40E+01
1.73E+00	5.91E+01
1.88E+00	5.17E+01
2.03E+00	4.26E+01
2.18E+00	3.30E+01
2.33E+00	2.29E+01
2.48E+00	1.37E+01
2.63E+00	6.41E+00
2.78E+00	2.22E+00
2.93E+00	6.22E-01
3.08E+00	3.98E-01
3.23E+00	3.87E-01
3.38E+00	4.03E-01
3.53E+00	4.03E-01
3.68E+00	3.98E-01
3.83E+00	4.11E-01
3.98E+00	3.85E-01
4.13E+00	3.80E-01
4.28E+00	3.88E-01
4.43E+00	3.92E-01
4.58E+00	3.71E-01
4.73E+00	3.79E-01
4.88E+00	3.98E-01
5.03E+00	3.78E-01
5.18E+00	3.46E-01
5.33E+00	3.68E-01
5.48E+00	3.45E-01
5.63E+00	3.37E-01
5.78E+00	3.17E-01
5.93E+00	3.10E-01
