


#E(eV)	  g4      g4-dna     lepts    oldlept
 1e1    1000	  11.3703    19.1335  16.7635
 3e1    3000	  100.856    291.713  190.448
 6e1    6000	  221.902    585.768  427.012
 1e2    10000	  291.958    607.894  472.901
 3e2    479.353   231.756    374.634  428.083
 6e2    328.748   158.529    236.939  317.401
 1e3    241.256   114.719    162.655  218.801
 3e3    112.545   54.9259    66.3916  84.536 
 6e3    66.9379   32.9441    40.6852  45.8494
 1e4    45.1631   22.4913    25.0947  28.242 
 3e4    19.3234   9.69206    10.1716
 6e4    11.6037   5.71511    6.26927 
 1e5    8.23798   4.1952     4.36271
 3e5    4.71396   2.06784    2.49491
 6e5    3.92222   1.52299    2.15889 
 1e6    3.59996  	     2.12753
 3e6    3.40156  	     2.14199
 6e6    3.41653  	     
 1e7    3.4394   	   
 3e7    3.47713
 6e7    3.48811
