   12.2702131       2.47429991    
   12.4621553       2.82805014    
   12.6540966       2.86005020    
   12.8460398       2.96709991    
   13.0379829       2.93260002    
   13.2299261       3.05679989    
   13.4218674       3.21924996    
   13.6138096       3.03509998    
   13.8057518       3.11514997    
   13.9976950       3.08089995    
   14.1896362       3.04395008    
   14.3815794       3.12225032    
   14.5735226       3.20055008    
   14.7654648       3.57885003    
   14.9574060       3.63250017    
   15.1493473       3.62249994    
   15.3412905       3.67824984    
   15.5332336       3.60449982    
   15.7251759       3.26679969    
   15.9171200       2.62359977    
   16.1090622       2.21410036    
   16.3010044       2.11759996    
   16.4929466       2.03495026    
   16.6848869       2.03474998    
   16.8768311       2.09985018    
   17.0687733       2.28560019    
   17.2607155       2.65354967    
   17.4526596       2.75345016    
   17.6445999       2.87549973    
   17.8365421       2.76665020    
   18.0284843       2.73955011    
   18.2204285       2.71409988    
   18.4123688       2.60339975    
   18.6043129       2.39819980    
   18.7962551       2.24559999    
   18.9881973       2.14595056    
   19.1801376       1.86334944    
   19.3720818       1.92829955    
   19.5640259       1.84175003    
   19.7559681       1.83874989    
   19.9479103       2.03049994    
   20.1398506       2.09145021    
   20.3317947       2.35430026    
   20.5237350       2.36910057    
   20.7156792       2.38955021    
   20.9076214       2.41365027    
   21.0995636       2.24454999    
   21.2915077       1.89039874    
   21.4834499       1.90014958    
   21.6753922       1.83754992    
   21.8673363       1.75225008    
   22.0592766       1.77559972    
   22.2512207       1.81340027    
   22.4431610       2.20640016    
   22.6351051       2.31580091    
   22.8270454       2.43800020    
   23.0189896       2.67975044    
   23.2109299       3.00134945    
   23.4028740       3.26135015    
   23.5948162       3.34049988    
   23.7867584       3.51354980    
   23.9786987       3.58794928    
   24.1706409       3.38519979    
   24.3625832       3.14170074    
   24.5545273       2.69614983    
   24.7464714       2.48530030    
   24.9384117       2.19475031    
   25.1303558       1.91974998    
   25.3222961       1.88540006    
   25.5142403       1.95655036    
   25.7061806       2.14165020    
   25.8981247       2.21245003    
   26.0900650       2.25715017    
   26.2820091       2.44429970    
   26.4739494       2.62294960    
   26.6658936       2.61819935    
   26.8578339       2.53119969    
   27.0497780       2.53885031    
   27.2417183       2.55050039    
   27.4336624       2.27925062    
   27.6256027       2.10839987    
   27.8175468       1.90345001    
   28.0094872       1.73585033    
   28.2014313       1.64015019    
   28.3933754       1.42644966    
   28.5853157       1.29744971    
   28.7772598       1.12519991    
   28.9692001      0.997050226    
   29.1611443      0.919599652    
   29.3530865      0.735400081    
   29.5450268      0.810500145    
   29.7369690       1.07769990    
   29.9289131       1.22280025    
   30.1208572       1.38950014    
   30.3127975       1.65055060    
   30.5047379       1.92399931    
   30.6966839       1.90094900    
   30.8886261       1.76550019    
   31.0805683       1.77075005    
   31.2725105       1.64849854    
   31.4644508       1.38590026    
   31.6563950       1.05824947    
   31.8483391      0.780250192    
   32.0402832      0.494451284    
   32.2322273       8.52496326E-02
   32.4241676       1.59002692E-02
   32.6161118       1.00000001E-10
   32.8080521       1.00000001E-10
   32.9999924       1.00000001E-10
   33.1919365       4.60021989E-03
   33.3838806      0.136599123    
   33.5758209       1.74993910E-02
   33.7677650      0.159099132    
   33.9597054      0.323649883    
   34.1516457      0.575900257    
   34.3435898      0.530499279    
   34.5355339      0.586950064    
   34.7274742      0.902651310    
   34.9194183       1.07819939    
   35.1113586       1.22015023    
   35.3033028       1.25370002    
   35.4952431       1.25580072    
   35.6871872       1.31725025    
   35.8791313       1.29624939    
   36.0710754       1.27169991    
   36.2630119       1.02009952    
   36.4549561      0.979049087    
   36.6469002      0.879950523    
   36.8388405      0.804198623    
   37.0307808      0.439298719    
   37.2227249      0.103950202    
   37.4146690       7.09997565E-02
   37.6066093       1.00000001E-10
   37.7985535       1.00000001E-10
   37.9904976       1.00000001E-10
   38.1824379       1.00000001E-10
   38.3743820       1.00000001E-10
   38.5663223       1.00000001E-10
   38.7582626       1.00000001E-10
   38.9502068       1.00000001E-10
   39.1421471       6.15008548E-02
   39.3340912      0.432949841    
   39.5260315      0.539899886    
   39.7179756      0.671298862    
   39.9099197       1.11495042    
   40.1018600      0.970650077    
   40.2938004      0.885250866    
   40.4857445      0.743301392    
   40.6776848      0.861300647    
   40.8696289       1.14235055    
   41.0615730       1.04774952    
   41.2535172       1.00405025    
   41.4454575       1.01424861    
   41.6374016      0.971549630    
   41.8293457      0.865098834    
   42.0212822      0.644200444    
   42.2132263      0.368599862    
   42.4051704      0.293449104    
   42.5971107      0.393500388    
   42.7890549      0.387149662    
   42.9809952      0.295001209    
   43.1729393      0.135050043    
   43.3648796      0.135850221    
   43.5568237      0.202950448    
   43.7487679       1.63000487E-02
   43.9407082       1.00000001E-10
   44.1326485       1.00000001E-10
   44.3245964       1.00000001E-10
   44.5165329       1.00000001E-10
   44.7084808       1.00000001E-10
   44.9004250       1.00000001E-10
   45.0923615       1.00000001E-10
   45.2843056       1.00000001E-10
   45.4762459       1.00000001E-10
   45.6681900       1.00000001E-10
   45.8601341       2.21997071E-02
   46.0520782      0.242399916    
   46.2440224      0.313849509    
   46.4359589      0.516051054    
   46.6279030      0.762050748    
   46.8198433      0.770700693    
   47.0117874      0.768899560    
   47.2037315      0.755400360    
   47.3956718      0.680299699    
   47.5876198      0.629149795    
   47.7795601      0.385349125    
   47.9715042      0.459550172    
   48.1634407      0.366750479    
   48.3553848      0.348550439    
   48.5473251      0.603100598    
   48.7392693      0.574800432    
   48.9312096      0.760750711    
   49.1231537      0.619351208    
   49.3150978      0.691849947    
   49.5070419      0.706200004    
   49.6989822      0.399299324    
   49.8909225      0.369699717    
   50.0828667      0.137749016    
   50.2748070       2.70996094E-02
   50.4667511       1.00000001E-10
   50.6586914       1.00000001E-10
   50.8506393       1.00000001E-10
   51.0425797       1.00000001E-10
   51.2345200       1.00000001E-10
   51.4264603       1.00000001E-10
   51.6184044       1.00000001E-10
   51.8103485       1.00000001E-10
   52.0022888       1.00000001E-10
   52.1942329       1.00000001E-10
   52.3861732       1.00000001E-10
   52.5781174       1.00000001E-10
   52.7700577       1.00000001E-10
   52.9620018       1.00000001E-10
   53.1539421       1.00000001E-10
   53.3458900       1.00000001E-10
   53.5378304       1.00000001E-10
   53.7297707       1.00000001E-10
   53.9217110       1.00000001E-10
   54.1136551       6.01495355E-02
   54.3055954      0.247500002    
   54.4975433      0.533400297    
   54.6894875      0.760399818    
   54.8814278      0.775849581    
   55.0733681      0.802949786    
   55.2653122      0.772299767    
   55.4572525      0.852900386    
   55.6491928      0.860501111    
   55.8411369      0.739699721    
   56.0330811      0.817999244    
   56.2250252      0.961149931    
   56.4169655      0.896249413    
   56.6089058      0.754749775    
   56.8008499      0.651598513    
   56.9927940      0.528599858    
   57.1847382      0.364201069    
   57.3766785      0.206949472    
   57.5686150      0.206500858    
   57.7605629      0.248500377    
   57.9524994      0.161249399    
   58.1444473      0.129951164    
   58.3363914      0.139949948    
   58.5283318       5.32501191E-02
   58.7202759       9.94995162E-02
   58.9122162       2.68493667E-02
   59.1041565       2.00012210E-03
   59.2961006       9.34997573E-03
   59.4880486       1.91503912E-02
   59.6799927       1.00000001E-10
   59.8719292       1.00000001E-10
   60.0638695       1.00000001E-10
   60.2558136       1.00000001E-10
   60.4477539       1.00000001E-10
   60.6396942       1.00000001E-10
   60.8316422       1.00000001E-10
   61.0235825       1.00000001E-10
   61.2155228       1.00000001E-10
   61.4074669       1.00000001E-10
   61.5994072       1.00000001E-10
   61.7913513       1.00000001E-10
   61.9832954       1.00000001E-10
   62.1752357       1.00000001E-10
   62.3671799       1.00000001E-10
   62.5591202       7.54992738E-02
   62.7510643      0.196099848    
   62.9430046      0.400850236    
   63.1349449      0.482199728    
   63.3268929      0.641749859    
   63.5188370      0.550300300    
   63.7107735      0.588351488    
   63.9027176      0.711199999    
   64.0946579      0.864199817    
   64.2865982      0.930149555    
   64.4785461       1.08814955    
   64.6704865       1.22315001    
   64.8624268       1.35409856    
   65.0543747       1.27750123    
   65.2463150       1.06085014    
   65.4382553       1.08555126    
   65.6302032      0.844251156    
   65.8221436      0.870501101    
   66.0140839      0.691149950    
   66.2060242      0.678649306    
   66.3979645      0.664197981    
   66.5899048      0.682149053    
   66.7818527      0.836349487    
   66.9737930      0.785299659    
   67.1657410      0.893599272    
   67.3576813       1.05194998    
   67.5496216       1.23405099    
   67.7415619       1.27165031    
   67.9335098       1.34190011    
   68.1254578       1.50744987    
   68.3173981       1.40895021    
   68.5093384       1.27805054    
   68.7012787       1.20345032    
   68.8932190       1.05340075    
   69.0851593      0.879200459    
   69.2770996      0.687400460    
   69.4690475      0.556849957    
   69.6609955      0.649300575    
   69.8529358      0.639450073    
   70.0448761      0.704050303    
   70.2368164      0.767000079    
   70.4287567      0.698900163    
   70.6207047      0.779999375    
   70.8126373      0.781549096    
   71.0045929      0.645200253    
   71.1965256      0.657400489    
   71.3884735      0.638300180    
   71.5804138      0.683099985    
   71.7723541      0.670650005    
   71.9642944      0.624500751    
   72.1562424      0.583449125    
   72.3481903      0.280248404    
   72.5401306      0.101049200    
   72.7320709       7.53491223E-02
   72.9240112       4.10003662E-02
   73.1159515       1.00000001E-10
   73.3078918       3.20007326E-03
   73.4998322      0.179250494    
   73.6917801      0.320301533    
   73.8837204      0.338450313    
   74.0756683      0.415149540    
   74.2676086      0.518500984    
   74.4595490      0.527950406    
   74.6514893      0.614550173    
   74.8434296      0.750599384    
   75.0353851      0.803699374    
   75.2273254      0.772600710    
   75.4192657      0.647699594    
   75.6112061      0.597500026    
   75.8031464      0.466998905    
   75.9950867      0.396399558    
   76.1870270      0.408350825    
   76.3789749      0.458249509    
   76.5709076      0.673450351    
   76.7628555      0.826950073    
   76.9548035      0.969000876    
   77.1467438      0.985400975    
   77.3386841      0.924199820    
   77.5306244      0.831699252    
   77.7225647      0.595349729    
   77.9145050      0.444599599    
   78.1064529      0.289999396    
   78.2983932      0.253449738    
   78.4903412      0.332399905    
   78.6822815      0.415850222    
   78.8742218      0.638750017    
   79.0661697      0.693800688    
   79.2581177      0.905451059    
   79.4500580      0.878651142    
   79.6419983      0.778948963    
   79.8339386      0.587899804    
   80.0258865      0.385450423    
   80.2178268      0.338750005    
   80.4097672      0.249449462    
   80.6016998      0.187249154    
   80.7936478      0.189200431    
   80.9855957      0.414950550    
   81.1775360      0.540400982    
   81.3694839      0.600850224    
   81.5614166      0.593848884    
   81.7533646      0.629450083    
   81.9452972      0.739649653    
   82.1372452      0.641749859    
   82.3291931      0.496499002    
   82.5211411      0.514198601    
   82.7130737      0.632299781    
   82.9050217      0.713300824    
   83.0969543      0.736749887    
   83.2889023      0.826500893    
   83.4808426       1.03050053    
   83.6727829       1.08820009    
   83.8647308      0.950550556    
   84.0566711      0.865649462    
   84.2486191      0.876149893    
   84.4405518      0.915700674    
   84.6324921      0.906698585    
   84.8244400      0.984900475    
   85.0163803      0.973950207    
   85.2083282      0.934200406    
   85.4002686      0.782700181    
   85.5922089      0.681599140    
   85.7841492      0.472951055    
   85.9760895      0.307250977    
   86.1680374      0.202900395    
   86.3599777      0.203648686    
   86.5519180      0.184350580    
   86.7438660      0.104099736    
   86.9358063       5.38500957E-02
   87.1277466       2.15496831E-02
   87.3197021       4.31494154E-02
   87.5116348       1.00000001E-10
   87.7035828       6.17504865E-02
   87.8955231      0.155350953    
   88.0874634      0.340801388    
   88.2794037      0.441099226    
   88.4713516      0.587750196    
   88.6632843      0.688850105    
   88.8552246      0.915900230    
   89.0471649      0.933799446    
   89.2391129      0.944498301    
   89.4310608      0.897550046    
   89.6230011      0.895050049    
   89.8149414      0.879799247    
   90.0068893      0.717799664    
   90.1988220      0.532650769    
   90.3907623      0.321350724    
   90.5827179      0.293949604    
   90.7746582       4.17504869E-02
   90.9665985       3.55041493E-03
   91.1585388       1.00000001E-10
   91.3504791       1.00000001E-10
   91.5424194       1.00000001E-10
   91.7343597       1.00000001E-10
   91.9263077       3.88995372E-02
   92.1182556      0.148899540    
   92.3101959       6.94995075E-02
   92.5021362      0.180801392    
   92.6940765      0.207950443    
   92.8860168      0.258950204    
   93.0779572      0.370799541    
   93.2698975      0.284600198    
   93.4618454      0.530599952    
   93.6537933      0.644349337    
   93.8457336      0.755450428    
   94.0376740      0.669749141    
   94.2296143      0.740599990    
   94.4215622      0.857000113    
   94.6134949      0.822549462    
   94.8054428      0.790900886    
   94.9973831      0.762498736    
   95.1893311       1.06610060    
   95.3812714       1.20049918    
   95.5732117       1.39625001    
   95.7651520       1.58274961    
   95.9570999       1.86145020    
   96.1490402       2.24434996    
   96.3409805       2.44600034    
   96.5329208       2.73214960    
   96.7248688       2.80090046    
   96.9168091       3.11755085    
   97.1087494       3.57070017    
   97.3007050       3.90860105    
   97.4926453       4.30554962    
   97.6845856       4.94470119    
   97.8765259       6.02009964    
   98.0684662       7.08479977    
   98.2604065       8.26844883    
   98.4523468       9.70684910    
   98.6442947       11.1939993    
   98.8362350       12.5198498    
   99.0281830       13.5377502    
   99.2201233       14.3100996    
   99.4120636       14.9311008    
   99.6040039       15.1325006    
   99.7959442       15.0641489    
   99.9878922       14.9700499    
   100.179832       14.7138996    
   100.371780       14.2087994    
   100.563713       13.4011517    
   100.755653       12.3370504    
   100.947601       11.0293999    
   101.139542       9.36715126    
   101.331490       7.53544950    
   101.523438       5.74225092    
   101.715378       4.08115101    
   101.907303       2.74150014    
   102.099258       1.64905024    
   102.291199      0.916754127    
   102.483139      0.480501741    
   102.675079      0.224947512    
   102.867027      0.105747074    
   103.058968       4.16955575E-02
   103.250916       1.54443365E-02
   103.442856       4.19433601E-03
   103.634796       1.69189461E-03
   103.826736       1.00000001E-10
   104.018692       1.00000001E-10
   104.210625       1.95190427E-03
   104.402557       1.75170891E-03
   104.594505       8.50830111E-04
   104.786453       9.00878920E-04
   104.978394       3.19580082E-03
   105.170334       3.74389673E-03
   105.362282       9.50927788E-04
   105.554222       7.49999993E-11
   105.746155       1.00097654E-03
   105.938110       9.50927730E-04
   106.130051       4.00390680E-04
   106.321983       1.00000001E-10
   106.513931       6.00586005E-04
   106.705872       1.85180665E-03
   106.897812       2.00195384E-04
   107.089767       1.00000001E-10
   107.281708       1.00000001E-10
   107.473640       1.00000001E-10
   107.665588       1.00000001E-10
   107.857529       1.00000001E-10
