   12.2702131       4.71514988    
   12.4621553       4.85855007    
   12.6540966       4.87065029    
   12.8460398       4.92444992    
   13.0379829       4.82814980    
   13.2299261       4.90504980    
   13.4218674       4.93860006    
   13.6138096       4.97189999    
   13.8057518       5.10575008    
   13.9976950       5.07354975    
   14.1896362       5.21380043    
   14.3815794       5.22710037    
   14.5735226       5.27285004    
   14.7654648       5.28880024    
   14.9574060       5.29299974    
   15.1493473       5.33209991    
   15.3412905       5.41674995    
   15.5332336       5.33539963    
   15.7251759       5.21724987    
   15.9171200       5.33624935    
   16.1090622       5.30670023    
   16.3010044       5.21080065    
   16.4929466       4.94150066    
   16.6848869       4.83675051    
   16.8768311       4.83855057    
   17.0687733       4.54624987    
   17.2607155       4.38205051    
   17.4526596       4.34280014    
   17.6445999       4.41169977    
   17.8365421       4.55364990    
   18.0284843       4.59934902    
   18.2204285       4.59214973    
   18.4123688       4.71885014    
   18.6043129       4.70689964    
   18.7962551       4.67735004    
   18.9881973       4.45650053    
   19.1801376       4.24319935    
   19.3720818       4.13120079    
   19.5640259       3.86890006    
   19.7559681       3.59670043    
   19.9479103       3.40389967    
   20.1398506       3.32095003    
   20.3317947       3.19795012    
   20.5237350       3.12094975    
   20.7156792       3.19414997    
   20.9076214       3.17749929    
   21.0995636       3.01520061    
   21.2915077       2.79069996    
   21.4834499       2.64744949    
   21.6753922       2.47800064    
   21.8673363       2.05044961    
   22.0592766       1.74129975    
   22.2512207       1.79919982    
   22.4431610       1.79790044    
   22.6351051       1.71515048    
   22.8270454       1.67474914    
   23.0189896       1.72410035    
   23.2109299       1.79194951    
   23.4028740       1.69105041    
   23.5948162       1.59399962    
   23.7867584       1.51869929    
   23.9786987       1.40230036    
   24.1706409       1.21825016    
   24.3625832       1.10885012    
   24.5545273      0.977800310    
   24.7464714      0.830501735    
   24.9384117      0.571300030    
   25.1303558      0.404100955    
   25.3222961      0.445950329    
   25.5142403      0.437899768    
   25.7061806      0.443800062    
   25.8981247      0.554648459    
   26.0900650      0.709249854    
   26.2820091       1.03284907    
   26.4739494       1.08659852    
   26.6658936       1.09464908    
   26.8578339       1.00085020    
   27.0497780      0.842799664    
   27.2417183      0.709749758    
   27.4336624      0.454400033    
   27.6256027      0.286301255    
   27.8175468      0.127249762    
   28.0094872      0.129851073    
   28.2014313       8.90997350E-02
   28.3933754      0.120650634    
   28.5853157       5.66003397E-02
   28.7772598       2.43994147E-02
   28.9692001       2.60003656E-02
   29.1611443       6.75500482E-02
   29.3530865      0.141249388    
   29.5450268      0.108000487    
   29.7369690      0.104500122    
   29.9289131      0.218250126    
   30.1208572      0.357350469    
   30.3127975      0.360950321    
   30.5047379      0.402601331    
   30.6966839      0.474649042    
   30.8886261      0.541199327    
   31.0805683      0.534149766    
   31.2725105      0.354151011    
   31.4644508      0.252949834    
   31.6563950       7.90997297E-02
   31.8483391       3.25500481E-02
   32.0402832       1.00000001E-10
   32.2322273       1.00000001E-10
   32.4241676       1.00000001E-10
   32.6161118       4.14978014E-03
   32.8080521       2.02990733E-02
   32.9999924       3.15002445E-03
   33.1919365       2.49633886E-04
   33.3838806       1.00000001E-10
   33.5758209       1.00000001E-10
   33.7677650       1.00000001E-10
   33.9597054       1.00000001E-10
   34.1516457       4.98004183E-02
   34.3435898      0.107050180    
   34.5355339      0.243049920    
   34.7274742      0.347350448    
   34.9194183      0.495850831    
   35.1113586      0.592448711    
   35.3033028      0.637450576    
   35.4952431      0.533449709    
   35.6871872      0.542650700    
   35.8791313      0.420850217    
   36.0710754      0.368601054    
   36.2630119      0.199699700    
   36.4549561      0.129951179    
   36.6469002      0.152351081    
   36.8388405      0.174949959    
   37.0307808      0.154049069    
   37.2227249      0.109949343    
   37.4146690       7.84002692E-02
   37.6066093      0.106850587    
   37.7985535       2.42480468E-02
   37.9904976       4.24987776E-03
   38.1824379       1.00000001E-10
   38.3743820       1.00000001E-10
   38.5663223       1.00000001E-10
   38.7582626       1.00000001E-10
   38.9502068       1.00000001E-10
   39.1421471       1.00000001E-10
   39.3340912       1.00000001E-10
   39.5260315       1.00000001E-10
   39.7179756       1.00000001E-10
   39.9099197       5.09948749E-03
   40.1018600       7.94006363E-02
   40.2938004      0.356751710    
   40.4857445      0.588900745    
   40.6776848      0.560200214    
   40.8696289      0.620000005    
   41.0615730      0.654400587    
   41.2535172      0.741799951    
   41.4454575      0.599599600    
   41.6374016      0.406950086    
   41.8293457      0.381750464    
   42.0212822      0.278300166    
   42.2132263      0.229149789    
   42.4051704      0.112550043    
   42.5971107      0.100599363    
   42.7890549      0.147150278    
   42.9809952      0.109749146    
   43.1729393      0.170750111    
   43.3648796      0.126849979    
   43.5568237      0.127351075    
   43.7487679       2.22503655E-02
   43.9407082       1.00000001E-10
   44.1326485       1.00000001E-10
   44.3245964       1.00000001E-10
   44.5165329       1.00000001E-10
   44.7084808       1.00000001E-10
   44.9004250       1.00000001E-10
   45.0923615       1.00000001E-10
   45.2843056       1.00000001E-10
   45.4762459       1.57501213E-02
   45.6681900      0.132749021    
   45.8601341      0.126499027    
   46.0520782      0.168499768    
   46.2440224      0.188900754    
   46.4359589      0.198350221    
   46.6279030      0.173499763    
   46.8198433      0.171649784    
   47.0117874      0.219251096    
   47.2037315      0.274151027    
   47.3956718      0.383299559    
   47.5876198      0.426650375    
   47.7795601      0.495999157    
   47.9715042      0.455800176    
   48.1634407      0.361750484    
   48.3553848      0.344448864    
   48.5473251      0.245399162    
   48.7392693      0.106248781    
   48.9312096       8.87512267E-02
   49.1231537      0.111899413    
   49.3150978      0.149499506    
   49.5070419      0.161101073    
   49.6989822      0.165150136    
   49.8909225      0.222651362    
   50.0828667       4.15997282E-02
   50.2748070       2.75024422E-03
   50.4667511       9.69970692E-03
   50.6586914       1.00000001E-10
   50.8506393       1.00000001E-10
   51.0425797       1.00000001E-10
   51.2345200       1.00000001E-10
   51.4264603       1.00000001E-10
   51.6184044       1.00000001E-10
   51.8103485       1.00000001E-10
   52.0022888       1.00000001E-10
   52.1942329       1.00000001E-10
   52.3861732       1.00000001E-10
   52.5781174       1.00000001E-10
   52.7700577       1.00000001E-10
   52.9620018       1.00000001E-10
   53.1539421       1.00000001E-10
   53.3458900       1.00000001E-10
   53.5378304       1.00000001E-10
   53.7297707       1.00000001E-10
   53.9217110       8.49609438E-04
   54.1136551       1.25994869E-02
   54.3055954       1.77490227E-02
   54.4975433      0.159999996    
   54.6894875      0.217899770    
   54.8814278      0.308500350    
   55.0733681      0.238551036    
   55.2653122      0.185900271    
   55.4572525      0.154050291    
   55.6491928      0.105250239    
   55.8411369       5.86993434E-02
   56.0330811       3.59490961E-02
   56.2250252       3.49499509E-02
   56.4169655      0.151701063    
   56.6089058      0.252499998    
   56.8008499      0.274550200    
   56.9927940      0.330549330    
   57.1847382      0.257500619    
   57.3766785      0.285548717    
   57.5686150      0.232799679    
   57.7605629      0.107698977    
   57.9524994       3.47491466E-02
   58.1444473       1.00000001E-10
   58.3363914       2.69958493E-03
   58.5283318       4.04504351E-02
   58.7202759       1.00000001E-10
   58.9122162       1.78509522E-02
   59.1041565       6.61511272E-02
   59.2961006      0.106400147    
   59.4880486       4.88494858E-02
   59.6799927       1.00000001E-10
   59.8719292       1.00000001E-10
   60.0638695       1.00000001E-10
   60.2558136       1.00000001E-10
   60.4477539       1.00000001E-10
   60.6396942       1.00000001E-10
   60.8316422       1.00000001E-10
   61.0235825       1.00000001E-10
   61.2155228       1.00000001E-10
   61.4074669       1.00000001E-10
   61.5994072       1.36993406E-02
   61.7913513       1.00000001E-10
   61.9832954       1.00000001E-10
   62.1752357       1.00000001E-10
   62.3671799       1.00000001E-10
   62.5591202       1.00000001E-10
   62.7510643       1.00000001E-10
   62.9430046       4.47991937E-02
   63.1349449      0.163148805    
   63.3268929      0.180250242    
   63.5188370      0.207599491    
   63.7107735      0.281250000    
   63.9027176      0.366699815    
   64.0946579      0.404600233    
   64.2865982      0.428600490    
   64.4785461      0.352400512    
   64.6704865      0.437049568    
   64.8624268      0.456750482    
   65.0543747      0.389949322    
   65.2463150      0.443599850    
   65.4382553      0.418700576    
   65.6302032      0.604649067    
   65.8221436      0.586599708    
   66.0140839      0.451300055    
   66.2060242      0.566650391    
   66.3979645      0.443551034    
   66.5899048      0.421299458    
   66.7818527      0.225750729    
   66.9737930      0.202949226    
   67.1657410      0.406949461    
   67.3576813      0.404498905    
   67.5496216      0.436248779    
   67.7415619      0.480200827    
   67.9335098      0.521099269    
   68.1254578      0.560649395    
   68.3173981      0.528801262    
   68.5093384      0.385751337    
   68.7012787      0.350400388    
   68.8932190      0.369549572    
   69.0851593      0.383200079    
   69.2770996      0.312100828    
   69.4690475      0.220050037    
   69.6609955      0.185299680    
   69.8529358      0.221801147    
   70.0448761      0.130549312    
   70.2368164       8.23504627E-02
   70.4287567      0.116699830    
   70.6207047      0.180750117    
   70.8126373      0.235749513    
   71.0045929      0.212648317    
   71.1965256      0.254450679    
   71.3884735      0.302998662    
   71.5804138      0.286849380    
   71.7723541      0.217699587    
   71.9642944      0.176399529    
   72.1562424      0.126751095    
   72.3481903      0.105249636    
   72.5401306       7.14007542E-02
   72.7320709       3.78503427E-02
   72.9240112      0.122450560    
   73.1159515      0.215549320    
   73.3078918      0.366800547    
   73.4998322      0.368699938    
   73.6917801      0.378599256    
   73.8837204      0.458950818    
   74.0756683      0.427750856    
   74.2676086      0.408999622    
   74.4595490      0.262049556    
   74.6514893      0.253999650    
   74.8434296      0.354700327    
   75.0353851      0.338200092    
   75.2273254      0.285749495    
   75.4192657      0.210849002    
   75.6112061      0.262700796    
   75.8031464      0.337650120    
   75.9950867      0.289099127    
   76.1870270      0.227500603    
   76.3789749      0.312000096    
   76.5709076      0.348900139    
   76.7628555      0.429600239    
   76.9548035      0.529150963    
   77.1467438      0.458101809    
   77.3386841      0.412749618    
   77.5306244      0.325499892    
   77.7225647      0.338400871    
   77.9145050      0.293450296    
   78.1064529       5.41497841E-02
   78.2983932       3.35479714E-02
   78.4903412      0.203049928    
   78.6822815      0.328951418    
   78.8742218      0.247849122    
   79.0661697      0.259100348    
   79.2581177      0.350750118    
   79.4500580      0.404900521    
   79.6419983      0.339700311    
   79.8339386      0.278848261    
   80.0258865      0.328500390    
   80.2178268      0.387149662    
   80.4097672      0.382749647    
   80.6016998      0.363150030    
   80.7936478      0.248500377    
   80.9855957      0.200950325    
   81.1775360      0.205250859    
   81.3694839       8.98992866E-02
   81.5614166       9.54492167E-02
   81.7533646       3.29504386E-02
   81.9452972      0.103699952    
   82.1372452      0.154399425    
   82.3291931      0.180550531    
   82.5211411      0.261199951    
   82.7130737      0.302701414    
   82.9050217      0.354899287    
   83.0969543      0.396799922    
   83.2889023      0.403299570    
   83.4808426      0.372849703    
   83.6727829      0.259400010    
   83.8647308      0.239400014    
   84.0566711      0.227250367    
   84.2486191      0.208050549    
   84.4405518      0.219199836    
   84.6324921      0.253850698    
   84.8244400      0.303600460    
   85.0163803      0.379947513    
   85.2083282      0.465050668    
   85.4002686      0.493499756    
   85.5922089      0.479199231    
   85.7841492      0.412849128    
   85.9760895      0.413198829    
   86.1680374      0.380700678    
   86.3599777      0.248499751    
   86.5519180      0.182450563    
   86.7438660      0.219550788    
   86.9358063      0.235200197    
   87.1277466      0.245400384    
   87.3197021      0.141150504    
   87.5116348      0.189100340    
   87.7035828      0.222449332    
   87.8955231      0.228950188    
   88.0874634      0.212200314    
   88.2794037      0.291700423    
   88.4713516      0.418099970    
   88.6632843      0.484749764    
   88.8552246      0.508351445    
   89.0471649      0.405298471    
   89.2391129      0.397200316    
   89.4310608      0.243200079    
   89.6230011       4.60003652E-02
   89.8149414       4.84985346E-03
   90.0068893       1.00000001E-10
   90.1988220       1.00000001E-10
   90.3907623       1.00000001E-10
   90.5827179       1.00000001E-10
   90.7746582       1.00000001E-10
   90.9665985       1.00000001E-10
   91.1585388       1.00000001E-10
   91.3504791       1.00000001E-10
   91.5424194       3.85504179E-02
   91.7343597      0.135849595    
   91.9263077      0.185600579    
   92.1182556      0.284500122    
   92.3101959      0.392800301    
   92.5021362      0.455349118    
   92.6940765      0.488199472    
   92.8860168      0.484750986    
   93.0779572      0.490250230    
   93.2698975      0.487149060    
   93.4618454      0.461150527    
   93.6537933      0.476599723    
   93.8457336      0.500749528    
   94.0376740      0.434999406    
   94.2296143      0.481649756    
   94.4215622      0.413399041    
   94.6134949      0.345698833    
   94.8054428      0.217399299    
   94.9973831       5.36004677E-02
   95.1893311       6.15002438E-02
   95.3812714       2.01501474E-02
   95.5732117       3.90008539E-02
   95.7651520       6.06011972E-02
   95.9570999      0.184550166    
   96.1490402      0.411151141    
   96.3409805      0.492149651    
   96.5329208      0.580799580    
   96.7248688      0.717849135    
   96.9168091      0.866999507    
   97.1087494      0.916049838    
   97.3007050      0.974948168    
   97.4926453       1.13885021    
   97.6845856       1.32149839    
   97.8765259       1.58185053    
   98.0684662       1.93750060    
   98.2604065       2.45169973    
   98.4523468       2.96555114    
   98.6442947       3.46010065    
   98.8362350       3.92285109    
   99.0281830       4.27109909    
   99.2201233       4.49239922    
   99.4120636       4.51524973    
   99.6040039       4.54320049    
   99.7959442       4.50679922    
   99.9878922       4.45425129    
   100.179832       4.39545059    
   100.371780       4.30725050    
   100.563713       4.27269936    
   100.755653       4.09509993    
   100.947601       3.80199957    
   101.139542       3.40419984    
   101.331490       2.89244986    
   101.523438       2.34805059    
   101.715378       1.76975036    
   101.907303       1.24570060    
   102.099258      0.803751230    
   102.291199      0.483449697    
   102.483139      0.265051275    
   102.675079      0.129850477    
   102.867027       6.25518784E-02
   103.058968       2.24505626E-02
   103.250916       7.15026865E-03
   103.442856       4.35302779E-03
   103.634796       1.89697277E-03
   103.826736       1.64672849E-03
   104.018692       3.94897489E-03
   104.210625       3.19824228E-03
   104.402557       4.19921894E-03
   104.594505       3.39843752E-03
   104.786453       1.85058592E-03
   104.978394       1.45141594E-03
   105.170334       1.00097728E-04
   105.362282       1.35131844E-03
   105.554222       6.00585947E-04
   105.746155       1.00000001E-10
   105.938110       1.50146501E-04
   106.130051       2.00195340E-04
   106.321983       1.30126951E-03
   106.513931       5.00488328E-04
   106.705872       4.00390651E-04
   106.897812       3.50341783E-04
   107.089767       5.00488895E-05
   107.281708       1.00000001E-10
   107.473640       1.00000001E-10
   107.665588       1.00000001E-10
   107.857529       1.00000001E-10
