2.484000	0.000000
2.488800	0.000000
2.493600	0.002601
2.498400	0.009459
2.503200	0.011874
2.508000	0.029525
2.512800	0.046983
2.517600	0.070810
2.522400	0.089100
2.527200	0.113949
2.532000	0.150196
2.536800	0.173748
2.541600	0.208442
2.546400	0.248851
2.551200	0.293968
2.556000	0.327630
2.560800	0.364406
2.565600	0.419835
2.570400	0.458550
2.575200	0.511255
2.580000	0.575866
2.584800	0.645715
2.589600	0.702751
2.594400	0.769223
2.599200	0.834466
2.604000	0.907168
2.608800	0.979196
2.613600	1.043858
2.618400	1.133594
2.623200	1.221333
2.628000	1.309578
2.632800	1.403981
2.637600	1.502213
2.642400	1.607002
2.647200	1.711550
2.652000	1.804035
2.656800	1.907713
2.661600	2.027830
2.666400	2.135006
2.671200	2.275121
2.676000	2.389484
2.680800	2.498866
2.685600	2.617374
2.690400	2.760242
2.695200	2.885719
2.700000	3.024398
2.704800	3.157985
2.709600	3.288990
2.714400	3.434706
2.719200	3.579698
2.724000	3.723098
2.728800	3.868235
2.733600	4.004893
2.738400	4.133761
2.743200	4.261819
2.748000	4.413164
2.752800	4.555352
2.757600	4.701317
2.762400	4.840379
2.767200	4.986956
2.772000	5.112655
2.776800	5.262565
2.781600	5.414984
2.786400	5.555057
2.791200	5.695806
2.796000	5.838820
2.800800	5.965757
2.805600	6.115179
2.810400	6.265821
2.815200	6.386308
2.820000	6.523197
2.824800	6.670066
2.829600	6.809183
2.834400	6.934565
2.839200	7.068129
2.844000	7.192926
2.848800	7.309774
2.853600	7.439443
2.858400	7.546228
2.863200	7.658561
2.868000	7.772141
2.872800	7.869687
2.877600	7.971209
2.882400	8.052645
2.887200	8.146422
2.892000	8.237412
2.896800	8.335160
2.901600	8.408973
2.906400	8.478209
2.911200	8.545452
2.916000	8.613190
2.920800	8.673492
2.925600	8.721166
2.930400	8.773386
2.935200	8.804509
2.940000	8.834201
2.944800	8.873552
2.949600	8.899902
2.954400	8.903389
2.959200	8.903594
2.964000	8.906441
2.968800	8.911599
2.973600	8.918377
2.978400	8.919243
2.983200	8.915722
2.988000	8.920735
2.992800	8.897081
2.997600	8.863533
3.002400	8.832313
3.007200	8.794059
3.012000	8.757490
3.016800	8.722954
3.021600	8.679902
3.026400	8.627525
3.031200	8.565470
3.036000	8.509545
3.040800	8.450250
3.045600	8.381424
3.050400	8.306589
3.055200	8.233364
3.060000	8.151160
3.064800	8.058642
3.069600	7.965071
3.074400	7.888621
3.079200	7.798557
3.084000	7.710794
3.088800	7.620200
3.093600	7.532321
3.098400	7.421567
3.103200	7.317217
3.108000	7.205138
3.112800	7.089707
3.117600	6.980203
3.122400	6.882018
3.127200	6.779967
3.132000	6.674730
3.136800	6.564579
3.141600	6.447780
3.146400	6.343857
3.151200	6.226115
3.156000	6.115858
3.160800	6.008779
3.165600	5.895297
3.170400	5.783189
3.175200	5.671053
3.180000	5.560754
3.184800	5.460660
3.189600	5.359986
3.194400	5.249528
3.199200	5.145071
3.204000	5.026303
3.208800	4.923516
3.213600	4.817935
3.218400	4.715593
3.223200	4.600958
3.228000	4.495956
3.232800	4.383957
3.237600	4.278823
3.242400	4.174916
3.247200	4.068988
3.252000	3.958153
3.256800	3.856520
3.261600	3.747283
3.266400	3.655460
3.271200	3.570010
3.276000	3.486765
3.280800	3.390165
3.285600	3.305754
3.290400	3.217813
3.295200	3.138819
3.300000	3.055531
3.304800	2.985566
3.309600	2.905066
3.314400	2.821494
3.319200	2.753656
3.324000	2.680745
3.328800	2.610760
3.333600	2.547177
3.338400	2.475549
3.343200	2.404786
3.348000	2.348383
3.352800	2.285710
3.357600	2.212228
3.362400	2.149320
3.367200	2.085223
3.372000	2.025466
3.376800	1.968249
3.381600	1.913253
3.386400	1.853065
3.391200	1.803146
3.396000	1.754446
3.400800	1.703371
3.405600	1.655578
3.410400	1.603699
3.415200	1.568080
3.420000	1.523468
3.424800	1.476396
3.429600	1.426448
3.434400	1.387995
3.439200	1.344932
3.444000	1.302056
3.448800	1.255605
3.453600	1.211543
3.458400	1.171974
3.463200	1.133235
3.468000	1.100282
3.472800	1.069638
3.477600	1.033648
3.482400	1.001090
3.487200	0.974113
3.492000	0.951797
3.496800	0.924988
3.501600	0.899194
3.506400	0.865572
3.511200	0.835981
3.516000	0.804942
3.520800	0.773699
3.525600	0.748018
3.530400	0.726003
3.535200	0.699805
3.540000	0.681462
3.544800	0.659188
3.549600	0.632253
3.554400	0.609857
3.559200	0.590208
3.564000	0.574581
3.568800	0.555890
3.573600	0.533794
3.578400	0.516534
3.583200	0.501016
3.588000	0.483812
3.592800	0.470533
3.597600	0.460338
3.602400	0.454125
3.607200	0.436221
3.612000	0.423294
3.616800	0.408548
3.621600	0.395767
3.626400	0.379259
3.631200	0.370710
3.636000	0.362980
3.640800	0.359646
3.645600	0.355586
3.650400	0.345926
3.655200	0.335174
3.660000	0.323206
3.664800	0.315119
3.669600	0.307017
3.674400	0.305383
3.679200	0.298507
3.684000	0.296719
3.688800	0.290763
3.693600	0.281043
3.698400	0.275193
3.703200	0.271232
3.708000	0.267351
3.712800	0.261504
3.717600	0.253842
3.722400	0.245542
3.727200	0.239792
3.732000	0.236300
3.736800	0.230594
3.741600	0.225111
3.746400	0.219849
3.751200	0.214804
3.756000	0.209973
3.760800	0.205353
3.765600	0.200941
3.770400	0.196733
3.775200	0.192727
3.780000	0.188919
3.784800	0.185306
3.789600	0.181886
3.794400	0.178654
3.799200	0.175608
3.804000	0.172745
3.808800	0.170061
3.813600	0.167554
3.818400	0.165220
3.823200	0.163056
3.828000	0.161059
3.832800	0.159226
3.837600	0.157553
3.842400	0.156038
3.847200	0.154678
3.852000	0.153469
3.856800	0.152408
3.861600	0.151492
3.866400	0.150717
3.871200	0.150082
3.876000	0.149582
3.880800	0.149215
3.885600	0.148977
3.890400	0.148865
3.895200	0.148876
3.900000	0.149007
3.904800	0.149255
3.909600	0.149616
3.914400	0.150088
3.919200	0.150668
3.924000	0.151351
3.928800	0.152136
3.933600	0.153018
3.938400	0.153996
3.943200	0.155065
3.948000	0.156222
3.952800	0.157465
3.957600	0.158791
3.962400	0.160195
3.967200	0.161675
3.972000	0.163228
3.976800	0.164851
3.981600	0.166541
3.986400	0.168294
3.991200	0.170107
3.996000	0.171977
