0  0  0    9743.01  0.00129826   0.00129826   1  2  20  -3.35738
1  1  1    9714.45  28.5543      10.79        1  2  21  -3.35738
2  2  2    17.7642  2.79044e-05  2.79044e-05  1  2  22  -3.35738
3  3  3    17.7621  0.00216365   0.00216365   1  2  23  -3.35738
4  4  4    17.7509  0.0112       0.0112       1  2  24  -3.35738
5  5  5    17.7397  0.0112       0.0112       1  2  25  -3.35738
6  6  6    17.7285  0.0112       0.0112       1  2  26  -3.35738
7  7  7    9743.01  0.00129826   0.00129826   1  2  27  -3.35738
8  8  8    9714.45  28.5543      10.79        1  2  28  -3.35738
9  9  9    17.7642  2.79044e-05  2.79044e-05  1  2  29  -3.35738
10 10 10   17.7621  0.00216365   0.00216365   1  2  30  -3.35738
11 11 11   17.7509  0.0112       0.0112       1  2  31  -3.35738
12 12 12   17.7397  0.0112       0.0112       1  2  32  -3.35738
13 13 13   17.7285  0.0112       0.0112       1  2  33  -3.35738
14 14 14   17.7285  0.0112       0.0112       1  2  34  -3.35738
15 15 15   17.7285  0.0112       0.0112       1  2  35  -3.35738
16 16 16   17.7285  0.0112       0.0112       1  2  36  -3.35738
17 17 17   17.7285  0.0112       0.0112       1  2  37  -3.35738
18 18 18   17.7285  0.0112       0.0112       1  2  38  -3.35738
19 19 19   17.7285  0.0112       0.0112       1  2  39  -3.35738

