
# Elastic

   -0.05                 0  
    0.05         0.0161799  
    0.15        0.00975477  
    0.25         0.0100565  
    0.35         0.0101784  
    0.45         0.0103727  
    0.55         0.0105029  
    0.65         0.0106524  
    0.75         0.0108207  
    0.85         0.0109313  
    0.95          0.011195  
    1.05         0.0111297  
    1.15         0.0114911  
    1.25         0.0117072  
    1.35         0.0118164  
    1.45         0.0121591  
    1.55         0.0124701  
    1.65         0.0126192  
    1.75         0.0129209  
    1.85          0.013091  
    1.95         0.0134474  
    2.05         0.0137911  
    2.15         0.0139668  
    2.25         0.0142845  
    2.35         0.0147338  
    2.45         0.0150017  
    2.55         0.0154495  
    2.65         0.0156659  
    2.75          0.016296  
    2.85         0.0166072  
    2.95         0.0168995  
    3.05         0.0174136  
    3.15         0.0180497  
    3.25         0.0183286  
    3.35         0.0186831  
    3.45         0.0190755  
    3.55         0.0193069  
    3.65         0.0196002  
    3.75         0.0196696  
    3.85          0.019819  
    3.95         0.0201807  
    4.05         0.0202885  
    4.15          0.020366  
    4.25         0.0200699  
    4.35          0.019956  
    4.45         0.0195944  
    4.55         0.0195367  
    4.65         0.0192782  
    4.75         0.0188283  
    4.85         0.0185376  
    4.95         0.0178996  
    5.05         0.0172592  
    5.15          0.016316  
    5.25         0.0157677  
    5.35         0.0150848  
    5.45         0.0143091  
    5.55         0.0135148  
    5.65          0.012693  
    5.75         0.0119805  
    5.85         0.0112676  
    5.95         0.0103611  
    6.05         0.0093868  
    6.15        0.00877294  
    6.25        0.00803296  
    6.35        0.00721866  
    6.45        0.00671394  
    6.55        0.00594541  
    6.65        0.00541284  
    6.75        0.00489706  
    6.85        0.00433924  
    6.95        0.00386316  
    7.05        0.00350364  
    7.15         0.0030186  
    7.25        0.00268158  
    7.35         0.0024679  
    7.45        0.00214028  
    7.55        0.00184284  
    7.65         0.0015335  
    7.75        0.00136225  
    7.85        0.00116067  
    7.95         0.0010598  
    8.05       0.000868845  
    8.15       0.000714148  
    8.25       0.000616497  
    8.35       0.000528526  
    8.45       0.000446121  
    8.55        0.00033265  
    8.65       0.000314894  
    8.75       0.000279681  
    8.85       0.000238751  
    8.95       0.000212135  
    9.05       0.000174848  
    9.15       0.000139757  
    9.25       0.000105433  
    9.35       9.10265e-05  
    9.45       7.57578e-05  
    9.55       5.96224e-05  
    9.65       4.49851e-05  
    9.75        3.0649e-05  
    9.85       2.67174e-05  
    9.95       1.39195e-05  
   10.05                 0  


# Moment Transf

   -0.05                 0  
    0.05         0.0162302  
    0.15        0.00989108  
    0.25         0.0104024  
    0.35         0.0104085  
    0.45         0.0105201  
    0.55         0.0107211  
    0.65         0.0111365  
    0.75         0.0109818  
    0.85         0.0110763  
    0.95         0.0116375  
    1.05         0.0117982  
    1.15         0.0121335  
    1.25          0.012424  
    1.35         0.0126286  
    1.45         0.0129846  
    1.55         0.0135519  
    1.65         0.0134713  
    1.75         0.0136095  
    1.85         0.0140072  
    1.95         0.0142939  
    2.05         0.0148516  
    2.15         0.0155279  
    2.25         0.0154765  
    2.35         0.0157259  
    2.45         0.0160958  
    2.55         0.0166742  
    2.65         0.0169098  
    2.75         0.0170885  
    2.85         0.0176832  
    2.95         0.0183111  
    3.05         0.0187311  
    3.15         0.0188572  
    3.25         0.0194441  
    3.35         0.0196667  
    3.45         0.0198504  
    3.55         0.0199181  
    3.65         0.0203705  
    3.75          0.020707  
    3.85         0.0208781  
    3.95         0.0202154  
    4.05         0.0208545  
    4.15         0.0205963  
    4.25         0.0204079  
    4.35         0.0200355  
    4.45         0.0194995  
    4.55         0.0193642  
    4.65         0.0188223  
    4.75         0.0184985  
    4.85         0.0179394  
    4.95         0.0174495  
    5.05         0.0166902  
    5.15         0.0158566  
    5.25          0.014581  
    5.35         0.0137732  
    5.45         0.0129978  
    5.55         0.0125202  
    5.65          0.011162  
    5.75         0.0102766  
    5.85        0.00965822  
    5.95        0.00899476  
    6.05        0.00805785  
    6.15        0.00731606  
    6.25        0.00711492  
    6.35        0.00589324  
    6.45        0.00535044  
    6.55        0.00508237  
    6.65        0.00444488  
    6.75        0.00398276  
    6.85        0.00352446  
    6.95        0.00307145  
    7.05        0.00268405  
    7.15        0.00242314  
    7.25        0.00205926  
    7.35        0.00156361  
    7.45        0.00153307  
    7.55        0.00135124  
    7.65        0.00125818  
    7.75       0.000959593  
    7.85       0.000793584  
    7.95       0.000684893  
    8.05       0.000592004  
    8.15       0.000595257  
    8.25       0.000474394  
    8.35        0.00042259  
    8.45       0.000270172  
    8.55       0.000287411  
    8.65       0.000171862  
    8.75       0.000158276  
    8.85        0.00014166  
    8.95       0.000120341  
    9.05       0.000153424  
    9.15       8.22551e-05  
    9.25       5.84142e-05  
    9.35       9.50473e-05  
    9.45       5.97602e-05  
    9.55       7.58677e-05  
    9.65        5.0872e-05  
    9.75       3.86516e-05  
    9.85       1.46096e-05  
    9.95       4.66103e-06  
   10.05                 0  


# New

    0.05         0.0157866  
    0.15        0.00970018  
    0.25         0.0101624  
    0.35         0.0104671  
    0.45         0.0105404  
    0.55         0.0106307  
    0.65         0.0109199  
    0.75         0.0113218  
    0.85          0.011308  
    0.95         0.0114886  
    1.05         0.0114577  
    1.15         0.0120916  
    1.25          0.011869  
    1.35         0.0119884  
    1.45         0.0123886  
    1.55          0.012561  
    1.65         0.0129281  
    1.75         0.0132953  
    1.85         0.0132451  
    1.95         0.0133515  
    2.05         0.0141911  
    2.15         0.0143231  
    2.25         0.0151646  
    2.35         0.0155231  
    2.45         0.0156988  
    2.55         0.0157426  
    2.65         0.0164428  
    2.75         0.0169471  
    2.85         0.0174037  
    2.95         0.0175559  
    3.05         0.0177736  
    3.15         0.0182716  
    3.25          0.018825  
    3.35         0.0190095  
    3.45          0.019257  
    3.55         0.0196235  
    3.65         0.0199181  
    3.75         0.0203654  
    3.85         0.0200334  
    3.95         0.0198986  
    4.05         0.0201145  
    4.15         0.0202541  
    4.25         0.0202414  
    4.35         0.0205101  
    4.45         0.0198267  
    4.55         0.0193202  
    4.65          0.019675  
    4.75         0.0181735  
    4.85         0.0178402  
    4.95         0.0170629  
    5.05         0.0167491  
    5.15         0.0162002  
    5.25         0.0154979  
    5.35         0.0145311  
    5.45         0.0133203  
    5.55         0.0123547  
    5.65         0.0114538  
    5.75         0.0112782  
    5.85         0.0103812  
    5.95        0.00962718  
    6.05         0.0091356  
    6.15        0.00869978  
    6.25        0.00800435  
    6.35        0.00724116  
    6.45        0.00627378  
    6.55        0.00579913  
    6.65        0.00506658  
    6.75        0.00470264  
    6.85        0.00434077  
    6.95         0.0036398  
    7.05        0.00306419  
    7.15        0.00282739  
    7.25         0.0023705  
    7.35        0.00210474  
    7.45        0.00188963  
    7.55        0.00156274  
    7.65        0.00129699  
    7.75        0.00138794  
    7.85        0.00100407  
    7.95        0.00085043  
    8.05       0.000682517  
    8.15       0.000620972  
    8.25       0.000584884  
    8.35       0.000490577  
    8.45        0.00044556  
    8.55        0.00044393  
    8.65       0.000340379  
    8.75       0.000228259  
    8.85       0.000204064  
    8.95       0.000174983  
    9.05       0.000209348  
    9.15       0.000154365  
    9.25       9.17949e-05  
    9.35       5.41319e-05  
    9.45       4.30082e-05  
    9.55       1.52148e-05  
    9.65       1.10866e-05  
    9.75       1.64558e-05  
    9.85       3.24149e-05  
    9.95       1.12193e-05  
