   5.07886820E-02   3.27011949E-05
   7.07886815E-02   1.09299945E-04
   9.07886773E-02   1.89357816E-04
  0.110788681       2.71378609E-04
  0.130788684       4.33206471E-04
  0.150788680       6.30196300E-04
  0.170788676       8.88906652E-04
  0.190788686       1.58974179E-03
  0.210788682       2.59702816E-03
  0.230788678       4.23953915E-03
  0.250788659       5.14840055E-03
  0.270788670       6.04794454E-03
  0.290788680       6.62565185E-03
  0.310788661       7.08690938E-03
  0.330788672       7.63130933E-03
  0.350788653       7.98930600E-03
  0.370788664       8.25678091E-03
  0.390788674       8.59572459E-03
  0.410788655       8.75669252E-03
  0.430788666       8.85797013E-03
  0.450788647       8.98892246E-03
  0.470788658       9.16616991E-03
  0.490788668       9.49505530E-03
  0.510788679       1.00867711E-02
  0.530788660       9.92466044E-03
  0.550788701       9.19361971E-03
  0.570788682       9.12399217E-03
  0.590788662       9.07315966E-03
  0.610788703       9.03128926E-03
  0.630788684       8.93175229E-03
  0.650788665       8.90591182E-03
  0.670788705       8.85119569E-03
  0.690788686       8.78549740E-03
  0.710788667       8.73494335E-03
  0.730788708       8.64990614E-03
  0.750788689       8.62272829E-03
  0.770788670       8.56703520E-03
  0.790788710       8.50526057E-03
  0.810788691       8.42902437E-03
  0.830788672       8.38006008E-03
  0.850788653       8.33903532E-03
  0.870788693       8.31364281E-03
  0.890788674       8.24532192E-03
  0.910788655       8.16995744E-03
  0.930788696       8.09595827E-03
  0.950788677       8.05784110E-03
  0.970788658       7.99179077E-03
  0.990788698       7.93062896E-03
   1.01078868       7.82584678E-03
   1.03078866       7.81956594E-03
   1.05078864       7.73683889E-03
   1.07078862       7.68982852E-03
   1.09078860       7.56352209E-03
   1.11078858       7.48970406E-03
   1.13078856       7.41820503E-03
   1.15078866       7.33952550E-03
   1.17078865       7.29743950E-03
   1.19078863       7.23194098E-03
   1.21078861       7.13557703E-03
   1.23078859       7.06729153E-03
   1.25078857       7.00809993E-03
   1.27078867       6.93733618E-03
   1.29078865       6.89750817E-03
   1.31078863       6.75777439E-03
   1.33078861       6.69008214E-03
   1.35078859       6.59132702E-03
   1.37078857       6.53380575E-03
   1.39078856       6.52729440E-03
   1.41078866       6.43861387E-03
   1.43078864       6.35346584E-03
   1.45078862       6.24913070E-03
   1.47078860       6.19398942E-03
   1.49078858       6.08789874E-03
   1.51078856       6.01693615E-03
   1.53078866       5.97857824E-03
   1.55078864       5.90570411E-03
   1.57078862       5.85349463E-03
   1.59078860       5.80223091E-03
   1.61078858       5.75120142E-03
   1.63078856       5.66236442E-03
   1.65078855       5.59790386E-03
   1.67078865       5.53084584E-03
   1.69078863       5.45425527E-03
   1.71078861       5.40748844E-03
   1.73078859       5.38483961E-03
   1.75078857       5.32726478E-03
   1.77078855       5.28337387E-03
   1.79078865       5.18140616E-03
   1.81078863       5.13904262E-03
   1.83078861       5.07178018E-03
   1.85078859       5.01334388E-03
   1.87078857       5.00771450E-03
   1.89078856       4.93576797E-03
   1.91078866       4.87853400E-03
   1.93078864       4.79753548E-03
   1.95078862       4.77021607E-03
   1.97078860       4.73002531E-03
   1.99078858       4.67073079E-03
   2.01078868       4.58501512E-03
   2.03078866       4.53364477E-03
   2.05078864       4.47915820E-03
   2.07078862       4.42073261E-03
   2.09078860       4.37929947E-03
   2.11078858       4.36759926E-03
   2.13078856       4.32866160E-03
   2.15078855       4.27554734E-03
   2.17078853       4.21103276E-03
   2.19078851       4.14732611E-03
   2.21078849       4.11103945E-03
   2.23078871       4.11237916E-03
   2.25078869       4.02898155E-03
   2.27078867       4.00138320E-03
   2.29078865       3.97918746E-03
   2.31078863       3.92423058E-03
   2.33078861       3.86321382E-03
   2.35078859       3.80425830E-03
   2.37078857       3.76508874E-03
   2.39078856       3.75198922E-03
   2.41078854       3.69152171E-03
   2.43078852       3.65676754E-03
   2.45078850       3.63340741E-03
   2.47078848       3.58979730E-03
   2.49078870       3.54237575E-03
   2.51078868       3.48429382E-03
   2.53078866       3.46385082E-03
   2.55078864       3.43643571E-03
   2.57078862       3.40931048E-03
   2.59078860       3.40032391E-03
   2.61078858       3.31864716E-03
   2.63078856       3.29510844E-03
   2.65078855       3.26465466E-03
   2.67078853       3.20758857E-03
   2.69078851       3.18739936E-03
   2.71078849       3.16320243E-03
   2.73078847       3.11449636E-03
   2.75078869       3.07004596E-03
   2.77078867       3.01612029E-03
   2.79078865       2.97638192E-03
   2.81078863       2.94295629E-03
   2.83078861       2.91619007E-03
   2.85078859       2.90990667E-03
   2.87078857       2.88148853E-03
   2.89078856       2.85436958E-03
   2.91078854       2.83128326E-03
   2.93078852       2.77423649E-03
   2.95078850       2.73859082E-03
   2.97078848       2.71516317E-03
   2.99078846       2.71344744E-03
   3.01078868       2.66370876E-03
   3.03078866       2.63962359E-03
   3.05078864       2.63992907E-03
   3.07078862       2.60768295E-03
   3.09078860       2.57012295E-03
   3.11078858       2.53374549E-03
   3.13078856       2.51259748E-03
   3.15078855       2.51403917E-03
   3.17078853       2.48157745E-03
   3.19078851       2.45861267E-03
   3.21078849       2.41780770E-03
   3.23078847       2.38231733E-03
   3.25078845       2.35877302E-03
   3.27078867       2.34941649E-03
   3.29078865       2.31579854E-03
   3.31078863       2.29008496E-03
   3.33078861       2.28558946E-03
   3.35078859       2.26342445E-03
   3.37078857       2.24368810E-03
   3.39078856       2.21396447E-03
   3.41078854       2.17641867E-03
   3.43078852       2.15900969E-03
   3.45078850       2.16325698E-03
   3.47078848       2.12385389E-03
   3.49078846       2.09475914E-03
   3.51078868       2.06034631E-03
   3.53078866       2.02729832E-03
   3.55078864       2.00237753E-03
   3.57078862       1.98156619E-03
   3.59078860       1.96174183E-03
   3.61078858       1.95077620E-03
   3.63078856       1.94920646E-03
   3.65078855       1.92176551E-03
   3.67078853       1.89942401E-03
   3.69078851       1.87324022E-03
   3.71078849       1.84221403E-03
   3.73078847       1.82846654E-03
   3.75078845       1.81901525E-03
   3.77078867       1.80101627E-03
   3.79078865       1.78603164E-03
   3.81078863       1.77417963E-03
   3.83078861       1.73385360E-03
   3.85078859       1.71577570E-03
   3.87078857       1.70414650E-03
   3.89078856       1.67828577E-03
   3.91078854       1.67438493E-03
   3.93078852       1.65806012E-03
   3.95078850       1.63557974E-03
   3.97078848       1.61989895E-03
   3.99078846       1.59003341E-03
   4.01078844       1.56279129E-03
   4.03078890       1.55017199E-03
   4.05078888       1.52624235E-03
   4.07078886       1.50309445E-03
   4.09078884       1.48852426E-03
   4.11078882       1.47831033E-03
   4.13078880       1.45749946E-03
   4.15078878       1.43233512E-03
   4.17078876       1.41688611E-03
   4.19078875       1.40873168E-03
   4.21078873       1.41313823E-03
   4.23078871       1.37431675E-03
   4.25078869       1.35714666E-03
   4.27078867       1.35213684E-03
   4.29078865       1.33523450E-03
   4.31078863       1.32017315E-03
   4.33078861       1.30874699E-03
   4.35078859       1.27870415E-03
   4.37078857       1.26107724E-03
   4.39078856       1.25572307E-03
   4.41078901       1.24179560E-03
   4.43078899       1.22943707E-03
   4.45078897       1.22175703E-03
   4.47078896       1.20013312E-03
   4.49078894       1.17402303E-03
   4.51078892       1.17374782E-03
   4.53078890       1.13978819E-03
   4.55078888       1.11674180E-03
   4.57078886       1.10078254E-03
   4.59078884       1.09475804E-03
   4.61078882       1.08257600E-03
   4.63078880       1.06991641E-03
   4.65078878       1.06253615E-03
   4.67078876       1.02794333E-03
   4.69078875       1.00764481E-03
   4.71078873       9.94504546E-04
   4.73078871       9.93135851E-04
   4.75078869       9.67052067E-04
   4.77078867       9.46355227E-04
   4.79078865       9.33082774E-04
   4.81078863       9.31779505E-04
   4.83078861       9.16778343E-04
   4.85078859       9.04089713E-04
   4.87078857       8.91597942E-04
   4.89078856       8.59360327E-04
   4.91078854       8.41307803E-04
   4.93078899       8.32157501E-04
   4.95078897       8.13030347E-04
   4.97078896       7.92811275E-04
   4.99078894       7.77993875E-04
   5.01078892       7.67568126E-04
   5.03078890       7.66723009E-04
   5.05078888       7.54533743E-04
   5.07078886       7.42350647E-04
   5.09078884       7.35055772E-04
   5.11078882       7.04799953E-04
   5.13078880       6.83753169E-04
   5.15078878       6.73670089E-04
   5.17078876       6.83001417E-04
   5.19078875       6.60015678E-04
   5.21078873       6.42725558E-04
   5.23078871       6.31469127E-04
   5.25078869       6.32469717E-04
   5.27078867       5.91946475E-04
   5.29078865       5.62803063E-04
   5.31078863       5.44328534E-04
   5.33078861       5.34056919E-04
   5.35078859       5.41807211E-04
   5.37078857       5.10112790E-04
   5.39078856       4.78693168E-04
   5.41078854       4.60489042E-04
   5.43078899       4.52338747E-04
   5.45078897       4.36495728E-04
   5.47078896       4.19574470E-04
   5.49078894       3.94552539E-04
   5.51078892       3.71781527E-04
   5.53078890       3.58307647E-04
   5.55078888       3.52608418E-04
   5.57078886       3.29655129E-04
   5.59078884       3.14726029E-04
   5.61078882       3.10366566E-04
   5.63078880       2.95615202E-04
   5.65078878       2.79030413E-04
   5.67078876       2.60209374E-04
   5.69078875       2.48589175E-04
   5.71078873       2.36439591E-04
   5.73078871       2.27230281E-04
   5.75078869       2.19122623E-04
   5.77078867       1.97458721E-04
   5.79078865       1.76022746E-04
   5.81078863       1.68667422E-04
   5.83078861       1.56555936E-04
   5.85078859       1.29538632E-04
   5.87078857       1.21772522E-04
